0.0000 1.1868
0.50000 1.1837
1.0000 1.1746
1.5000 1.1595
2.0000 1.1386
2.5000 1.1122
3.0000 1.0807
3.5000 1.0444
4.0000 1.0038
4.5000 0.95945
5.0000 0.91187
5.5000 0.86163
6.0000 0.80934
6.5000 0.75561
7.0000 0.70105
7.5000 0.64625
8.0000 0.59180
8.5000 0.53826
9.0000 0.48615
9.5000 0.43594
10.000 0.38808
10.500 0.34295
11.000 0.30087
11.500 0.26211
12.000 0.22688
12.500 0.19534
13.000 0.16756
13.500 0.14360
14.000 0.12342
14.500 0.10697
15.000 0.94112E-01
15.500 0.84699E-01
16.000 0.78535E-01
16.500 0.75392E-01
17.000 0.75019E-01
17.500 0.77144E-01
18.000 0.81480E-01
18.500 0.87734E-01
19.000 0.95607E-01
19.500 0.10480
20.000 0.11503
20.500 0.12600
21.000 0.13745
21.500 0.14913
22.000 0.16080
22.500 0.17224
23.000 0.18327
23.500 0.19370
24.000 0.20341
24.500 0.21225
25.000 0.22012
25.500 0.22696
26.000 0.23269
26.500 0.23727
27.000 0.24069
27.500 0.24294
28.000 0.24403
28.500 0.24399
29.000 0.24285
29.500 0.24066
30.000 0.23749
30.500 0.23338
31.000 0.22843
31.500 0.22269
32.000 0.21625
32.500 0.20919
33.000 0.20160
33.500 0.19356
34.000 0.18514
34.500 0.17644
35.000 0.16752
35.500 0.15847
36.000 0.14936
36.500 0.14026
37.000 0.13123
37.500 0.12235
38.000 0.11365
38.500 0.10520
39.000 0.97052E-01
39.500 0.89239E-01
40.000 0.81803E-01
40.500 0.74780E-01
41.000 0.68200E-01
41.500 0.62087E-01
42.000 0.56464E-01
42.500 0.51348E-01
43.000 0.46754E-01
43.500 0.42691E-01
44.000 0.39166E-01
44.500 0.36184E-01
45.000 0.33746E-01
45.500 0.31851E-01
46.000 0.30494E-01
46.500 0.29671E-01
47.000 0.29373E-01
47.500 0.29591E-01
48.000 0.30313E-01
48.500 0.31528E-01
49.000 0.33220E-01
49.500 0.35374E-01
50.000 0.37974E-01
50.500 0.41001E-01
51.000 0.44437E-01
51.500 0.48260E-01
52.000 0.52449E-01
52.500 0.56981E-01
53.000 0.61832E-01
53.500 0.66975E-01
54.000 0.72385E-01
54.500 0.78032E-01
55.000 0.83888E-01
55.500 0.89921E-01
56.000 0.96099E-01
56.500 0.10239
57.000 0.10876
57.500 0.11517
58.000 0.12159
58.500 0.12798
59.000 0.13431
59.500 0.14053
60.000 0.14662
60.500 0.15253
61.000 0.15823
61.500 0.16370
62.000 0.16889
62.500 0.17377
63.000 0.17832
63.500 0.18251
64.000 0.18632
64.500 0.18972
65.000 0.19270
65.500 0.19525
66.000 0.19734
66.500 0.19898
67.000 0.20015
67.500 0.20086
68.000 0.20111
68.500 0.20090
69.000 0.20023
69.500 0.19913
70.000 0.19760
70.500 0.19566
71.000 0.19333
71.500 0.19062
72.000 0.18757
72.500 0.18419
73.000 0.18051
73.500 0.17656
74.000 0.17236
74.500 0.16794
75.000 0.16332
75.500 0.15855
76.000 0.15363
76.500 0.14860
77.000 0.14349
77.500 0.13833
78.000 0.13313
78.500 0.12792
79.000 0.12273
79.500 0.11757
80.000 0.11247
80.500 0.10744
81.000 0.10251
81.500 0.97699E-01
82.000 0.93011E-01
82.500 0.88467E-01
83.000 0.84081E-01
83.500 0.79864E-01
84.000 0.75828E-01
84.500 0.71984E-01
85.000 0.68340E-01
85.500 0.64906E-01
86.000 0.61689E-01
86.500 0.58694E-01
87.000 0.55927E-01
87.500 0.53392E-01
88.000 0.51092E-01
88.500 0.49030E-01
89.000 0.47207E-01
89.500 0.45623E-01
90.000 0.44276E-01
90.500 0.43166E-01
91.000 0.42288E-01
91.500 0.41639E-01
92.000 0.41214E-01
92.500 0.41006E-01
93.000 0.41007E-01
93.500 0.41209E-01
94.000 0.41602E-01
94.500 0.42175E-01
95.000 0.42917E-01
95.500 0.43815E-01
96.000 0.44855E-01
96.500 0.46023E-01
97.000 0.47303E-01
97.500 0.48681E-01
98.000 0.50140E-01
98.500 0.51663E-01
99.000 0.53235E-01
99.500 0.54837E-01
100.00 0.56454E-01
100.50 0.58070E-01
101.00 0.59668E-01
101.50 0.61233E-01
102.00 0.62751E-01
102.50 0.64207E-01
103.00 0.65590E-01
103.50 0.66888E-01
104.00 0.68089E-01
104.50 0.69185E-01
105.00 0.70169E-01
105.50 0.71034E-01
106.00 0.71775E-01
106.50 0.72389E-01
107.00 0.72874E-01
107.50 0.73230E-01
108.00 0.73458E-01
108.50 0.73560E-01
109.00 0.73540E-01
109.50 0.73403E-01
110.00 0.73155E-01
110.50 0.72803E-01
111.00 0.72354E-01
111.50 0.71817E-01
112.00 0.71201E-01
112.50 0.70516E-01
113.00 0.69770E-01
113.50 0.68974E-01
114.00 0.68137E-01
114.50 0.67269E-01
115.00 0.66378E-01
115.50 0.65474E-01
116.00 0.64564E-01
116.50 0.63656E-01
117.00 0.62756E-01
117.50 0.61869E-01
118.00 0.61001E-01
118.50 0.60156E-01
119.00 0.59335E-01
119.50 0.58541E-01
120.00 0.57775E-01
120.50 0.57036E-01
121.00 0.56323E-01
121.50 0.55635E-01
122.00 0.54968E-01
122.50 0.54319E-01
123.00 0.53683E-01
123.50 0.53055E-01
124.00 0.52430E-01
124.50 0.51803E-01
125.00 0.51166E-01
125.50 0.50515E-01
126.00 0.49842E-01
126.50 0.49142E-01
127.00 0.48409E-01
127.50 0.47636E-01
128.00 0.46819E-01
128.50 0.45954E-01
129.00 0.45035E-01
129.50 0.44060E-01
130.00 0.43026E-01
130.50 0.41931E-01
131.00 0.40775E-01
131.50 0.39557E-01
132.00 0.38279E-01
132.50 0.36942E-01
133.00 0.35550E-01
133.50 0.34106E-01
134.00 0.32615E-01
134.50 0.31084E-01
135.00 0.29519E-01
135.50 0.27927E-01
136.00 0.26316E-01
136.50 0.24697E-01
137.00 0.23077E-01
137.50 0.21468E-01
138.00 0.19880E-01
138.50 0.18323E-01
139.00 0.16808E-01
139.50 0.15346E-01
140.00 0.13949E-01
140.50 0.12626E-01
141.00 0.11389E-01
141.50 0.10247E-01
142.00 0.92107E-02
142.50 0.82884E-02
143.00 0.74886E-02
143.50 0.68190E-02
144.00 0.62863E-02
144.50 0.58963E-02
145.00 0.56541E-02
145.50 0.55634E-02
146.00 0.56271E-02
146.50 0.58468E-02
147.00 0.62232E-02
147.50 0.67559E-02
148.00 0.74432E-02
148.50 0.82825E-02
149.00 0.92701E-02
149.50 0.10401E-01
150.00 0.11670E-01
150.50 0.13071E-01
151.00 0.14595E-01
151.50 0.16235E-01
152.00 0.17982E-01
152.50 0.19827E-01
153.00 0.21758E-01
153.50 0.23768E-01
154.00 0.25843E-01
154.50 0.27974E-01
155.00 0.30150E-01
155.50 0.32359E-01
156.00 0.34591E-01
156.50 0.36835E-01
157.00 0.39079E-01
157.50 0.41315E-01
158.00 0.43532E-01
158.50 0.45721E-01
159.00 0.47872E-01
159.50 0.49979E-01
160.00 0.52032E-01
160.50 0.54026E-01
161.00 0.55953E-01
161.50 0.57809E-01
162.00 0.59589E-01
162.50 0.61289E-01
163.00 0.62905E-01
163.50 0.64435E-01
164.00 0.65878E-01
164.50 0.67232E-01
165.00 0.68496E-01
165.50 0.69672E-01
166.00 0.70760E-01
166.50 0.71762E-01
167.00 0.72679E-01
167.50 0.73514E-01
168.00 0.74271E-01
168.50 0.74951E-01
169.00 0.75559E-01
169.50 0.76099E-01
170.00 0.76575E-01
170.50 0.76990E-01
171.00 0.77351E-01
171.50 0.77660E-01
172.00 0.77922E-01
172.50 0.78142E-01
173.00 0.78325E-01
173.50 0.78473E-01
174.00 0.78593E-01
174.50 0.78687E-01
175.00 0.78759E-01
175.50 0.78814E-01
176.00 0.78853E-01
176.50 0.78881E-01
177.00 0.78899E-01
177.50 0.78910E-01
178.00 0.78917E-01
178.50 0.78920E-01
179.00 0.78922E-01
179.50 0.78922E-01
180.00 0.78922E-01
