0 1.232442014
0.5 1.229222794
1 1.219772825
1.5 1.204092109
2 1.182388336
2.5 1.154973043
3 1.122261615
3.5 1.084565587
4 1.04240419
4.5 0.996348576
5 0.946938742
5.5 0.8947666095
6 0.8404656381
6.5 0.7846692871
7 0.7280110159
7.5 0.6711035147
8 0.6145594739
8.5 0.5589604299
9 0.504846381
9.5 0.4527054023
10 0.4030048
10.5 0.3561391882
11 0.3124408735
11.5 0.2721902395
12 0.2356053624
12.5 0.2028523955
13 0.1740040308
13.5 0.149122576
14 0.1281664925
14.5 0.1110838576
15 0.09773136399
15.5 0.08795635837
16 0.08155530295
16.5 0.0782914293
17 0.07790408444
17.5 0.0801108078
18 0.0846135619
18.5 0.09110807855
19 0.09928385878
19.5 0.1088304036
20 0.1194538295
20.5 0.1308457143
21 0.142736059
21.5 0.154865249
22 0.1669840544
22.5 0.1788640145
23 0.1903182068
23.5 0.2011493243
24 0.2112327519
24.5 0.2204127211
25 0.2285853859
25.5 0.235688439
26 0.2416388036
26.5 0.2463949415
27 0.249946468
27.5 0.2522829986
28 0.2534149179
28.5 0.2533733796
29 0.2521895374
29.5 0.2499153143
30 0.2466234023
30.5 0.2423553397
31 0.2372149723
31.5 0.2312542231
32 0.2245665533
32.5 0.2172350395
33 0.2093531429
33.5 0.2010039401
34 0.1922601234
34.5 0.1832255383
35 0.1739624925
35.5 0.1645644472
36 0.1551040943
36.5 0.1456541261
37 0.1362768499
37.5 0.1270553424
38 0.1180207574
38.5 0.1092457868
39 0.1007844307
39.5 0.09267095791
40 0.08494898385
40.5 0.07765589297
41 0.070822839
41.5 0.06447474494
42 0.05863549533
42.5 0.05332274395
43 0.04855206766
43.5 0.04433281261
44 0.04067224798
44.5 0.03757556608
45 0.03504380535
45.5 0.03307592735
46 0.03166673977
46.5 0.0308120888
47 0.0305026283
47.5 0.03072901215
48 0.03147877887
48.5 0.0327405054
49 0.03449757642
49.5 0.03673441506
50 0.03943440599
50.5 0.0425778185
51 0.04614596036
51.5 0.05011598549
52 0.05446608626
52.5 0.05917237814
53 0.06420993814
53.5 0.06955072789
54 0.07516878594
54.5 0.08103295855
55 0.08711416889
55.5 0.0933791863
56 0.09979478014
56.5 0.1063277197
57 0.1129426975
57.5 0.1195992136
58 0.1262661143
58.5 0.1329018612
59 0.1394753007
59.5 0.1459345098
60 0.1522587193
60.5 0.1583960063
61 0.1643152172
61.5 0.1699955828
62 0.17538518
62.5 0.1804528553
63 0.1851778395
63.5 0.1895289787
64 0.1934855039
64.5 0.1970162612
65 0.2001108662
65.5 0.2027589342
66 0.2049293116
66.5 0.2066323828
67 0.2078473787
67.5 0.2085846839
68 0.2088442984
68.5 0.2086262222
69 0.2079304553
69.5 0.2067881515
70 0.2051993107
70.5 0.203184702
71 0.2007650948
71.5 0.1979508735
72 0.1947835764
72.5 0.1912735882
73 0.1874520626
73.5 0.1833501533
74 0.1789886295
74.5 0.1743986449
75 0.1696009687
75.5 0.1646475238
76 0.1595383102
76.5 0.1543148662
77 0.1490083456
77.5 0.143649902
78 0.1382499202
78.5 0.1328395537
79 0.1274499565
79.5 0.1220915129
80 0.1167953769
80.5 0.1115719329
81 0.1064523347
81.5 0.101456313
82 0.09658802168
82.5 0.0918692683
83 0.08731459129
83.5 0.0829354137
84 0.07874419701
84.5 0.07475236426
85 0.07096822313
85.5 0.06740215819
86 0.06406143864
86.5 0.06095125678
87 0.05807784336
87.5 0.0554453522
88 0.05305689868
88.5 0.05091559819
89 0.04902248916
89.5 0.04737757161
90 0.04597876862
90.5 0.04482608018
91 0.04391431401
91.5 0.04324035474
92 0.04279901007
92.5 0.04258301079
93 0.04258404925
93.5 0.04279381778
94 0.04320193179
94.5 0.04379696825
95 0.04456750413
95.5 0.04550003946
96 0.04658003583
96.5 0.04779295483
97 0.04912218113
97.5 0.05055317633
98 0.05206828662
98.5 0.05364985823
99 0.05528231429
99.5 0.05694592408
100 0.05862511075
100.5 0.06030325896
101 0.06196271492
101.5 0.06358790177
102 0.06516428109
102.5 0.06667627601
103 0.06811246349
103.5 0.06946038204
104 0.07070757016
104.5 0.07184572018
105 0.0728675629
105.5 0.07376582912
106 0.07453532653
106.5 0.07517293977
107 0.07567659193
107.5 0.07604628299
108 0.07628305143
108.5 0.07638897415
109 0.07636820499
109.5 0.07622593624
110 0.07596839864
110.5 0.07560286141
111 0.07513659374
111.5 0.07457894177
112 0.07393925161
112.5 0.07322790785
113 0.07245321814
113.5 0.07162660553
114 0.07075741615
114.5 0.06985603456
115 0.06893076844
115.5 0.06799200236
116 0.06704700553
116.5 0.06610408562
117 0.06516947338
117.5 0.06424836109
118 0.0633469795
118.5 0.06246948245
119 0.06161690839
119.5 0.0607923727
120 0.05999691383
120.5 0.05922949333
121 0.05848907274
121.5 0.05777461361
122 0.05708196209
122.5 0.05640800281
123 0.05574754349
123.5 0.05509539184
124 0.05444635556
124.5 0.05379524236
125 0.05313374458
125.5 0.05245770839
126 0.05175882612
126.5 0.05103190549
127 0.05027071574
127.5 0.04946798766
128 0.04861956744
128.5 0.04772130122
129 0.04676695828
129.5 0.04575446168
130 0.04468069605
130.5 0.04354358449
131 0.04234312698
131.5 0.04107828508
132 0.03975113569
132.5 0.03836271728
133 0.03691718367
133.5 0.03541765025
134 0.0338693093
134.5 0.03227943002
135 0.03065424317
135.5 0.02900101796
136 0.02732806204
136.5 0.02564679846
137 0.02396449642
137.5 0.02229361741
138 0.02064454603
138.5 0.01902766685
139 0.0174544029
139.5 0.01593617723
140 0.01448545134
140.5 0.01311157134
141 0.01182699873
141.5 0.01064107964
142 0.00956492556
142.5 0.008607155701
143 0.007776596952
143.5 0.007081245442
144 0.006528058839
144.5 0.0061230602
145 0.00587154566
145.5 0.005777357515
146 0.005843507293
146.5 0.006071656526
147 0.006462532136
147.5 0.007015718739
148 0.007729450957
148.5 0.008601028798
149 0.009626609968
149.5 0.01080100218
150 0.01211880544
150.5 0.01357368517
151 0.01515629524
151.5 0.01685936644
152 0.01867355265
152.5 0.02058950776
153 0.02259477025
153.5 0.02468207093
154 0.02683687138
154.5 0.02904982549
155 0.0313095102
155.5 0.03360346404
156 0.0359213024
156.5 0.03825160227
157 0.04058190213
157.5 0.04290389433
158 0.04520615583
158.5 0.0474793405
159 0.04971306376
159.5 0.05190109488
160 0.05403304925
160.5 0.0561037346
161 0.05810484327
161.5 0.06003222141
162 0.06188067673
162.5 0.06364605542
163 0.06532420363
163.5 0.06691304444
164 0.06841153941
164.5 0.06981761161
165 0.07113022259
165.5 0.07235144925
166 0.07348129161
166.5 0.07452182658
167 0.07547409261
167.5 0.07634120508
168 0.07712731782
168.5 0.0778334693
169 0.07846485179
169.5 0.07902561914
170 0.07951992517
170.5 0.07995088526
171 0.08032576862
171.5 0.08064665215
172 0.08091872816
172.5 0.08114718893
173 0.08133722676
173.5 0.08149091855
174 0.08161553351
174.5 0.08171314857
175 0.08178791755
175.5 0.08184503274
176 0.08188553261
176.5 0.08191460943
177 0.08193330168
177.5 0.08194472472
178 0.08195199392
178.5 0.0819551093
179 0.08195718621
179.5 0.08195718621
180 0.08195718621
