0 1.129955658
0.5 1.12700414
1 1.118340004
1.5 1.103963251
2 1.084064301
2.5 1.058928786
3 1.028937546
3.5 0.994376213
4 0.9557208375
4.5 0.9134950762
5 0.8681940228
5.5 0.8203603758
6 0.7705749179
6.5 0.719418432
7 0.6674717006
7.5 0.6152964646
8 0.5634544646
8.5 0.5124788782
9 0.4628647989
9.5 0.415059715
10 0.3694920727
10.5 0.3265236713
11 0.2864591835
11.5 0.2495556771
12 0.2160130938
12.5 0.1859837701
13 0.159534353
13.5 0.1367219688
14 0.1175085333
14.5 0.1018464415
15 0.0896043031
15.5 0.08064215901
16 0.07477339706
16.5 0.07178093781
17 0.07142580345
17.5 0.073449022
18 0.07757733994
18.5 0.08353179115
19 0.09102769686
19.5 0.09978037833
20 0.1095203904
20.5 0.1199649587
21 0.1308665363
21.5 0.1419870975
22 0.1530981377
22.5 0.1639901943
23 0.1744918887
23.5 0.1844223214
24 0.19366724
24.5 0.2020838292
25 0.2095768786
25.5 0.2160892621
26 0.2215448114
26.5 0.2259054424
27 0.2291616342
27.5 0.2313038656
28 0.2323416577
28.5 0.2323035736
29 0.2312181763
29.5 0.2291330711
30 0.2261149051
30.5 0.2222017624
31 0.2174888533
31.5 0.2120237829
32 0.2058922406
32.5 0.1991703945
33 0.1919439339
33.5 0.184289027
34 0.176272321
34.5 0.1679890263
35 0.1594962689
35.5 0.1508797381
36 0.1422060812
36.5 0.1335419453
37 0.1249444566
37.5 0.1164897833
38 0.1082064885
38.5 0.1001612195
39 0.09240348547
39.5 0.08496470593
40 0.07788486916
40.5 0.07119825087
41 0.06493341414
41.5 0.05911320944
42 0.05375953513
42.5 0.04888857697
43 0.04451461649
43.5 0.04064622263
44 0.03729006009
44.5 0.0344508894
45 0.03212966266
45.5 0.03032542777
46 0.02903342421
46.5 0.02824984356
47 0.02796611691
47.5 0.02817367534
48 0.02886109359
48.5 0.03001789855
49 0.03162885657
49.5 0.0336796861
50 0.0361551535
50.5 0.03903716882
51 0.0423085942
51.5 0.04594848338
52 0.0499368422
52.5 0.0542517723
53 0.05887042321
53.5 0.06376708815
54 0.06891796455
54.5 0.07429448933
55 0.0798700036
55.5 0.08561404007
56 0.09149613146
56.5 0.09748581047
57 0.1035507056
57.5 0.1096536848
58 0.1157661851
58.5 0.1218501223
59 0.1278769333
59.5 0.133799013
60 0.1395973194
60.5 0.1452242472
61 0.1506512334
61.5 0.155859236
62 0.1608006498
62.5 0.1654469117
63 0.1697789796
63.5 0.1737682905
64 0.1773958024
64.5 0.1806329521
65 0.1834702185
65.5 0.1858980808
66 0.1878879758
66.5 0.1894494244
67 0.1905633848
67.5 0.1912393778
68 0.1914774035
68.5 0.1912774619
69 0.190639553
69.5 0.1895922399
70 0.1881355225
70.5 0.186288443
71 0.1840700433
71.5 0.1814898446
72 0.1785859309
72.5 0.1753678233
73 0.1718640848
73.5 0.1681032786
74 0.1641044466
74.5 0.1598961521
75 0.1554974369
75.5 0.1509559063
76 0.1462715603
76.5 0.141482483
77 0.1366172375
77.5 0.1317043868
78 0.126753452
78.5 0.1217929961
79 0.1168515824
79.5 0.1119387317
80 0.1070830072
80.5 0.1022939298
81 0.09760006281
81.5 0.09301949601
82 0.08855603787
82.5 0.08422968253
83 0.08005375945
83.5 0.07603874174
84 0.07219605466
84.5 0.06853617131
85 0.06506670854
85.5 0.06179718736
86 0.05873427251
86.5 0.05588272448
87 0.0532482559
87.5 0.05083467519
88 0.04864483864
88.5 0.04668160257
89 0.04494591908
89.5 0.04343778817
90 0.04215530564
90.5 0.04109847148
91 0.04026252518
91.5 0.03964461043
92 0.03923996672
92.5 0.03904192933
93 0.03904288143
93.5 0.03923520621
94 0.03960938263
94.5 0.04015493756
95 0.04086139787
95.5 0.04171638623
96 0.04270657319
96.5 0.04381862931
97 0.04503732096
97.5 0.04634931868
98 0.04773843673
98.5 0.04918848937
99 0.05068519504
99.5 0.0522104638
100 0.0537500141
100.5 0.0552886123
101 0.05681007265
101.5 0.05830011361
102 0.05974540573
102.5 0.06113166747
103 0.06244842571
103.5 0.06368425521
104 0.06482773073
104.5 0.06587123545
105 0.06680810465
105.5 0.06763167361
106 0.06833718182
106.5 0.06892177297
107 0.06938354285
107.5 0.06972249146
108 0.06993957091
108.5 0.0700366854
109 0.07001764334
109.5 0.06988720525
110 0.06965108375
110.5 0.06931594354
111 0.06888844937
111.5 0.06837717014
112 0.06779067478
112.5 0.06713848433
113 0.06642821561
113.5 0.06567034174
114 0.06487343166
114.5 0.06404700639
115 0.06319868275
115.5 0.06233798178
116 0.06147156819
116.5 0.06060705881
117 0.05975016624
117.5 0.05890565102
118 0.05807922575
118.5 0.05727469884
119 0.05649302241
119.5 0.05573705275
120 0.05500774197
120.5 0.05430413796
121 0.05362528863
121.5 0.05297024187
122 0.05233518927
122.5 0.05171727453
123 0.05111173712
123.5 0.05051381653
124 0.04991875225
124.5 0.04932178376
125 0.04871529425
125.5 0.0480954753
126 0.04745471008
126.5 0.04678823809
127 0.0460903467
127.5 0.0453543712
128 0.04457650318
128.5 0.04375293421
129 0.0428779517
129.5 0.04194965142
130 0.04096517708
130.5 0.03992262446
131 0.03882199357
131.5 0.0376623323
132 0.03644554487
132.5 0.03517258336
133 0.0338472562
133.5 0.03247241969
134 0.03105283434
134.5 0.02959516489
135 0.02810512393
135.5 0.0265893762
136 0.02505553851
136.5 0.023514084
137 0.02197167739
137.5 0.02043974391
138 0.01892780459
138.5 0.01744538046
139 0.01600294465
139.5 0.01461097028
140 0.01328088261
140.5 0.01202125054
141 0.01084349932
141.5 0.00975619787
142 0.00876953369
142.5 0.007891409234
143 0.007129917377
143.5 0.006492389311
144 0.005985204125
144.5 0.005613884015
145 0.005383284705
145.5 0.005296928977
146 0.005357577928
146.5 0.005566754924
147 0.005925126435
147.5 0.006432311622
148 0.007086691908
148.5 0.007885791827
149 0.008826088599
149.5 0.009902821708
150 0.01111104022
150.5 0.01244493631
151 0.01389594105
151.5 0.01545738972
152 0.01712071339
152.5 0.01887734314
153 0.02071585374
153.5 0.02262958046
154 0.02460519387
154.5 0.02663412503
155 0.02870590083
155.5 0.03080909601
156 0.03293418957
156.5 0.03507070836
157 0.03720722714
157.5 0.03933612911
158 0.04144694112
158.5 0.04353109425
159 0.04557906747
159.5 0.04758514817
160 0.04953981532
160.5 0.05143830839
161 0.05327301058
161.5 0.05504011346
162 0.05673485653
162.5 0.05835343137
163 0.05989202957
163.5 0.06134874692
164 0.06272263133
164.5 0.06401177859
165 0.06521523658
165.5 0.06633490953
166 0.06737079743
166.5 0.06832480448
167 0.06919788279
167.5 0.06999288867
168 0.07071363052
168.5 0.07136106046
169 0.07193993899
169.5 0.07245407453
170 0.07290727548
170.5 0.07330239816
171 0.07364610729
171.5 0.07394030707
172 0.07418975802
172.5 0.07439922064
173 0.07457345546
173.5 0.07471436669
174 0.07482861903
174.5 0.07491811669
175 0.0749866681
175.5 0.07503903376
176 0.07507616577
176.5 0.07510282465
177 0.0751199625
177.5 0.07513043563
178 0.07513710035
178.5 0.07513995666
179 0.07514186086
179.5 0.07514186086
180 0.07514186086
