0.0000 0.78693
0.50000 0.78526
1.0000 0.78027
1.5000 0.77202
2.0000 0.76062
2.5000 0.74621
3.0000 0.72896
3.5000 0.70908
4.0000 0.68682
4.5000 0.66244
5.0000 0.63623
5.5000 0.60848
6.0000 0.57951
6.5000 0.54964
7.0000 0.51919
7.5000 0.48847
8.0000 0.45778
8.5000 0.42743
9.0000 0.39768
9.5000 0.36880
10.000 0.34102
10.500 0.31453
11.000 0.28952
11.500 0.26614
12.000 0.24451
12.500 0.22471
13.000 0.20681
13.500 0.19083
14.000 0.17677
14.500 0.16462
15.000 0.15432
15.500 0.14580
16.000 0.13898
16.500 0.13375
17.000 0.12999
17.500 0.12758
18.000 0.12637
18.500 0.12623
19.000 0.12701
19.500 0.12857
20.000 0.13077
20.500 0.13346
21.000 0.13652
21.500 0.13981
22.000 0.14323
22.500 0.14666
23.000 0.15000
23.500 0.15318
24.000 0.15611
24.500 0.15872
25.000 0.16096
25.500 0.16279
26.000 0.16417
26.500 0.16507
27.000 0.16549
27.500 0.16540
28.000 0.16481
28.500 0.16373
29.000 0.16216
29.500 0.16013
30.000 0.15765
30.500 0.15476
31.000 0.15148
31.500 0.14783
32.000 0.14387
32.500 0.13961
33.000 0.13510
33.500 0.13038
34.000 0.12548
34.500 0.12044
35.000 0.11529
35.500 0.11007
36.000 0.10482
36.500 0.99571E-01
37.000 0.94351E-01
37.500 0.89192E-01
38.000 0.84123E-01
38.500 0.79171E-01
39.000 0.74362E-01
39.500 0.69717E-01
40.000 0.65258E-01
40.500 0.61004E-01
41.000 0.56971E-01
41.500 0.53176E-01
42.000 0.49629E-01
42.500 0.46344E-01
43.000 0.43328E-01
43.500 0.40590E-01
44.000 0.38135E-01
44.500 0.35967E-01
45.000 0.34090E-01
45.500 0.32504E-01
46.000 0.31210E-01
46.500 0.30206E-01
47.000 0.29490E-01
47.500 0.29058E-01
48.000 0.28907E-01
48.500 0.29029E-01
49.000 0.29420E-01
49.500 0.30071E-01
50.000 0.30975E-01
50.500 0.32122E-01
51.000 0.33503E-01
51.500 0.35106E-01
52.000 0.36921E-01
52.500 0.38935E-01
53.000 0.41134E-01
53.500 0.43505E-01
54.000 0.46034E-01
54.500 0.48704E-01
55.000 0.51499E-01
55.500 0.54402E-01
56.000 0.57396E-01
56.500 0.60462E-01
57.000 0.63582E-01
57.500 0.66735E-01
58.000 0.69904E-01
58.500 0.73067E-01
59.000 0.76206E-01
59.500 0.79300E-01
60.000 0.82330E-01
60.500 0.85277E-01
61.000 0.88122E-01
61.500 0.90847E-01
62.000 0.93435E-01
62.500 0.95870E-01
63.000 0.98137E-01
63.500 0.10022
64.000 0.10211
64.500 0.10380
65.000 0.10527
65.500 0.10652
66.000 0.10755
66.500 0.10834
67.000 0.10890
67.500 0.10923
68.000 0.10932
68.500 0.10918
69.000 0.10882
69.500 0.10824
70.000 0.10744
70.500 0.10645
71.000 0.10525
71.500 0.10388
72.000 0.10233
72.500 0.10063
73.000 0.98777E-01
73.500 0.96793E-01
74.000 0.94690E-01
74.500 0.92483E-01
75.000 0.90184E-01
75.500 0.87809E-01
76.000 0.85370E-01
76.500 0.82882E-01
77.000 0.80358E-01
77.500 0.77810E-01
78.000 0.75251E-01
78.500 0.72693E-01
79.000 0.70146E-01
79.500 0.67622E-01
80.000 0.65131E-01
80.500 0.62682E-01
81.000 0.60284E-01
81.500 0.57945E-01
82.000 0.55672E-01
82.500 0.53474E-01
83.000 0.51356E-01
83.500 0.49324E-01
84.000 0.47383E-01
84.500 0.45538E-01
85.000 0.43794E-01
85.500 0.42154E-01
86.000 0.40621E-01
86.500 0.39198E-01
87.000 0.37888E-01
87.500 0.36691E-01
88.000 0.35610E-01
88.500 0.34645E-01
89.000 0.33797E-01
89.500 0.33065E-01
90.000 0.32448E-01
90.500 0.31946E-01
91.000 0.31556E-01
91.500 0.31276E-01
92.000 0.31105E-01
92.500 0.31037E-01
93.000 0.31070E-01
93.500 0.31198E-01
94.000 0.31418E-01
94.500 0.31723E-01
95.000 0.32108E-01
95.500 0.32566E-01
96.000 0.33091E-01
96.500 0.33675E-01
97.000 0.34311E-01
97.500 0.34991E-01
98.000 0.35707E-01
98.500 0.36451E-01
99.000 0.37215E-01
99.500 0.37991E-01
100.00 0.38770E-01
100.50 0.39544E-01
101.00 0.40306E-01
101.50 0.41048E-01
102.00 0.41764E-01
102.50 0.42446E-01
103.00 0.43088E-01
103.50 0.43684E-01
104.00 0.44230E-01
104.50 0.44722E-01
105.00 0.45155E-01
105.50 0.45527E-01
106.00 0.45836E-01
106.50 0.46079E-01
107.00 0.46258E-01
107.50 0.46370E-01
108.00 0.46418E-01
108.50 0.46403E-01
109.00 0.46326E-01
109.50 0.46191E-01
110.00 0.46000E-01
110.50 0.45758E-01
111.00 0.45467E-01
111.50 0.45134E-01
112.00 0.44762E-01
112.50 0.44355E-01
113.00 0.43920E-01
113.50 0.43461E-01
114.00 0.42983E-01
114.50 0.42490E-01
115.00 0.41987E-01
115.50 0.41479E-01
116.00 0.40970E-01
116.50 0.40462E-01
117.00 0.39960E-01
117.50 0.39466E-01
118.00 0.38983E-01
118.50 0.38512E-01
119.00 0.38054E-01
119.50 0.37611E-01
120.00 0.37182E-01
120.50 0.36768E-01
121.00 0.36367E-01
121.50 0.35979E-01
122.00 0.35601E-01
122.50 0.35232E-01
123.00 0.34870E-01
123.50 0.34511E-01
124.00 0.34154E-01
124.50 0.33794E-01
125.00 0.33429E-01
125.50 0.33055E-01
126.00 0.32669E-01
126.50 0.32268E-01
127.00 0.31849E-01
127.50 0.31408E-01
128.00 0.30944E-01
128.50 0.30453E-01
129.00 0.29934E-01
129.50 0.29385E-01
130.00 0.28804E-01
130.50 0.28191E-01
131.00 0.27545E-01
131.50 0.26866E-01
132.00 0.26155E-01
132.50 0.25413E-01
133.00 0.24642E-01
133.50 0.23844E-01
134.00 0.23021E-01
134.50 0.22176E-01
135.00 0.21314E-01
135.50 0.20438E-01
136.00 0.19553E-01
136.50 0.18664E-01
137.00 0.17774E-01
137.50 0.16891E-01
138.00 0.16019E-01
138.50 0.15165E-01
139.00 0.14333E-01
139.50 0.13531E-01
140.00 0.12763E-01
140.50 0.12036E-01
141.00 0.11354E-01
141.50 0.10725E-01
142.00 0.10152E-01
142.50 0.96412E-02
143.00 0.91964E-02
143.50 0.88219E-02
144.00 0.85215E-02
144.50 0.82982E-02
145.00 0.81549E-02
145.50 0.80937E-02
146.00 0.81161E-02
146.50 0.82232E-02
147.00 0.84155E-02
147.50 0.86927E-02
148.00 0.90542E-02
148.50 0.94986E-02
149.00 0.10024E-01
149.50 0.10628E-01
150.00 0.11308E-01
150.50 0.12060E-01
151.00 0.12880E-01
151.50 0.13765E-01
152.00 0.14709E-01
152.50 0.15707E-01
153.00 0.16755E-01
153.50 0.17846E-01
154.00 0.18975E-01
154.50 0.20136E-01
155.00 0.21324E-01
155.50 0.22531E-01
156.00 0.23754E-01
156.50 0.24984E-01
157.00 0.26218E-01
157.50 0.27449E-01
158.00 0.28671E-01
158.50 0.29881E-01
159.00 0.31072E-01
159.50 0.32241E-01
160.00 0.33383E-01
160.50 0.34494E-01
161.00 0.35571E-01
161.50 0.36610E-01
162.00 0.37610E-01
162.50 0.38567E-01
163.00 0.39480E-01
163.50 0.40347E-01
164.00 0.41168E-01
164.50 0.41940E-01
165.00 0.42665E-01
165.50 0.43342E-01
166.00 0.43971E-01
166.50 0.44552E-01
167.00 0.45088E-01
167.50 0.45579E-01
168.00 0.46026E-01
168.50 0.46431E-01
169.00 0.46796E-01
169.50 0.47123E-01
170.00 0.47414E-01
170.50 0.47672E-01
171.00 0.47898E-01
171.50 0.48094E-01
172.00 0.48264E-01
172.50 0.48410E-01
173.00 0.48533E-01
173.50 0.48637E-01
174.00 0.48723E-01
174.50 0.48793E-01
175.00 0.48850E-01
175.50 0.48896E-01
176.00 0.48932E-01
176.50 0.48960E-01
177.00 0.48980E-01
177.50 0.48996E-01
178.00 0.49007E-01
178.50 0.49015E-01
179.00 0.49020E-01
179.50 0.49023E-01
180.00 0.49024E-01
