0.0000 0.74605
0.50000 0.74413
1.0000 0.73838
1.5000 0.72887
2.0000 0.71574
2.5000 0.69916
3.0000 0.67933
3.5000 0.65652
4.0000 0.63101
4.5000 0.60313
5.0000 0.57322
5.5000 0.54164
6.0000 0.50877
6.5000 0.47500
7.0000 0.44069
7.5000 0.40625
8.0000 0.37202
8.5000 0.33836
9.0000 0.30560
9.5000 0.27404
10.000 0.24396
10.500 0.21559
11.000 0.18913
11.500 0.16477
12.000 0.14262
12.500 0.12279
13.000 0.10533
13.500 0.90270E-01
14.000 0.77587E-01
14.500 0.67242E-01
15.000 0.59161E-01
15.500 0.53244E-01
16.000 0.49369E-01
16.500 0.47393E-01
17.000 0.47158E-01
17.500 0.48494E-01
18.000 0.51220E-01
18.500 0.55152E-01
19.000 0.60101E-01
19.500 0.65881E-01
20.000 0.72308E-01
20.500 0.79206E-01
21.000 0.86405E-01
21.500 0.93746E-01
22.000 0.10108
22.500 0.10827
23.000 0.11521
23.500 0.12177
24.000 0.12787
24.500 0.13342
25.000 0.13838
25.500 0.14267
26.000 0.14627
26.500 0.14915
27.000 0.15130
27.500 0.15272
28.000 0.15340
28.500 0.15338
29.000 0.15266
29.500 0.15129
30.000 0.14929
30.500 0.14671
31.000 0.14359
31.500 0.13999
32.000 0.13594
32.500 0.13150
33.000 0.12673
33.500 0.12167
34.000 0.11638
34.500 0.11091
35.000 0.10531
35.500 0.99618E-01
36.000 0.93892E-01
36.500 0.88171E-01
37.000 0.82497E-01
37.500 0.76910E-01
38.000 0.71444E-01
38.500 0.66134E-01
39.000 0.61009E-01
39.500 0.56098E-01
40.000 0.51424E-01
40.500 0.47009E-01
41.000 0.42872E-01
41.500 0.39029E-01
42.000 0.35495E-01
42.500 0.32279E-01
43.000 0.29390E-01
43.500 0.26836E-01
44.000 0.24621E-01
44.500 0.22746E-01
45.000 0.21214E-01
45.500 0.20022E-01
46.000 0.19169E-01
46.500 0.18652E-01
47.000 0.18465E-01
47.500 0.18602E-01
48.000 0.19056E-01
48.500 0.19819E-01
49.000 0.20883E-01
49.500 0.22237E-01
50.000 0.23871E-01
50.500 0.25774E-01
51.000 0.27934E-01
51.500 0.30337E-01
52.000 0.32971E-01
52.500 0.35820E-01
53.000 0.38869E-01
53.500 0.42102E-01
54.000 0.45503E-01
54.500 0.49053E-01
55.000 0.52734E-01
55.500 0.56526E-01
56.000 0.60410E-01
56.500 0.64365E-01
57.000 0.68368E-01
57.500 0.72399E-01
58.000 0.76434E-01
58.500 0.80452E-01
59.000 0.84428E-01
59.500 0.88341E-01
60.000 0.92167E-01
60.500 0.95884E-01
61.000 0.99470E-01
61.500 0.10290
62.000 0.10617
62.500 0.10924
63.000 0.11210
63.500 0.11473
64.000 0.11712
64.500 0.11926
65.000 0.12114
65.500 0.12274
66.000 0.12405
66.500 0.12508
67.000 0.12582
67.500 0.12627
68.000 0.12642
68.500 0.12629
69.000 0.12587
69.500 0.12518
70.000 0.12422
70.500 0.12300
71.000 0.12153
71.500 0.11983
72.000 0.11791
72.500 0.11579
73.000 0.11347
73.500 0.11099
74.000 0.10835
74.500 0.10557
75.000 0.10267
75.500 0.99665E-01
76.000 0.96575E-01
76.500 0.93416E-01
77.000 0.90204E-01
77.500 0.86956E-01
78.000 0.83687E-01
78.500 0.80413E-01
79.000 0.77148E-01
79.500 0.73906E-01
80.000 0.70699E-01
80.500 0.67541E-01
81.000 0.64443E-01
81.500 0.61416E-01
82.000 0.58469E-01
82.500 0.55613E-01
83.000 0.52855E-01
83.500 0.50204E-01
84.000 0.47667E-01
84.500 0.45251E-01
85.000 0.42960E-01
85.500 0.40802E-01
86.000 0.38779E-01
86.500 0.36896E-01
87.000 0.35157E-01
87.500 0.33563E-01
88.000 0.32118E-01
88.500 0.30822E-01
89.000 0.29675E-01
89.500 0.28679E-01
90.000 0.27833E-01
90.500 0.27135E-01
91.000 0.26583E-01
91.500 0.26175E-01
92.000 0.25908E-01
92.500 0.25777E-01
93.000 0.25778E-01
93.500 0.25905E-01
94.000 0.26152E-01
94.500 0.26512E-01
95.000 0.26979E-01
95.500 0.27543E-01
96.000 0.28197E-01
96.500 0.28931E-01
97.000 0.29736E-01
97.500 0.30602E-01
98.000 0.31519E-01
98.500 0.32477E-01
99.000 0.33464E-01
99.500 0.34472E-01
100.00 0.35488E-01
100.50 0.36504E-01
101.00 0.37508E-01
101.50 0.38492E-01
102.00 0.39447E-01
102.50 0.40362E-01
103.00 0.41231E-01
103.50 0.42047E-01
104.00 0.42802E-01
104.50 0.43492E-01
105.00 0.44110E-01
105.50 0.44654E-01
106.00 0.45120E-01
106.50 0.45506E-01
107.00 0.45811E-01
107.50 0.46034E-01
108.00 0.46177E-01
108.50 0.46242E-01
109.00 0.46229E-01
109.50 0.46143E-01
110.00 0.45987E-01
110.50 0.45765E-01
111.00 0.45483E-01
111.50 0.45146E-01
112.00 0.44759E-01
112.50 0.44328E-01
113.00 0.43859E-01
113.50 0.43359E-01
114.00 0.42833E-01
114.50 0.42287E-01
115.00 0.41727E-01
115.50 0.41159E-01
116.00 0.40587E-01
116.50 0.40016E-01
117.00 0.39450E-01
117.50 0.38892E-01
118.00 0.38347E-01
118.50 0.37815E-01
119.00 0.37299E-01
119.50 0.36800E-01
120.00 0.36319E-01
120.50 0.35854E-01
121.00 0.35406E-01
121.50 0.34973E-01
122.00 0.34554E-01
122.50 0.34146E-01
123.00 0.33746E-01
123.50 0.33351E-01
124.00 0.32959E-01
124.50 0.32564E-01
125.00 0.32164E-01
125.50 0.31755E-01
126.00 0.31332E-01
126.50 0.30892E-01
127.00 0.30431E-01
127.50 0.29945E-01
128.00 0.29432E-01
128.50 0.28888E-01
129.00 0.28310E-01
129.50 0.27697E-01
130.00 0.27047E-01
130.50 0.26359E-01
131.00 0.25632E-01
131.50 0.24867E-01
132.00 0.24063E-01
132.50 0.23223E-01
133.00 0.22347E-01
133.50 0.21440E-01
134.00 0.20503E-01
134.50 0.19540E-01
135.00 0.18556E-01
135.50 0.17555E-01
136.00 0.16543E-01
136.50 0.15525E-01
137.00 0.14507E-01
137.50 0.13495E-01
138.00 0.12497E-01
138.50 0.11518E-01
139.00 0.10566E-01
139.50 0.96469E-02
140.00 0.87685E-02
140.50 0.79371E-02
141.00 0.71593E-02
141.50 0.64417E-02
142.00 0.57901E-02
142.50 0.52103E-02
143.00 0.47075E-02
143.50 0.42866E-02
144.00 0.39517E-02
144.50 0.37066E-02
145.00 0.35543E-02
145.50 0.34973E-02
146.00 0.35373E-02
146.50 0.36754E-02
147.00 0.39121E-02
147.50 0.42469E-02
148.00 0.46789E-02
148.50 0.52065E-02
149.00 0.58274E-02
149.50 0.65384E-02
150.00 0.73362E-02
150.50 0.82165E-02
151.00 0.91748E-02
151.50 0.10206E-01
152.00 0.11304E-01
152.50 0.12463E-01
153.00 0.13678E-01
153.50 0.14941E-01
154.00 0.16246E-01
154.50 0.17585E-01
155.00 0.18953E-01
155.50 0.20342E-01
156.00 0.21745E-01
156.50 0.23155E-01
157.00 0.24566E-01
157.50 0.25972E-01
158.00 0.27365E-01
158.50 0.28741E-01
159.00 0.30094E-01
159.50 0.31418E-01
160.00 0.32708E-01
160.50 0.33962E-01
161.00 0.35173E-01
161.50 0.36340E-01
162.00 0.37459E-01
162.50 0.38527E-01
163.00 0.39543E-01
163.50 0.40505E-01
164.00 0.41412E-01
164.50 0.42263E-01
165.00 0.43058E-01
165.50 0.43798E-01
166.00 0.44482E-01
166.50 0.45111E-01
167.00 0.45688E-01
167.50 0.46213E-01
168.00 0.46688E-01
168.50 0.47116E-01
169.00 0.47498E-01
169.50 0.47838E-01
170.00 0.48137E-01
170.50 0.48398E-01
171.00 0.48624E-01
171.50 0.48819E-01
172.00 0.48984E-01
172.50 0.49122E-01
173.00 0.49237E-01
173.50 0.49330E-01
174.00 0.49405E-01
174.50 0.49464E-01
175.00 0.49510E-01
175.50 0.49544E-01
176.00 0.49569E-01
176.50 0.49586E-01
177.00 0.49598E-01
177.50 0.49605E-01
178.00 0.49609E-01
178.50 0.49611E-01
179.00 0.49612E-01
179.50 0.49612E-01
180.00 0.49612E-01
