0.0000 2.6935
0.50000 2.6885
1.0000 2.6736
1.5000 2.6495
2.0000 2.6171
2.5000 2.5777
3.0000 2.5327
3.5000 2.4837
4.0000 2.4323
4.5000 2.3800
5.0000 2.3280
5.5000 2.2773
6.0000 2.2287
6.5000 2.1825
7.0000 2.1387
7.5000 2.0970
8.0000 2.0568
8.5000 2.0172
9.0000 1.9775
9.5000 1.9365
10.000 1.8934
10.500 1.8473
11.000 1.7977
11.500 1.7442
12.000 1.6866
12.500 1.6252
13.000 1.5604
13.500 1.4929
14.000 1.4235
14.500 1.3532
15.000 1.2831
15.500 1.2141
16.000 1.1472
16.500 1.0831
17.000 1.0224
17.500 0.96552
18.000 0.91264
18.500 0.86372
19.000 0.81854
19.500 0.77674
20.000 0.73787
20.500 0.70141
21.000 0.66686
21.500 0.63376
22.000 0.60174
22.500 0.57054
23.000 0.54003
23.500 0.51020
24.000 0.48120
24.500 0.45324
25.000 0.42662
25.500 0.40171
26.000 0.37882
26.500 0.35829
27.000 0.34033
27.500 0.32512
28.000 0.31267
28.500 0.30292
29.000 0.29567
29.500 0.29061
30.000 0.28737
30.500 0.28552
31.000 0.28458
31.500 0.28411
32.000 0.28368
32.500 0.28293
33.000 0.28159
33.500 0.27947
34.000 0.27648
34.500 0.27265
35.000 0.26807
35.500 0.26289
36.000 0.25735
36.500 0.25166
37.000 0.24605
37.500 0.24074
38.000 0.23588
38.500 0.23157
39.000 0.22785
39.500 0.22467
40.000 0.22195
40.500 0.21952
41.000 0.21720
41.500 0.21478
42.000 0.21204
42.500 0.20878
43.000 0.20487
43.500 0.20020
44.000 0.19471
44.500 0.18845
45.000 0.18148
45.500 0.17396
46.000 0.16607
46.500 0.15802
47.000 0.15006
47.500 0.14240
48.000 0.13526
48.500 0.12880
49.000 0.12314
49.500 0.11835
50.000 0.11444
50.500 0.11136
51.000 0.10900
51.500 0.10723
52.000 0.10588
52.500 0.10476
53.000 0.10371
53.500 0.10255
54.000 0.10115
54.500 0.99425E-01
55.000 0.97313E-01
55.500 0.94816E-01
56.000 0.91973E-01
56.500 0.88865E-01
57.000 0.85604E-01
57.500 0.82322E-01
58.000 0.79157E-01
58.500 0.76244E-01
59.000 0.73703E-01
59.500 0.71625E-01
60.000 0.70070E-01
60.500 0.69056E-01
61.000 0.68562E-01
61.500 0.68531E-01
62.000 0.68870E-01
62.500 0.69460E-01
63.000 0.70169E-01
63.500 0.70854E-01
64.000 0.71382E-01
64.500 0.71631E-01
65.000 0.71504E-01
65.500 0.70937E-01
66.000 0.69895E-01
66.500 0.68384E-01
67.000 0.66442E-01
67.500 0.64137E-01
68.000 0.61563E-01
68.500 0.58828E-01
69.000 0.56050E-01
69.500 0.53344E-01
70.000 0.50815E-01
70.500 0.48551E-01
71.000 0.46616E-01
71.500 0.45047E-01
72.000 0.43852E-01
72.500 0.43011E-01
73.000 0.42479E-01
73.500 0.42191E-01
74.000 0.42066E-01
74.500 0.42016E-01
75.000 0.41952E-01
75.500 0.41793E-01
76.000 0.41469E-01
76.500 0.40926E-01
77.000 0.40132E-01
77.500 0.39076E-01
78.000 0.37769E-01
78.500 0.36242E-01
79.000 0.34542E-01
79.500 0.32730E-01
80.000 0.30872E-01
80.500 0.29038E-01
81.000 0.27294E-01
81.500 0.25699E-01
82.000 0.24299E-01
82.500 0.23127E-01
83.000 0.22200E-01
83.500 0.21517E-01
84.000 0.21064E-01
84.500 0.20810E-01
85.000 0.20717E-01
85.500 0.20736E-01
86.000 0.20816E-01
86.500 0.20906E-01
87.000 0.20958E-01
87.500 0.20929E-01
88.000 0.20789E-01
88.500 0.20515E-01
89.000 0.20099E-01
89.500 0.19542E-01
90.000 0.18857E-01
90.500 0.18067E-01
91.000 0.17202E-01
91.500 0.16298E-01
92.000 0.15390E-01
92.500 0.14518E-01
93.000 0.13713E-01
93.500 0.13006E-01
94.000 0.12419E-01
94.500 0.11964E-01
95.000 0.11647E-01
95.500 0.11463E-01
96.000 0.11401E-01
96.500 0.11441E-01
97.000 0.11558E-01
97.500 0.11722E-01
98.000 0.11903E-01
98.500 0.12070E-01
99.000 0.12196E-01
99.500 0.12255E-01
100.00 0.12229E-01
100.50 0.12107E-01
101.00 0.11885E-01
101.50 0.11567E-01
102.00 0.11162E-01
102.50 0.10689E-01
103.00 0.10170E-01
103.50 0.96308E-02
104.00 0.90996E-02
104.50 0.86044E-02
105.00 0.81712E-02
105.50 0.78221E-02
106.00 0.75740E-02
106.50 0.74373E-02
107.00 0.74148E-02
107.50 0.75021E-02
108.00 0.76874E-02
108.50 0.79521E-02
109.00 0.82727E-02
109.50 0.86219E-02
110.00 0.89706E-02
110.50 0.92899E-02
111.00 0.95534E-02
111.50 0.97387E-02
112.00 0.98293E-02
112.50 0.98157E-02
113.00 0.96960E-02
113.50 0.94762E-02
114.00 0.91693E-02
114.50 0.87949E-02
115.00 0.83773E-02
115.50 0.79437E-02
116.00 0.75224E-02
116.50 0.71400E-02
117.00 0.68202E-02
117.50 0.65814E-02
118.00 0.64356E-02
118.50 0.63876E-02
119.00 0.64344E-02
119.50 0.65659E-02
120.00 0.67657E-02
120.50 0.70122E-02
121.00 0.72808E-02
121.50 0.75459E-02
122.00 0.77825E-02
122.50 0.79687E-02
123.00 0.80873E-02
123.50 0.81268E-02
124.00 0.80829E-02
124.50 0.79577E-02
125.00 0.77603E-02
125.50 0.75054E-02
126.00 0.72120E-02
126.50 0.69015E-02
127.00 0.65963E-02
127.50 0.63175E-02
128.00 0.60830E-02
128.50 0.59065E-02
129.00 0.57961E-02
129.50 0.57541E-02
130.00 0.57766E-02
130.50 0.58544E-02
131.00 0.59743E-02
131.50 0.61197E-02
132.00 0.62732E-02
132.50 0.64179E-02
133.00 0.65388E-02
133.50 0.66247E-02
134.00 0.66691E-02
134.50 0.66704E-02
135.00 0.66323E-02
135.50 0.65635E-02
136.00 0.64761E-02
136.50 0.63849E-02
137.00 0.63055E-02
137.50 0.62527E-02
138.00 0.62389E-02
138.50 0.62731E-02
139.00 0.63592E-02
139.50 0.64960E-02
140.00 0.66772E-02
140.50 0.68914E-02
141.00 0.71239E-02
141.50 0.73572E-02
142.00 0.75732E-02
142.50 0.77551E-02
143.00 0.78884E-02
143.50 0.79632E-02
144.00 0.79746E-02
144.50 0.79239E-02
145.00 0.78184E-02
145.50 0.76708E-02
146.00 0.74986E-02
146.50 0.73222E-02
147.00 0.71635E-02
147.50 0.70436E-02
148.00 0.69811E-02
148.50 0.69904E-02
149.00 0.70800E-02
149.50 0.72522E-02
150.00 0.75022E-02
150.50 0.78187E-02
151.00 0.81846E-02
151.50 0.85789E-02
152.00 0.89779E-02
152.50 0.93577E-02
153.00 0.96961E-02
153.50 0.99747E-02
154.00 0.10181E-01
154.50 0.10308E-01
155.00 0.10357E-01
155.50 0.10336E-01
156.00 0.10260E-01
156.50 0.10150E-01
157.00 0.10029E-01
157.50 0.99220E-02
158.00 0.98542E-02
158.50 0.98474E-02
159.00 0.99188E-02
159.50 0.10080E-01
160.00 0.10334E-01
160.50 0.10679E-01
161.00 0.11105E-01
161.50 0.11595E-01
162.00 0.12131E-01
162.50 0.12689E-01
163.00 0.13246E-01
163.50 0.13782E-01
164.00 0.14278E-01
164.50 0.14723E-01
165.00 0.15110E-01
165.50 0.15440E-01
166.00 0.15720E-01
166.50 0.15962E-01
167.00 0.16183E-01
167.50 0.16401E-01
168.00 0.16636E-01
168.50 0.16906E-01
169.00 0.17224E-01
169.50 0.17598E-01
170.00 0.18032E-01
170.50 0.18520E-01
171.00 0.19052E-01
171.50 0.19611E-01
172.00 0.20175E-01
172.50 0.20720E-01
173.00 0.21222E-01
173.50 0.21658E-01
174.00 0.22010E-01
174.50 0.22263E-01
175.00 0.22411E-01
175.50 0.22455E-01
176.00 0.22404E-01
176.50 0.22273E-01
177.00 0.22083E-01
177.50 0.21860E-01
178.00 0.21630E-01
178.50 0.21418E-01
179.00 0.21249E-01
179.50 0.21139E-01
180.00 0.21101E-01
