0.0000 3.0396
0.50000 3.0276
1.0000 2.9924
1.5000 2.9360
2.0000 2.8617
2.5000 2.7737
3.0000 2.6769
3.5000 2.5763
4.0000 2.4769
4.5000 2.3831
5.0000 2.2984
5.5000 2.2256
6.0000 2.1658
6.5000 2.1192
7.0000 2.0847
7.5000 2.0602
8.0000 2.0427
8.5000 2.0289
9.0000 2.0150
9.5000 1.9976
10.000 1.9737
10.500 1.9408
11.000 1.8974
11.500 1.8430
12.000 1.7779
12.500 1.7034
13.000 1.6213
13.500 1.5342
14.000 1.4449
14.500 1.3562
15.000 1.2707
15.500 1.1905
16.000 1.1174
16.500 1.0523
17.000 0.99551
17.500 0.94662
18.000 0.90470
18.500 0.86839
19.000 0.83603
19.500 0.80591
20.000 0.77639
20.500 0.74610
21.000 0.71401
21.500 0.67957
22.000 0.64270
22.500 0.60376
23.000 0.56354
23.500 0.52310
24.000 0.48367
24.500 0.44654
25.000 0.41288
25.500 0.38367
26.000 0.35957
26.500 0.34089
27.000 0.32756
27.500 0.31913
28.000 0.31486
28.500 0.31375
29.000 0.31468
29.500 0.31649
30.000 0.31809
30.500 0.31858
31.000 0.31726
31.500 0.31374
32.000 0.30793
32.500 0.30003
33.000 0.29047
33.500 0.27990
34.000 0.26905
34.500 0.25869
35.000 0.24953
35.500 0.24215
36.000 0.23693
36.500 0.23404
37.000 0.23340
37.500 0.23471
38.000 0.23748
38.500 0.24106
39.000 0.24474
39.500 0.24780
40.000 0.24957
40.500 0.24951
41.000 0.24723
41.500 0.24256
42.000 0.23555
42.500 0.22642
43.000 0.21559
43.500 0.20362
44.000 0.19112
44.500 0.17875
45.000 0.16713
45.500 0.15677
46.000 0.14806
46.500 0.14124
47.000 0.13637
47.500 0.13332
48.000 0.13184
48.500 0.13154
49.000 0.13194
49.500 0.13257
50.000 0.13294
50.500 0.13264
51.000 0.13133
51.500 0.12883
52.000 0.12508
52.500 0.12014
53.000 0.11423
53.500 0.10762
54.000 0.10071
54.500 0.93880E-01
55.000 0.87534E-01
55.500 0.82023E-01
56.000 0.77626E-01
56.500 0.74524E-01
57.000 0.72788E-01
57.500 0.72378E-01
58.000 0.73143E-01
58.500 0.74845E-01
59.000 0.77177E-01
59.500 0.79795E-01
60.000 0.82348E-01
60.500 0.84510E-01
61.000 0.86003E-01
61.500 0.86621E-01
62.000 0.86246E-01
62.500 0.84852E-01
63.000 0.82502E-01
63.500 0.79340E-01
64.000 0.75576E-01
64.500 0.71460E-01
65.000 0.67261E-01
65.500 0.63244E-01
66.000 0.59645E-01
66.500 0.56650E-01
67.000 0.54386E-01
67.500 0.52908E-01
68.000 0.52200E-01
68.500 0.52181E-01
69.000 0.52712E-01
69.500 0.53615E-01
70.000 0.54685E-01
70.500 0.55715E-01
71.000 0.56512E-01
71.500 0.56909E-01
72.000 0.56787E-01
72.500 0.56074E-01
73.000 0.54752E-01
73.500 0.52860E-01
74.000 0.50480E-01
74.500 0.47734E-01
75.000 0.44768E-01
75.500 0.41740E-01
76.000 0.38806E-01
76.500 0.36105E-01
77.000 0.33753E-01
77.500 0.31827E-01
78.000 0.30371E-01
78.500 0.29386E-01
79.000 0.28837E-01
79.500 0.28656E-01
80.000 0.28755E-01
80.500 0.29026E-01
81.000 0.29361E-01
81.500 0.29653E-01
82.000 0.29810E-01
82.500 0.29759E-01
83.000 0.29453E-01
83.500 0.28871E-01
84.000 0.28018E-01
84.500 0.26924E-01
85.000 0.25638E-01
85.500 0.24226E-01
86.000 0.22760E-01
86.500 0.21314E-01
87.000 0.19957E-01
87.500 0.18750E-01
88.000 0.17737E-01
88.500 0.16945E-01
89.000 0.16385E-01
89.500 0.16049E-01
90.000 0.15912E-01
90.500 0.15936E-01
91.000 0.16074E-01
91.500 0.16276E-01
92.000 0.16487E-01
92.500 0.16659E-01
93.000 0.16750E-01
93.500 0.16726E-01
94.000 0.16568E-01
94.500 0.16266E-01
95.000 0.15826E-01
95.500 0.15263E-01
96.000 0.14601E-01
96.500 0.13872E-01
97.000 0.13114E-01
97.500 0.12363E-01
98.000 0.11656E-01
98.500 0.11025E-01
99.000 0.10497E-01
99.500 0.10090E-01
100.00 0.98133E-02
100.50 0.96688E-02
101.00 0.96484E-02
101.50 0.97366E-02
102.00 0.99114E-02
102.50 0.10146E-01
103.00 0.10410E-01
103.50 0.10674E-01
104.00 0.10909E-01
104.50 0.11087E-01
105.00 0.11189E-01
105.50 0.11199E-01
106.00 0.11110E-01
106.50 0.10922E-01
107.00 0.10644E-01
107.50 0.10289E-01
108.00 0.98797E-02
108.50 0.94404E-02
109.00 0.89995E-02
109.50 0.85855E-02
110.00 0.82255E-02
110.50 0.79428E-02
111.00 0.77552E-02
111.50 0.76734E-02
112.00 0.77005E-02
112.50 0.78309E-02
113.00 0.80511E-02
113.50 0.83402E-02
114.00 0.86721E-02
114.50 0.90165E-02
115.00 0.93423E-02
115.50 0.96193E-02
116.00 0.98210E-02
116.50 0.99269E-02
117.00 0.99241E-02
117.50 0.98087E-02
118.00 0.95860E-02
118.50 0.92704E-02
119.00 0.88842E-02
119.50 0.84558E-02
120.00 0.80174E-02
120.50 0.76022E-02
121.00 0.72419E-02
121.50 0.69633E-02
122.00 0.67865E-02
122.50 0.67226E-02
123.00 0.67732E-02
123.50 0.69295E-02
124.00 0.71733E-02
124.50 0.74786E-02
125.00 0.78137E-02
125.50 0.81440E-02
126.00 0.84352E-02
126.50 0.86563E-02
127.00 0.87826E-02
127.50 0.87980E-02
128.00 0.86966E-02
128.50 0.84833E-02
129.00 0.81738E-02
129.50 0.77930E-02
130.00 0.73733E-02
130.50 0.69513E-02
131.00 0.65648E-02
131.50 0.62492E-02
132.00 0.60346E-02
132.50 0.59423E-02
133.00 0.59836E-02
133.50 0.61577E-02
134.00 0.64523E-02
134.50 0.68444E-02
135.00 0.73020E-02
135.50 0.77872E-02
136.00 0.82594E-02
136.50 0.86792E-02
137.00 0.90118E-02
137.50 0.92304E-02
138.00 0.93186E-02
138.50 0.92723E-02
139.00 0.90997E-02
139.50 0.88214E-02
140.00 0.84679E-02
140.50 0.80776E-02
141.00 0.76929E-02
141.50 0.73565E-02
142.00 0.71073E-02
142.50 0.69771E-02
143.00 0.69873E-02
143.50 0.71470E-02
144.00 0.74518E-02
144.50 0.78840E-02
145.00 0.84143E-02
145.50 0.90044E-02
146.00 0.96100E-02
146.50 0.10185E-01
147.00 0.10686E-01
147.50 0.11077E-01
148.00 0.11330E-01
148.50 0.11431E-01
149.00 0.11380E-01
149.50 0.11191E-01
150.00 0.10892E-01
150.50 0.10521E-01
151.00 0.10123E-01
151.50 0.97488E-02
152.00 0.94446E-02
152.50 0.92533E-02
153.00 0.92076E-02
153.50 0.93276E-02
154.00 0.96187E-02
154.50 0.10071E-01
155.00 0.10661E-01
155.50 0.11352E-01
156.00 0.12098E-01
156.50 0.12849E-01
157.00 0.13556E-01
157.50 0.14173E-01
158.00 0.14664E-01
158.50 0.15007E-01
159.00 0.15192E-01
159.50 0.15229E-01
160.00 0.15143E-01
160.50 0.14971E-01
161.00 0.14764E-01
161.50 0.14575E-01
162.00 0.14463E-01
162.50 0.14478E-01
163.00 0.14665E-01
163.50 0.15053E-01
164.00 0.15655E-01
164.50 0.16465E-01
165.00 0.17459E-01
165.50 0.18597E-01
166.00 0.19825E-01
166.50 0.21079E-01
167.00 0.22295E-01
167.50 0.23409E-01
168.00 0.24368E-01
168.50 0.25132E-01
169.00 0.25681E-01
169.50 0.26016E-01
170.00 0.26162E-01
170.50 0.26164E-01
171.00 0.26087E-01
171.50 0.26008E-01
172.00 0.26013E-01
172.50 0.26186E-01
173.00 0.26607E-01
173.50 0.27336E-01
174.00 0.28418E-01
174.50 0.29866E-01
175.00 0.31667E-01
175.50 0.33777E-01
176.00 0.36125E-01
176.50 0.38614E-01
177.00 0.41130E-01
177.50 0.43548E-01
178.00 0.45742E-01
178.50 0.47592E-01
179.00 0.48994E-01
179.50 0.49870E-01
180.00 0.50167E-01
