0 0.05915414079
0.5 0.05910744763
1 0.05896635309
1.5 0.05873187223
2 0.05840502013
2.5 0.05798782691
3 0.05748232272
3.5 0.0568905377
4 0.05621653211
4.5 0.05546436624
5 0.05463708529
5.5 0.05374077967
6 0.05278052472
6.5 0.05176139579
7 0.05069151344
7.5 0.04957696805
8 0.0484258802
8.5 0.0472473855
9 0.04604757435
9.5 0.04483761252
10 0.04362562055
10.5 0.04242073405
11 0.04123310373
11.5 0.04006983506
12 0.03894209378
12.5 0.03785698539
13 0.03682364551
13.5 0.0358491796
14 0.03494069315
14.5 0.03410427659
15 0.03334399016
15.5 0.0326659243
16 0.03207109407
16.5 0.03156254468
17 0.03114027612
17.5 0.03080530346
18 0.03055559658
18.5 0.03038709518
19 0.03029675407
19.5 0.0302794979
20 0.03033025134
20.5 0.03044089382
21 0.03060431987
21.5 0.03081342401
22 0.03105704049
22.5 0.03132806382
23 0.03161634332
23.5 0.03191274336
24 0.03220711327
24.5 0.0324913325
25 0.03275626541
25.5 0.03299277641
26 0.03319274494
26.5 0.03335008058
27 0.03345869292
27.5 0.03351147649
28 0.03350437101
28.5 0.03343331621
29 0.03329628194
29.5 0.03309123807
30 0.03281716953
30.5 0.03247407633
31 0.03206195846
31.5 0.03158386112
32 0.03104181446
32.5 0.03043987875
33 0.02978109919
33.5 0.02906953607
34 0.02831026472
34.5 0.02751039062
35 0.02667295898
35.5 0.02580507528
36 0.02491282994
36.5 0.02400129829
37 0.02307758581
37.5 0.02214575279
38 0.0212129047
38.5 0.02028310181
39 0.01936243455
39.5 0.01845496317
40 0.01756576303
40.5 0.01669686426
41 0.01585334221
41.5 0.01503824209
42 0.01425359402
42.5 0.01350142815
43 0.01278478968
43.5 0.01210367861
44 0.01145911002
44.5 0.01085209896
45 0.01028366052
45.5 0.00975288112
46 0.009259659261
46.5 0.008803487409
47 0.008383756521
47.5 0.007999350023
48 0.007649354351
48.5 0.007332449918
49 0.007047520147
49.5 0.006793042436
50 0.006567697195
50.5 0.006369961822
51 0.006198415219
51.5 0.006051636292
52 0.00592800093
52.5 0.005826291051
53 0.005745085559
53.5 0.005682963358
54 0.005638706364
54.5 0.005610893483
55 0.005598509646
55.5 0.005600336769
56 0.005615156772
56.5 0.005641954584
57 0.005679816645
57.5 0.005727524871
58 0.005784165702
58.5 0.005848927082
59 0.005920793943
59.5 0.005998852722
60 0.006082291366
60.5 0.006170297818
61 0.006261958517
61.5 0.006356562915
62 0.006453197451
62.5 0.006551050069
63 0.006649511729
63.5 0.006747668867
64 0.006844810937
64.5 0.006940328897
65 0.007033410693
65.5 0.007123345775
66 0.007209626611
66.5 0.007291542651
67 0.007368586362
67.5 0.007440047195
68 0.007505519123
68.5 0.007564494612
69 0.007616669141
69.5 0.007661433668
70 0.007698483674
70.5 0.007727616144
71 0.007748526559
71.5 0.007761011903
72 0.007764869164
72.5 0.007760098341
73 0.007746496421
73.5 0.007724063404
74 0.007692900796
74.5 0.007653008598
75 0.007604488317
75.5 0.007547644472
76 0.007482477065
76.5 0.007409189108
77 0.007328288136
77.5 0.00723977415
78 0.007144053176
78.5 0.007041531242
79 0.006932614376
79.5 0.006817404084
80 0.006696610914
80.5 0.00657043788
81 0.006439291011
81.5 0.006303677839
82 0.006164004392
82.5 0.006020778205
83 0.005874202292
83.5 0.005724885693
84 0.005573132929
84.5 0.005419553042
85 0.005264349045
85.5 0.005107926966
86 0.004950895845
86.5 0.004793458698
87 0.00463602155
87.5 0.004478990429
88 0.004322669856
88.5 0.00416746586
89 0.004013682959
89.5 0.003861727181
90 0.003711700035
90.5 0.003564109053
91 0.003419157249
91.5 0.003277149144
92 0.00313838926
92.5 0.003002979101
93 0.00287122319
93.5 0.00274332454
94 0.002619587671
94.5 0.002500114091
95 0.002385106813
95.5 0.00227476885
96 0.002169100203
96.5 0.002068405393
97 0.001972785926
97.5 0.001882140295
98 0.001796874529
98.5 0.001716785612
99 0.001641975052
99.5 0.001572544356
100 0.001508493524
100.5 0.001449822556
101 0.001396531452
101.5 0.001348518705
102 0.001305682808
102.5 0.001268125268
103 0.001235643071
103.5 0.00120813471
104 0.001185397172
104.5 0.001167430457
105 0.001154031551
105.5 0.00114499744
106 0.001140023604
106.5 0.001139110042
107 0.001141952234
107.5 0.001148347167
108 0.001157990319
108.5 0.001170678677
109 0.00118610772
109.5 0.001204074436
110 0.001224274302
110.5 0.001246504305
111 0.001270358419
111.5 0.001295735135
112 0.001322228427
112.5 0.001349736787
113 0.001377752682
113.5 0.001406174604
114 0.00143479954
114.5 0.001463322969
115 0.001491541878
115.5 0.001519151745
116 0.001546051065
116.5 0.001571935315
117 0.001596804497
117.5 0.00162035409
118 0.001642482587
118.5 0.00166308848
119 0.001682070264
119.5 0.001699224924
120 0.001714552461
120.5 0.001727951367
121 0.00173952315
121.5 0.001748963288
122 0.001756474796
122.5 0.001762057674
123 0.001765508907
123.5 0.001767133017
124 0.00176672699
124.5 0.001764392332
125 0.00176023055
125.5 0.001754241645
126 0.001746527123
126.5 0.001737188492
127 0.001726124244
127.5 0.001713537392
128 0.001699529445
128.5 0.001683998894
129 0.001667148755
129.5 0.001649080533
130 0.001629692722
130.5 0.001609188335
131 0.001587465866
131.5 0.001564728328
132 0.001540975721
132.5 0.001516309553
133 0.001490526809
133.5 0.001463932011
134 0.00143642365
134.5 0.001408001728
135 0.001378767751
135.5 0.001348620212
136 0.001317660618
136.5 0.001285888969
137 0.001253203758
137.5 0.001219808
138 0.001185600186
138.5 0.001150681824
139 0.001114951408
139.5 0.001078408936
140 0.001041257424
140.5 0.001003476568
141 0.00096505622
141.5 0.000926067433
142 0.0008865914131
142.5 0.0008466992151
143 0.0008064821951
143.5 0.0007660114079
144 0.0007254086618
144.5 0.0006847754636
145 0.0006442336217
145.5 0.0006039150948
146 0.0005639619926
146.5 0.0005245062741
147 0.0004856900488
147.5 0.0004476960292
148 0.000410656174
148.5 0.0003747328944
149 0.000340098752
149.5 0.0003069060071
150 0.0002753170706
150.5 0.0002454842029
151 0.000217569815
151.5 0.000191695715
152 0.0001680141634
152.5 0.0001466469682
153 0.0001277057872
153.5 0.0001113022777
154 9.751967558e-05
154.5 8.643106562e-05
155 7.809532185e-05
155.5 7.255710728e-05
156 6.983875343e-05
156.5 6.995041098e-05
157 7.288192925e-05
157.5 7.860488631e-05
158 8.707664928e-05
158.5 9.823428391e-05
159 0.0001120026751
159.5 0.0001282843763
160 0.0001469717902
160.5 0.0001679431085
161 0.0001910663725
161.5 0.0002161893216
162 0.0002431698464
162.5 0.0002718252344
163 0.0003019930748
163.5 0.0003334805044
164 0.0003661352629
164.5 0.0003997340353
165 0.0004341245613
165.5 0.000469103827
166 0.0005044789696
166.5 0.0005400875779
167 0.000575736789
167.5 0.0006112641918
168 0.0006464972248
168.5 0.0006812937782
169 0.0007154812904
169.5 0.0007489379532
170 0.0007815216569
170.5 0.0008131207441
171 0.0008436134064
171.5 0.000872898137
172 0.0009008937304
172.5 0.0009275189812
173 0.0009526825331
173.5 0.0009763336327
174 0.0009984113759
174.5 0.001018824406
175 0.001037704683
175.5 0.001054757837
176 0.001070085373
176.5 0.001083687293
177 0.001095563597
177.5 0.001105612776
178 0.001113834832
178.5 0.001120229765
179 0.001124797574
179.5 0.001127538259
180 0.001128451821
