0 0.05414722326
0.5 0.0541044823
1 0.05397533026
1.5 0.05376069631
2 0.05346150958
2.5 0.05307962838
3 0.05261691101
3.5 0.05207521578
4 0.05145825929
4.5 0.05076975815
5 0.05001249982
5.5 0.04919205919
6 0.04831308202
6.5 0.04738021408
7 0.04640088857
7.5 0.04538068041
8 0.04432702279
8.5 0.04324827809
9 0.04215002121
9.5 0.04104247282
10 0.03993306612
10.5 0.03883016349
11 0.03774305642
11.5 0.03667824899
12 0.03564596186
12.5 0.03465269908
13 0.03370682302
13.5 0.03281483774
14 0.03198324729
14.5 0.03121762659
15 0.03052169224
15.5 0.02990101915
16 0.02935653646
16.5 0.02889103164
17 0.02850450469
17.5 0.02819788475
18 0.02796931352
18.5 0.0278150744
19 0.02773237993
19.5 0.02771658436
20 0.02776304192
20.5 0.02786431942
21 0.02801391278
21.5 0.02820531796
22 0.02842831428
22.5 0.02867639769
23 0.02894027666
23.5 0.02921158885
24 0.02948104274
24.5 0.02974120512
25 0.02998371362
25.5 0.03020020588
26 0.03038324869
26.5 0.03052726715
27 0.03062668634
27.5 0.03067500221
28 0.03066849815
28.5 0.03060345756
29 0.03047802213
29.5 0.03029033356
30 0.0300394627
30.5 0.02972540954
31 0.0293481741
31.5 0.02891054382
32 0.02841437701
32.5 0.02786339027
33 0.02726037105
33.5 0.02660903596
34 0.02591403076
34.5 0.02518185951
35 0.02441530966
35.5 0.02362088527
36 0.02280416124
36.5 0.02196978334
37 0.02112425563
37.5 0.0202712947
38 0.01941740462
38.5 0.018566302
39 0.01772356174
39.5 0.01689290044
40 0.01607896387
40.5 0.01528361033
41 0.01451148557
41.5 0.01376537704
42 0.01304714306
42.5 0.01235864192
43 0.01170266108
43.5 0.01107920053
44 0.01048918943
44.5 0.009933556934
45 0.009413232186
45.5 0.008927378952
46 0.008475904318
46.5 0.008058343708
47 0.00767413963
47.5 0.007322270019
48 0.007001898638
48.5 0.006711817591
49 0.006451004811
49.5 0.006218066571
50 0.006011794975
50.5 0.005830796294
51 0.005673769719
51.5 0.005539414435
52 0.005426243803
52.5 0.005333142839
53 0.005258810732
53.5 0.00520194667
54 0.005161435672
54.5 0.005135976925
55 0.005124641279
55.5 0.005126313751
56 0.005139879361
56.5 0.005164408956
57 0.005199066301
57.5 0.005242736414
58 0.005294583058
58.5 0.005353862914
59 0.005419646828
59.5 0.005491098566
60 0.005567474806
60.5 0.005648032227
61 0.005731934592
61.5 0.005818531497
62 0.005906986704
62.5 0.005996556893
63 0.006086684572
63.5 0.006176533507
64 0.006265453289
64.5 0.00635288643
65 0.006438089608
65.5 0.006520412416
66 0.00659939028
66.5 0.006674372792
67 0.006744895379
67.5 0.006810307633
68 0.006870237894
68.5 0.006924221587
69 0.006971979965
69.5 0.007012955539
70 0.007046869563
70.5 0.007073536206
71 0.007092676724
71.5 0.007104105285
72 0.00710763606
72.5 0.007103269049
73 0.007090818421
73.5 0.007070284177
74 0.007041759231
74.5 0.007005243583
75 0.006960830149
75.5 0.006908797675
76 0.006849146159
76.5 0.006782061432
77 0.006708008071
77.5 0.006626986074
78 0.006539367103
78.5 0.006445522818
79 0.00634582488
79.5 0.006240366203
80 0.006129797194
80.5 0.006014303683
81 0.005894257331
81.5 0.005770122712
82 0.005642271488
82.5 0.005511168235
83 0.005376998782
83.5 0.00524032062
84 0.005101412496
84.5 0.004960831898
85 0.004818764659
85.5 0.004675582438
86 0.004531842727
86.5 0.004387731354
87 0.004243619982
87.5 0.00409988027
88 0.003956790965
88.5 0.003814723725
89 0.003673957298
89.5 0.003534863343
90 0.003397534776
90.5 0.003262436171
91 0.00312975336
91.5 0.002999765089
92 0.002872750101
92.5 0.002748801313
93 0.002628197469
93.5 0.002511124401
94 0.002397860853
94.5 0.002288499741
95 0.002183226894
95.5 0.002082228144
96 0.00198550349
96.5 0.001893331678
97 0.001805805622
97.5 0.001722832407
98 0.001644783695
98.5 0.001571473655
99 0.001502995201
99.5 0.00143944125
100 0.001380811801
100.5 0.001327106853
101 0.001278326408
101.5 0.00123437755
102 0.001195167364
102.5 0.001160788764
103 0.001131055921
103.5 0.00110587592
104 0.00108506293
104.5 0.001068616952
105 0.001056352154
105.5 0.001048082707
106 0.001043529866
106.5 0.001042693629
107 0.001045295253
107.5 0.001051148907
108 0.001059975844
108.5 0.001071590236
109 0.001085713336
109.5 0.001102159315
110 0.001120649426
110.5 0.001140997841
111 0.001162832897
111.5 0.001186061681
112 0.00121031253
112.5 0.001235492532
113 0.001261137108
113.5 0.001287153346
114 0.001313355414
114.5 0.001339464566
115 0.001365294973
115.5 0.00139056789
116 0.0014151904
116.5 0.001438883759
117 0.001461647967
117.5 0.001483204278
118 0.001503459777
118.5 0.001522321549
119 0.001539696679
119.5 0.001555399337
120 0.001569429522
120.5 0.001581694319
121 0.001592286645
121.5 0.001600927752
122 0.001607803472
122.5 0.001612913804
123 0.001616072919
123.5 0.001617559561
124 0.0016171879
124.5 0.001615050852
125 0.001611241332
125.5 0.001605759339
126 0.001598697789
126.5 0.001590149597
127 0.001580021847
127.5 0.00156850037
128 0.001555678082
128.5 0.001541462067
129 0.001526038154
129.5 0.001509499261
130 0.00149175247
130.5 0.001472983613
131 0.001453099774
131.5 0.001432286785
132 0.001410544643
132.5 0.001387966266
133 0.001364365822
133.5 0.001340022057
134 0.001314842056
134.5 0.001288825818
135 0.00126206626
135.5 0.001234470465
136 0.001206131349
136.5 0.001177048913
137 0.00114713024
137.5 0.001116561161
138 0.001085248761
138.5 0.001053285955
139 0.001020579828
139.5 0.0009871303794
140 0.0009531234405
140.5 0.0009185404278
141 0.0008833720497
141.5 0.0008476833469
142 0.0008115486515
142.5 0.000775033004
143 0.000738220028
143.5 0.0007011747643
144 0.0006640087108
144.5 0.0006268147828
145 0.0005897044785
145.5 0.0005527985874
146 0.0005162271908
146.5 0.0004801110784
147 0.0004445803313
147.5 0.0004098021968
148 0.0003758974645
148.5 0.0003430147987
149 0.0003113121552
149.5 0.0002809289065
150 0.0002520137169
150.5 0.0002247059591
151 0.0001991542974
151.5 0.0001754702298
152 0.0001537931291
152.5 0.0001342344935
153 0.0001168965296
153.5 0.000101881444
154 8.926542716e-05
154.5 7.911537796e-05
155 7.148518719e-05
155.5 6.64157375e-05
156 6.392747022e-05
156.5 6.402967687e-05
157 6.671306593e-05
157.5 7.195162116e-05
158 7.970631821e-05
158.5 8.99195497e-05
159 0.0001025225584
159.5 0.0001174261459
160 0.000134531822
160.5 0.0001537280886
161 0.000174894156
161.5 0.0001978906516
162 0.0002225874941
162.5 0.0002488174363
163 0.000276431814
163.5 0.0003052540884
164 0.0003351448869
164.5 0.0003658997961
165 0.0003973794434
165.5 0.0004293979985
166 0.0004617789225
166.5 0.0004943735514
167 0.0005270053463
167.5 0.0005595256431
168 0.0005917764859
168.5 0.0006236277937
169 0.0006549216107
169.5 0.0006855464388
170 0.0007153721967
170.5 0.0007442966778
171 0.0007722083839
171.5 0.0007990143999
172 0.0008246403938
172.5 0.0008490120333
173 0.000872045695
173.5 0.0008936949211
174 0.0009139039627
174.5 0.000932589196
175 0.0009498714109
175.5 0.0009654811533
176 0.0009795113385
176.5 0.0009919619664
177 0.001002833037
177.5 0.001012031635
178 0.001019557761
178.5 0.001025411414
179 0.001029592596
179.5 0.001032101304
180 0.00103293754
