0.0000 0.58276E-01
0.50000 0.58230E-01
1.0000 0.58091E-01
1.5000 0.57860E-01
2.0000 0.57538E-01
2.5000 0.57127E-01
3.0000 0.56629E-01
3.5000 0.56046E-01
4.0000 0.55382E-01
4.5000 0.54641E-01
5.0000 0.53826E-01
5.5000 0.52943E-01
6.0000 0.51997E-01
6.5000 0.50993E-01
7.0000 0.49939E-01
7.5000 0.48841E-01
8.0000 0.47707E-01
8.5000 0.46546E-01
9.0000 0.45364E-01
9.5000 0.44172E-01
10.000 0.42978E-01
10.500 0.41791E-01
11.000 0.40621E-01
11.500 0.39475E-01
12.000 0.38364E-01
12.500 0.37295E-01
13.000 0.36277E-01
13.500 0.35317E-01
14.000 0.34422E-01
14.500 0.33598E-01
15.000 0.32849E-01
15.500 0.32181E-01
16.000 0.31595E-01
16.500 0.31094E-01
17.000 0.30678E-01
17.500 0.30348E-01
18.000 0.30102E-01
18.500 0.29936E-01
19.000 0.29847E-01
19.500 0.29830E-01
20.000 0.29880E-01
20.500 0.29989E-01
21.000 0.30150E-01
21.500 0.30356E-01
22.000 0.30596E-01
22.500 0.30863E-01
23.000 0.31147E-01
23.500 0.31439E-01
24.000 0.31729E-01
24.500 0.32009E-01
25.000 0.32270E-01
25.500 0.32503E-01
26.000 0.32700E-01
26.500 0.32855E-01
27.000 0.32962E-01
27.500 0.33014E-01
28.000 0.33007E-01
28.500 0.32937E-01
29.000 0.32802E-01
29.500 0.32600E-01
30.000 0.32330E-01
30.500 0.31992E-01
31.000 0.31586E-01
31.500 0.31115E-01
32.000 0.30581E-01
32.500 0.29988E-01
33.000 0.29339E-01
33.500 0.28638E-01
34.000 0.27890E-01
34.500 0.27102E-01
35.000 0.26277E-01
35.500 0.25422E-01
36.000 0.24543E-01
36.500 0.23645E-01
37.000 0.22735E-01
37.500 0.21817E-01
38.000 0.20898E-01
38.500 0.19982E-01
39.000 0.19075E-01
39.500 0.18181E-01
40.000 0.17305E-01
40.500 0.16449E-01
41.000 0.15618E-01
41.500 0.14815E-01
42.000 0.14042E-01
42.500 0.13301E-01
43.000 0.12595E-01
43.500 0.11924E-01
44.000 0.11289E-01
44.500 0.10691E-01
45.000 0.10131E-01
45.500 0.96081E-02
46.000 0.91222E-02
46.500 0.86728E-02
47.000 0.82593E-02
47.500 0.78806E-02
48.000 0.75358E-02
48.500 0.72236E-02
49.000 0.69429E-02
49.500 0.66922E-02
50.000 0.64702E-02
50.500 0.62754E-02
51.000 0.61064E-02
51.500 0.59618E-02
52.000 0.58400E-02
52.500 0.57398E-02
53.000 0.56598E-02
53.500 0.55986E-02
54.000 0.55550E-02
54.500 0.55276E-02
55.000 0.55154E-02
55.500 0.55172E-02
56.000 0.55318E-02
56.500 0.55582E-02
57.000 0.55955E-02
57.500 0.56425E-02
58.000 0.56983E-02
58.500 0.57621E-02
59.000 0.58329E-02
59.500 0.59098E-02
60.000 0.59920E-02
60.500 0.60787E-02
61.000 0.61690E-02
61.500 0.62622E-02
62.000 0.63574E-02
62.500 0.64538E-02
63.000 0.65508E-02
63.500 0.66475E-02
64.000 0.67432E-02
64.500 0.68373E-02
65.000 0.69290E-02
65.500 0.70176E-02
66.000 0.71026E-02
66.500 0.71833E-02
67.000 0.72592E-02
67.500 0.73296E-02
68.000 0.73941E-02
68.500 0.74522E-02
69.000 0.75036E-02
69.500 0.75477E-02
70.000 0.75842E-02
70.500 0.76129E-02
71.000 0.76335E-02
71.500 0.76458E-02
72.000 0.76496E-02
72.500 0.76449E-02
73.000 0.76315E-02
73.500 0.76094E-02
74.000 0.75787E-02
74.500 0.75394E-02
75.000 0.74916E-02
75.500 0.74356E-02
76.000 0.73714E-02
76.500 0.72992E-02
77.000 0.72195E-02
77.500 0.71323E-02
78.000 0.70380E-02
78.500 0.69370E-02
79.000 0.68297E-02
79.500 0.67162E-02
80.000 0.65972E-02
80.500 0.64729E-02
81.000 0.63437E-02
81.500 0.62101E-02
82.000 0.60725E-02
82.500 0.59314E-02
83.000 0.57870E-02
83.500 0.56399E-02
84.000 0.54904E-02
84.500 0.53391E-02
85.000 0.51862E-02
85.500 0.50321E-02
86.000 0.48774E-02
86.500 0.47223E-02
87.000 0.45672E-02
87.500 0.44125E-02
88.000 0.42585E-02
88.500 0.41056E-02
89.000 0.39541E-02
89.500 0.38044E-02
90.000 0.36566E-02
90.500 0.35112E-02
91.000 0.33684E-02
91.500 0.32285E-02
92.000 0.30918E-02
92.500 0.29584E-02
93.000 0.28286E-02
93.500 0.27026E-02
94.000 0.25807E-02
94.500 0.24630E-02
95.000 0.23497E-02
95.500 0.22410E-02
96.000 0.21369E-02
96.500 0.20377E-02
97.000 0.19435E-02
97.500 0.18542E-02
98.000 0.17702E-02
98.500 0.16913E-02
99.000 0.16176E-02
99.500 0.15492E-02
100.00 0.14861E-02
100.50 0.14283E-02
101.00 0.13758E-02
101.50 0.13285E-02
102.00 0.12863E-02
102.50 0.12493E-02
103.00 0.12173E-02
103.50 0.11902E-02
104.00 0.11678E-02
104.50 0.11501E-02
105.00 0.11369E-02
105.50 0.11280E-02
106.00 0.11231E-02
106.50 0.11222E-02
107.00 0.11250E-02
107.50 0.11313E-02
108.00 0.11408E-02
108.50 0.11533E-02
109.00 0.11685E-02
109.50 0.11862E-02
110.00 0.12061E-02
110.50 0.12280E-02
111.00 0.12515E-02
111.50 0.12765E-02
112.00 0.13026E-02
112.50 0.13297E-02
113.00 0.13573E-02
113.50 0.13853E-02
114.00 0.14135E-02
114.50 0.14416E-02
115.00 0.14694E-02
115.50 0.14966E-02
116.00 0.15231E-02
116.50 0.15486E-02
117.00 0.15731E-02
117.50 0.15963E-02
118.00 0.16181E-02
118.50 0.16384E-02
119.00 0.16571E-02
119.50 0.16740E-02
120.00 0.16891E-02
120.50 0.17023E-02
121.00 0.17137E-02
121.50 0.17230E-02
122.00 0.17304E-02
122.50 0.17359E-02
123.00 0.17393E-02
123.50 0.17409E-02
124.00 0.17405E-02
124.50 0.17382E-02
125.00 0.17341E-02
125.50 0.17282E-02
126.00 0.17206E-02
126.50 0.17114E-02
127.00 0.17005E-02
127.50 0.16881E-02
128.00 0.16743E-02
128.50 0.16590E-02
129.00 0.16424E-02
129.50 0.16246E-02
130.00 0.16055E-02
130.50 0.15853E-02
131.00 0.15639E-02
131.50 0.15415E-02
132.00 0.15181E-02
132.50 0.14938E-02
133.00 0.14684E-02
133.50 0.14422E-02
134.00 0.14151E-02
134.50 0.13871E-02
135.00 0.13583E-02
135.50 0.13286E-02
136.00 0.12981E-02
136.50 0.12668E-02
137.00 0.12346E-02
137.50 0.12017E-02
138.00 0.11680E-02
138.50 0.11336E-02
139.00 0.10984E-02
139.50 0.10624E-02
140.00 0.10258E-02
140.50 0.98858E-03
141.00 0.95073E-03
141.50 0.91232E-03
142.00 0.87343E-03
142.50 0.83413E-03
143.00 0.79451E-03
143.50 0.75464E-03
144.00 0.71464E-03
144.50 0.67461E-03
145.00 0.63467E-03
145.50 0.59495E-03
146.00 0.55559E-03
146.50 0.51672E-03
147.00 0.47848E-03
147.50 0.44105E-03
148.00 0.40456E-03
148.50 0.36917E-03
149.00 0.33505E-03
149.50 0.30235E-03
150.00 0.27123E-03
150.50 0.24184E-03
151.00 0.21434E-03
151.50 0.18885E-03
152.00 0.16552E-03
152.50 0.14447E-03
153.00 0.12581E-03
153.50 0.10965E-03
154.00 0.96072E-04
154.50 0.85148E-04
155.00 0.76936E-04
155.50 0.71480E-04
156.00 0.68802E-04
156.50 0.68912E-04
157.00 0.71800E-04
157.50 0.77438E-04
158.00 0.85784E-04
158.50 0.96776E-04
159.00 0.11034E-03
159.50 0.12638E-03
160.00 0.14479E-03
160.50 0.16545E-03
161.00 0.18823E-03
161.50 0.21298E-03
162.00 0.23956E-03
162.50 0.26779E-03
163.00 0.29751E-03
163.50 0.32853E-03
164.00 0.36070E-03
164.50 0.39380E-03
165.00 0.42768E-03
165.50 0.46214E-03
166.00 0.49699E-03
166.50 0.53207E-03
167.00 0.56719E-03
167.50 0.60219E-03
168.00 0.63690E-03
168.50 0.67118E-03
169.00 0.70486E-03
169.50 0.73782E-03
170.00 0.76992E-03
170.50 0.80105E-03
171.00 0.83109E-03
171.50 0.85994E-03
172.00 0.88752E-03
172.50 0.91375E-03
173.00 0.93854E-03
173.50 0.96184E-03
174.00 0.98359E-03
174.50 0.10037E-02
175.00 0.10223E-02
175.50 0.10391E-02
176.00 0.10542E-02
176.50 0.10676E-02
177.00 0.10793E-02
177.50 0.10892E-02
178.00 0.10973E-02
178.50 0.11036E-02
179.00 0.11081E-02
179.50 0.11108E-02
180.00 0.11117E-02
