0.10000E-01 1.0000
0.50000 0.99755
1.0000 0.98608
1.5000 0.96646
2.0000 0.94052
2.5000 0.91008
3.0000 0.87686
3.5000 0.84248
4.0000 0.80845
4.5000 0.77624
5.0000 0.74719
5.5000 0.72259
6.0000 0.70361
6.5000 0.69134
7.0000 0.68677
7.5000 0.69076
8.0000 0.70405
8.5000 0.72724
9.0000 0.76079
9.5000 0.80502
10.000 0.86010
10.500 0.92602
11.000 1.0026
11.500 1.0896
12.000 1.1864
12.500 1.2925
13.000 1.4071
13.500 1.5293
14.000 1.6580
14.500 1.7920
15.000 1.9301
15.500 2.0710
16.000 2.2132
16.500 2.3553
17.000 2.4957
17.500 2.6329
18.000 2.7655
18.500 2.8920
19.000 3.0109
19.500 3.1209
20.000 3.2206
20.500 3.3089
21.000 3.3848
21.500 3.4472
22.000 3.4955
22.500 3.5289
23.000 3.5469
23.500 3.5494
24.000 3.5360
24.500 3.5068
25.000 3.4620
25.500 3.4021
26.000 3.3274
26.500 3.2387
27.000 3.1369
27.500 3.0229
28.000 2.8977
28.500 2.7626
29.000 2.6189
29.500 2.4680
30.000 2.3113
30.500 2.1503
31.000 1.9865
31.500 1.8214
32.000 1.6566
32.500 1.4936
33.000 1.3339
33.500 1.1788
34.000 1.0296
34.500 0.88775
35.000 0.75426
35.500 0.63022
36.000 0.51657
36.500 0.41412
37.000 0.32355
37.500 0.24542
38.000 0.18013
38.500 0.12794
39.000 0.89002E-01
39.500 0.63294E-01
40.000 0.50677E-01
40.500 0.50879E-01
41.000 0.63506E-01
41.500 0.88045E-01
42.000 0.12388
42.500 0.17028
43.000 0.22645
43.500 0.29149
44.000 0.36446
44.500 0.44435
45.000 0.53011
45.500 0.62065
46.000 0.71488
46.500 0.81168
47.000 0.90996
47.500 1.0086
48.000 1.1066
48.500 1.2030
49.000 1.2966
49.500 1.3867
50.000 1.4723
50.500 1.5527
51.000 1.6272
51.500 1.6951
52.000 1.7559
52.500 1.8091
53.000 1.8544
53.500 1.8915
54.000 1.9202
54.500 1.9405
55.000 1.9523
55.500 1.9557
56.000 1.9508
56.500 1.9380
57.000 1.9176
57.500 1.8899
58.000 1.8553
58.500 1.8145
59.000 1.7680
59.500 1.7164
60.000 1.6603
