0.0000 0.20009E-05
0.50000 0.20006E-05
1.0000 0.19997E-05
1.5000 0.19981E-05
2.0000 0.19960E-05
2.5000 0.19932E-05
3.0000 0.19898E-05
3.5000 0.19857E-05
4.0000 0.19811E-05
4.5000 0.19759E-05
5.0000 0.19702E-05
5.5000 0.19638E-05
6.0000 0.19569E-05
6.5000 0.19495E-05
7.0000 0.19415E-05
7.5000 0.19330E-05
8.0000 0.19240E-05
8.5000 0.19145E-05
9.0000 0.19046E-05
9.5000 0.18941E-05
10.000 0.18833E-05
10.500 0.18720E-05
11.000 0.18603E-05
11.500 0.18483E-05
12.000 0.18359E-05
12.500 0.18231E-05
13.000 0.18101E-05
13.500 0.17967E-05
14.000 0.17830E-05
14.500 0.17691E-05
15.000 0.17550E-05
15.500 0.17406E-05
16.000 0.17261E-05
16.500 0.17114E-05
17.000 0.16965E-05
17.500 0.16815E-05
18.000 0.16664E-05
18.500 0.16512E-05
19.000 0.16359E-05
19.500 0.16206E-05
20.000 0.16053E-05
20.500 0.15899E-05
21.000 0.15746E-05
21.500 0.15593E-05
22.000 0.15440E-05
22.500 0.15288E-05
23.000 0.15137E-05
23.500 0.14987E-05
24.000 0.14838E-05
24.500 0.14690E-05
25.000 0.14543E-05
25.500 0.14398E-05
26.000 0.14255E-05
26.500 0.14113E-05
27.000 0.13974E-05
27.500 0.13836E-05
28.000 0.13701E-05
28.500 0.13567E-05
29.000 0.13436E-05
29.500 0.13307E-05
30.000 0.13181E-05
30.500 0.13057E-05
31.000 0.12935E-05
31.500 0.12817E-05
32.000 0.12700E-05
32.500 0.12587E-05
33.000 0.12476E-05
33.500 0.12368E-05
34.000 0.12262E-05
34.500 0.12159E-05
35.000 0.12059E-05
35.500 0.11962E-05
36.000 0.11868E-05
36.500 0.11776E-05
37.000 0.11687E-05
37.500 0.11600E-05
38.000 0.11517E-05
38.500 0.11436E-05
39.000 0.11358E-05
39.500 0.11282E-05
40.000 0.11209E-05
40.500 0.11139E-05
41.000 0.11071E-05
41.500 0.11006E-05
42.000 0.10943E-05
42.500 0.10883E-05
43.000 0.10825E-05
43.500 0.10770E-05
44.000 0.10717E-05
44.500 0.10667E-05
45.000 0.10618E-05
45.500 0.10573E-05
46.000 0.10529E-05
46.500 0.10488E-05
47.000 0.10449E-05
47.500 0.10412E-05
48.000 0.10377E-05
48.500 0.10345E-05
49.000 0.10315E-05
49.500 0.10287E-05
50.000 0.10261E-05
50.500 0.10237E-05
51.000 0.10215E-05
51.500 0.10195E-05
52.000 0.10178E-05
52.500 0.10162E-05
53.000 0.10149E-05
53.500 0.10137E-05
54.000 0.10128E-05
54.500 0.10121E-05
55.000 0.10116E-05
55.500 0.10112E-05
56.000 0.10111E-05
56.500 0.10112E-05
57.000 0.10115E-05
57.500 0.10120E-05
58.000 0.10127E-05
58.500 0.10136E-05
59.000 0.10148E-05
59.500 0.10161E-05
60.000 0.10176E-05
