0.0000 0.10384
0.50000 0.10382
1.0000 0.10374
1.5000 0.10362
2.0000 0.10345
2.5000 0.10324
3.0000 0.10297
3.5000 0.10265
4.0000 0.10228
4.5000 0.10187
5.0000 0.10140
5.5000 0.10089
6.0000 0.10032
6.5000 0.99706E-01
7.0000 0.99042E-01
7.5000 0.98329E-01
8.0000 0.97568E-01
8.5000 0.96759E-01
9.0000 0.95904E-01
9.5000 0.95004E-01
10.000 0.94059E-01
10.500 0.93072E-01
11.000 0.92043E-01
11.500 0.90973E-01
12.000 0.89865E-01
12.500 0.88720E-01
13.000 0.87539E-01
13.500 0.86324E-01
14.000 0.85077E-01
14.500 0.83799E-01
15.000 0.82491E-01
15.500 0.81155E-01
16.000 0.79793E-01
16.500 0.78406E-01
17.000 0.76995E-01
17.500 0.75563E-01
18.000 0.74109E-01
18.500 0.72637E-01
19.000 0.71146E-01
19.500 0.69640E-01
20.000 0.68119E-01
20.500 0.66585E-01
21.000 0.65040E-01
21.500 0.63485E-01
22.000 0.61923E-01
22.500 0.60355E-01
23.000 0.58782E-01
23.500 0.57207E-01
24.000 0.55633E-01
24.500 0.54060E-01
25.000 0.52490E-01
25.500 0.50927E-01
26.000 0.49371E-01
26.500 0.47824E-01
27.000 0.46289E-01
27.500 0.44767E-01
28.000 0.43260E-01
28.500 0.41769E-01
29.000 0.40296E-01
29.500 0.38843E-01
30.000 0.37411E-01
30.500 0.36000E-01
31.000 0.34613E-01
31.500 0.33251E-01
32.000 0.31914E-01
32.500 0.30604E-01
33.000 0.29321E-01
33.500 0.28066E-01
34.000 0.26840E-01
34.500 0.25644E-01
35.000 0.24478E-01
35.500 0.23343E-01
36.000 0.22239E-01
36.500 0.21167E-01
37.000 0.20128E-01
37.500 0.19121E-01
38.000 0.18148E-01
38.500 0.17207E-01
39.000 0.16300E-01
39.500 0.15427E-01
40.000 0.14587E-01
40.500 0.13781E-01
41.000 0.13009E-01
41.500 0.12270E-01
42.000 0.11564E-01
42.500 0.10891E-01
43.000 0.10251E-01
43.500 0.96425E-02
44.000 0.90659E-02
44.500 0.85203E-02
45.000 0.80053E-02
45.500 0.75200E-02
46.000 0.70640E-02
46.500 0.66363E-02
47.000 0.62363E-02
47.500 0.58632E-02
48.000 0.55162E-02
48.500 0.51945E-02
49.000 0.48972E-02
49.500 0.46235E-02
50.000 0.43726E-02
50.500 0.41435E-02
51.000 0.39355E-02
51.500 0.37477E-02
52.000 0.35793E-02
52.500 0.34292E-02
53.000 0.32969E-02
53.500 0.31813E-02
54.000 0.30816E-02
54.500 0.29969E-02
55.000 0.29265E-02
55.500 0.28695E-02
56.000 0.28250E-02
56.500 0.27923E-02
57.000 0.27704E-02
57.500 0.27587E-02
58.000 0.27562E-02
58.500 0.27623E-02
59.000 0.27761E-02
59.500 0.27969E-02
60.000 0.28241E-02
