0.0000 0.35039
0.50000 0.35032
1.0000 0.35012
1.5000 0.34979
2.0000 0.34933
2.5000 0.34874
3.0000 0.34801
3.5000 0.34716
4.0000 0.34618
4.5000 0.34508
5.0000 0.34385
5.5000 0.34250
6.0000 0.34102
6.5000 0.33943
7.0000 0.33772
7.5000 0.33590
8.0000 0.33397
8.5000 0.33193
9.0000 0.32978
9.5000 0.32754
10.000 0.32519
10.500 0.32275
11.000 0.32021
11.500 0.31759
12.000 0.31488
12.500 0.31209
13.000 0.30922
13.500 0.30628
14.000 0.30327
14.500 0.30019
15.000 0.29704
15.500 0.29384
16.000 0.29059
16.500 0.28728
17.000 0.28393
17.500 0.28053
18.000 0.27709
18.500 0.27362
19.000 0.27012
19.500 0.26659
20.000 0.26303
20.500 0.25945
21.000 0.25586
21.500 0.25226
22.000 0.24864
22.500 0.24502
23.000 0.24140
23.500 0.23778
24.000 0.23416
24.500 0.23054
25.000 0.22694
25.500 0.22335
26.000 0.21977
26.500 0.21622
27.000 0.21268
27.500 0.20917
28.000 0.20568
28.500 0.20222
29.000 0.19880
29.500 0.19540
30.000 0.19204
30.500 0.18871
31.000 0.18543
31.500 0.18218
32.000 0.17897
32.500 0.17581
33.000 0.17269
33.500 0.16962
34.000 0.16659
34.500 0.16362
35.000 0.16069
35.500 0.15781
36.000 0.15498
36.500 0.15221
37.000 0.14949
37.500 0.14682
38.000 0.14421
38.500 0.14165
39.000 0.13914
39.500 0.13669
40.000 0.13430
40.500 0.13196
41.000 0.12968
41.500 0.12746
42.000 0.12529
42.500 0.12319
43.000 0.12113
43.500 0.11914
44.000 0.11720
44.500 0.11532
45.000 0.11349
45.500 0.11172
46.000 0.11001
46.500 0.10835
47.000 0.10675
47.500 0.10520
48.000 0.10371
48.500 0.10228
49.000 0.10089
49.500 0.99564E-01
50.000 0.98288E-01
50.500 0.97065E-01
51.000 0.95894E-01
51.500 0.94774E-01
52.000 0.93705E-01
52.500 0.92687E-01
53.000 0.91718E-01
53.500 0.90797E-01
54.000 0.89925E-01
54.500 0.89100E-01
55.000 0.88321E-01
55.500 0.87588E-01
56.000 0.86900E-01
56.500 0.86256E-01
57.000 0.85654E-01
57.500 0.85095E-01
58.000 0.84577E-01
58.500 0.84100E-01
59.000 0.83661E-01
59.500 0.83261E-01
60.000 0.82897E-01
