0.0000 0.25218
0.50000 0.25231
1.0000 0.25271
1.5000 0.25337
2.0000 0.25429
2.5000 0.25547
3.0000 0.25689
3.5000 0.25856
4.0000 0.26046
4.5000 0.26259
5.0000 0.26493
5.5000 0.26748
6.0000 0.27022
6.5000 0.27313
7.0000 0.27621
7.5000 0.27945
8.0000 0.28282
8.5000 0.28632
9.0000 0.28993
9.5000 0.29363
10.000 0.29741
10.500 0.30126
11.000 0.30516
11.500 0.30908
12.000 0.31303
12.500 0.31698
13.000 0.32092
13.500 0.32482
14.000 0.32868
14.500 0.33248
15.000 0.33621
15.500 0.33984
16.000 0.34337
16.500 0.34678
17.000 0.35005
17.500 0.35317
18.000 0.35613
18.500 0.35892
19.000 0.36152
19.500 0.36392
20.000 0.36611
20.500 0.36809
21.000 0.36984
21.500 0.37135
22.000 0.37262
22.500 0.37365
23.000 0.37442
23.500 0.37494
24.000 0.37520
24.500 0.37519
25.000 0.37492
25.500 0.37439
26.000 0.37359
26.500 0.37254
27.000 0.37122
27.500 0.36964
28.000 0.36780
28.500 0.36572
29.000 0.36339
29.500 0.36081
30.000 0.35800
30.500 0.35496
31.000 0.35169
31.500 0.34820
32.000 0.34451
32.500 0.34061
33.000 0.33652
33.500 0.33225
34.000 0.32780
34.500 0.32319
35.000 0.31842
35.500 0.31351
36.000 0.30846
36.500 0.30330
37.000 0.29802
37.500 0.29265
38.000 0.28719
38.500 0.28165
39.000 0.27606
39.500 0.27041
40.000 0.26473
40.500 0.25903
41.000 0.25331
41.500 0.24758
42.000 0.24187
42.500 0.23618
43.000 0.23053
43.500 0.22491
44.000 0.21935
44.500 0.21384
45.000 0.20841
45.500 0.20306
46.000 0.19780
46.500 0.19264
47.000 0.18757
47.500 0.18262
48.000 0.17779
48.500 0.17307
49.000 0.16849
49.500 0.16404
50.000 0.15973
50.500 0.15556
51.000 0.15154
51.500 0.14767
52.000 0.14395
52.500 0.14038
53.000 0.13698
53.500 0.13373
54.000 0.13064
54.500 0.12771
55.000 0.12494
55.500 0.12233
56.000 0.11988
56.500 0.11758
57.000 0.11544
57.500 0.11345
58.000 0.11162
58.500 0.10993
59.000 0.10838
59.500 0.10698
60.000 0.10570
