0.0000 0.43544
0.50000 0.43549
1.0000 0.43567
1.5000 0.43595
2.0000 0.43635
2.5000 0.43686
3.0000 0.43748
3.5000 0.43821
4.0000 0.43904
4.5000 0.43998
5.0000 0.44101
5.5000 0.44214
6.0000 0.44336
6.5000 0.44466
7.0000 0.44604
7.5000 0.44750
8.0000 0.44903
8.5000 0.45063
9.0000 0.45228
9.5000 0.45398
10.000 0.45573
10.500 0.45752
11.000 0.45933
11.500 0.46117
12.000 0.46302
12.500 0.46489
13.000 0.46675
13.500 0.46860
14.000 0.47044
14.500 0.47225
15.000 0.47403
15.500 0.47576
16.000 0.47745
16.500 0.47907
17.000 0.48063
17.500 0.48212
18.000 0.48352
18.500 0.48483
19.000 0.48604
19.500 0.48714
20.000 0.48813
20.500 0.48900
21.000 0.48974
21.500 0.49034
22.000 0.49080
22.500 0.49111
23.000 0.49126
23.500 0.49126
24.000 0.49109
24.500 0.49076
25.000 0.49024
25.500 0.48956
26.000 0.48869
26.500 0.48763
27.000 0.48640
27.500 0.48497
28.000 0.48336
28.500 0.48156
29.000 0.47956
29.500 0.47739
30.000 0.47502
30.500 0.47246
31.000 0.46973
31.500 0.46681
32.000 0.46371
32.500 0.46044
33.000 0.45700
33.500 0.45339
34.000 0.44963
34.500 0.44571
35.000 0.44164
35.500 0.43743
36.000 0.43308
36.500 0.42861
37.000 0.42402
37.500 0.41932
38.000 0.41451
38.500 0.40962
39.000 0.40464
39.500 0.39958
40.000 0.39446
40.500 0.38928
41.000 0.38406
41.500 0.37880
42.000 0.37351
42.500 0.36821
43.000 0.36290
43.500 0.35760
44.000 0.35231
44.500 0.34704
45.000 0.34181
45.500 0.33662
46.000 0.33148
46.500 0.32641
47.000 0.32140
47.500 0.31648
48.000 0.31164
48.500 0.30689
49.000 0.30225
49.500 0.29772
50.000 0.29330
50.500 0.28901
51.000 0.28485
51.500 0.28082
52.000 0.27693
52.500 0.27318
53.000 0.26958
53.500 0.26614
54.000 0.26284
54.500 0.25971
55.000 0.25673
55.500 0.25392
56.000 0.25127
56.500 0.24878
57.000 0.24645
57.500 0.24429
58.000 0.24229
58.500 0.24045
59.000 0.23877
59.500 0.23725
60.000 0.23588
