0.0000 0.53519E-01
0.50000 0.53477E-01
1.0000 0.53349E-01
1.5000 0.53137E-01
2.0000 0.52842E-01
2.5000 0.52465E-01
3.0000 0.52007E-01
3.5000 0.51473E-01
4.0000 0.50863E-01
4.5000 0.50182E-01
5.0000 0.49434E-01
5.5000 0.48623E-01
6.0000 0.47754E-01
6.5000 0.46833E-01
7.0000 0.45864E-01
7.5000 0.44856E-01
8.0000 0.43815E-01
8.5000 0.42748E-01
9.0000 0.41663E-01
9.5000 0.40568E-01
10.000 0.39471E-01
10.500 0.38381E-01
11.000 0.37306E-01
11.500 0.36254E-01
12.000 0.35234E-01
12.500 0.34252E-01
13.000 0.33317E-01
13.500 0.32435E-01
14.000 0.31613E-01
14.500 0.30856E-01
15.000 0.30169E-01
15.500 0.29555E-01
16.000 0.29017E-01
16.500 0.28557E-01
17.000 0.28175E-01
17.500 0.27872E-01
18.000 0.27645E-01
18.500 0.27493E-01
19.000 0.27412E-01
19.500 0.27396E-01
20.000 0.27442E-01
20.500 0.27542E-01
21.000 0.27690E-01
21.500 0.27879E-01
22.000 0.28100E-01
22.500 0.28345E-01
23.000 0.28606E-01
23.500 0.28874E-01
24.000 0.29140E-01
24.500 0.29397E-01
25.000 0.29637E-01
25.500 0.29851E-01
26.000 0.30032E-01
26.500 0.30174E-01
27.000 0.30272E-01
27.500 0.30320E-01
28.000 0.30313E-01
28.500 0.30250E-01
29.000 0.30126E-01
29.500 0.29940E-01
30.000 0.29692E-01
30.500 0.29381E-01
31.000 0.29009E-01
31.500 0.28576E-01
32.000 0.28086E-01
32.500 0.27541E-01
33.000 0.26945E-01
33.500 0.26301E-01
34.000 0.25615E-01
34.500 0.24890E-01
35.000 0.24133E-01
35.500 0.23348E-01
36.000 0.22540E-01
36.500 0.21716E-01
37.000 0.20880E-01
37.500 0.20037E-01
38.000 0.19193E-01
38.500 0.18352E-01
39.000 0.17519E-01
39.500 0.16698E-01
40.000 0.15893E-01
40.500 0.15107E-01
41.000 0.14344E-01
41.500 0.13606E-01
42.000 0.12896E-01
42.500 0.12216E-01
43.000 0.11567E-01
43.500 0.10951E-01
44.000 0.10368E-01
44.500 0.98190E-02
45.000 0.93044E-02
45.500 0.88241E-02
46.000 0.83778E-02
46.500 0.79651E-02
47.000 0.75853E-02
47.500 0.72375E-02
48.000 0.69208E-02
48.500 0.66342E-02
49.000 0.63764E-02
49.500 0.61462E-02
50.000 0.59423E-02
50.500 0.57634E-02
51.000 0.56082E-02
51.500 0.54753E-02
52.000 0.53636E-02
52.500 0.52716E-02
53.000 0.51980E-02
53.500 0.51418E-02
54.000 0.51017E-02
54.500 0.50766E-02
55.000 0.50654E-02
55.500 0.50670E-02
56.000 0.50804E-02
56.500 0.51047E-02
57.000 0.51388E-02
57.500 0.51820E-02
58.000 0.52333E-02
58.500 0.52918E-02
59.000 0.53569E-02
59.500 0.54275E-02
60.000 0.55031E-02
60.500 0.55827E-02
61.000 0.56657E-02
61.500 0.57512E-02
62.000 0.58387E-02
62.500 0.59273E-02
63.000 0.60163E-02
63.500 0.61051E-02
64.000 0.61930E-02
64.500 0.62794E-02
65.000 0.63636E-02
65.500 0.64450E-02
66.000 0.65230E-02
66.500 0.65971E-02
67.000 0.66668E-02
67.500 0.67314E-02
68.000 0.67907E-02
68.500 0.68441E-02
69.000 0.68912E-02
69.500 0.69317E-02
70.000 0.69653E-02
70.500 0.69917E-02
71.000 0.70106E-02
71.500 0.70219E-02
72.000 0.70255E-02
72.500 0.70211E-02
73.000 0.70088E-02
73.500 0.69886E-02
74.000 0.69604E-02
74.500 0.69243E-02
75.000 0.68804E-02
75.500 0.68289E-02
76.000 0.67699E-02
76.500 0.67036E-02
77.000 0.66303E-02
77.500 0.65503E-02
78.000 0.64637E-02
78.500 0.63709E-02
79.000 0.62723E-02
79.500 0.61681E-02
80.000 0.60588E-02
80.500 0.59446E-02
81.000 0.58260E-02
81.500 0.57034E-02
82.000 0.55770E-02
82.500 0.54474E-02
83.000 0.53148E-02
83.500 0.51797E-02
84.000 0.50425E-02
84.500 0.49035E-02
85.000 0.47630E-02
85.500 0.46216E-02
86.000 0.44794E-02
86.500 0.43370E-02
87.000 0.41945E-02
87.500 0.40524E-02
88.000 0.39110E-02
88.500 0.37706E-02
89.000 0.36314E-02
89.500 0.34939E-02
90.000 0.33582E-02
90.500 0.32247E-02
91.000 0.30935E-02
91.500 0.29651E-02
92.000 0.28395E-02
92.500 0.27170E-02
93.000 0.25978E-02
93.500 0.24821E-02
94.000 0.23702E-02
94.500 0.22621E-02
95.000 0.21580E-02
95.500 0.20582E-02
96.000 0.19626E-02
96.500 0.18715E-02
97.000 0.17849E-02
97.500 0.17030E-02
98.000 0.16257E-02
98.500 0.15532E-02
99.000 0.14856E-02
99.500 0.14228E-02
100.00 0.13648E-02
100.50 0.13117E-02
101.00 0.12635E-02
101.50 0.12200E-02
102.00 0.11813E-02
102.50 0.11473E-02
103.00 0.11179E-02
103.50 0.10931E-02
104.00 0.10725E-02
104.50 0.10563E-02
105.00 0.10441E-02
105.50 0.10360E-02
106.00 0.10315E-02
106.50 0.10307E-02
107.00 0.10333E-02
107.50 0.10390E-02
108.00 0.10477E-02
108.50 0.10592E-02
109.00 0.10731E-02
109.50 0.10894E-02
110.00 0.11077E-02
110.50 0.11278E-02
111.00 0.11494E-02
111.50 0.11723E-02
112.00 0.11963E-02
112.50 0.12212E-02
113.00 0.12466E-02
113.50 0.12723E-02
114.00 0.12982E-02
114.50 0.13240E-02
115.00 0.13495E-02
115.50 0.13745E-02
116.00 0.13988E-02
116.50 0.14223E-02
117.00 0.14448E-02
117.50 0.14661E-02
118.00 0.14861E-02
118.50 0.15047E-02
119.00 0.15219E-02
119.50 0.15374E-02
120.00 0.15513E-02
120.50 0.15634E-02
121.00 0.15738E-02
121.50 0.15824E-02
122.00 0.15892E-02
122.50 0.15942E-02
123.00 0.15974E-02
123.50 0.15988E-02
124.00 0.15985E-02
124.50 0.15964E-02
125.00 0.15926E-02
125.50 0.15872E-02
126.00 0.15803E-02
126.50 0.15717E-02
127.00 0.15618E-02
127.50 0.15504E-02
128.00 0.15377E-02
128.50 0.15236E-02
129.00 0.15084E-02
129.50 0.14920E-02
130.00 0.14745E-02
130.50 0.14559E-02
131.00 0.14363E-02
131.50 0.14157E-02
132.00 0.13942E-02
132.50 0.13719E-02
133.00 0.13486E-02
133.50 0.13245E-02
134.00 0.12996E-02
134.50 0.12739E-02
135.00 0.12474E-02
135.50 0.12202E-02
136.00 0.11922E-02
136.50 0.11634E-02
137.00 0.11339E-02
137.50 0.11037E-02
138.00 0.10727E-02
138.50 0.10411E-02
139.00 0.10087E-02
139.50 0.97575E-03
140.00 0.94212E-03
140.50 0.90791E-03
141.00 0.87313E-03
141.50 0.83786E-03
142.00 0.80215E-03
142.50 0.76606E-03
143.00 0.72967E-03
143.50 0.69306E-03
144.00 0.65632E-03
144.50 0.61956E-03
145.00 0.58289E-03
145.50 0.54641E-03
146.00 0.51026E-03
146.50 0.47456E-03
147.00 0.43945E-03
147.50 0.40507E-03
148.00 0.37155E-03
148.50 0.33905E-03
149.00 0.30772E-03
149.50 0.27768E-03
150.00 0.24910E-03
150.50 0.22211E-03
151.00 0.19684E-03
151.50 0.17344E-03
152.00 0.15201E-03
152.50 0.13268E-03
153.00 0.11554E-03
153.50 0.10070E-03
154.00 0.88229E-04
154.50 0.78197E-04
155.00 0.70656E-04
155.50 0.65645E-04
156.00 0.63186E-04
156.50 0.63287E-04
157.00 0.65939E-04
157.50 0.71118E-04
158.00 0.78782E-04
158.50 0.88878E-04
159.00 0.10133E-03
159.50 0.11607E-03
160.00 0.13297E-03
160.50 0.15195E-03
161.00 0.17287E-03
161.50 0.19561E-03
162.00 0.22002E-03
162.50 0.24594E-03
163.00 0.27324E-03
163.50 0.30174E-03
164.00 0.33127E-03
164.50 0.36168E-03
165.00 0.39279E-03
165.50 0.42443E-03
166.00 0.45644E-03
166.50 0.48865E-03
167.00 0.52091E-03
167.50 0.55305E-03
168.00 0.58493E-03
168.50 0.61640E-03
169.00 0.64734E-03
169.50 0.67760E-03
170.00 0.70709E-03
170.50 0.73567E-03
171.00 0.76326E-03
171.50 0.78977E-03
172.00 0.81510E-03
172.50 0.83918E-03
173.00 0.86196E-03
173.50 0.88336E-03
174.00 0.90334E-03
174.50 0.92185E-03
175.00 0.93886E-03
175.50 0.95432E-03
176.00 0.96822E-03
176.50 0.98054E-03
177.00 0.99124E-03
177.50 0.10003E-02
178.00 0.10078E-02
178.50 0.10136E-02
179.00 0.10177E-02
179.50 0.10202E-02
180.00 0.10210E-02
