0.0000 0.44031E-01
0.50000 0.44003E-01
1.0000 0.43920E-01
1.5000 0.43783E-01
2.0000 0.43591E-01
2.5000 0.43346E-01
3.0000 0.43050E-01
3.5000 0.42702E-01
4.0000 0.42306E-01
4.5000 0.41863E-01
5.0000 0.41375E-01
5.5000 0.40846E-01
6.0000 0.40277E-01
6.5000 0.39673E-01
7.0000 0.39037E-01
7.5000 0.38372E-01
8.0000 0.37683E-01
8.5000 0.36974E-01
9.0000 0.36250E-01
9.5000 0.35514E-01
10.000 0.34773E-01
10.500 0.34030E-01
11.000 0.33290E-01
11.500 0.32558E-01
12.000 0.31839E-01
12.500 0.31137E-01
13.000 0.30457E-01
13.500 0.29801E-01
14.000 0.29174E-01
14.500 0.28579E-01
15.000 0.28018E-01
15.500 0.27494E-01
16.000 0.27008E-01
16.500 0.26561E-01
17.000 0.26153E-01
17.500 0.25785E-01
18.000 0.25456E-01
18.500 0.25165E-01
19.000 0.24909E-01
19.500 0.24687E-01
20.000 0.24496E-01
20.500 0.24333E-01
21.000 0.24194E-01
21.500 0.24075E-01
22.000 0.23972E-01
22.500 0.23882E-01
23.000 0.23799E-01
23.500 0.23720E-01
24.000 0.23640E-01
24.500 0.23555E-01
25.000 0.23462E-01
25.500 0.23356E-01
26.000 0.23233E-01
26.500 0.23092E-01
27.000 0.22929E-01
27.500 0.22742E-01
28.000 0.22529E-01
28.500 0.22288E-01
29.000 0.22019E-01
29.500 0.21722E-01
30.000 0.21395E-01
30.500 0.21040E-01
31.000 0.20657E-01
31.500 0.20248E-01
32.000 0.19813E-01
32.500 0.19356E-01
33.000 0.18877E-01
33.500 0.18379E-01
34.000 0.17864E-01
34.500 0.17336E-01
35.000 0.16797E-01
35.500 0.16249E-01
36.000 0.15695E-01
36.500 0.15139E-01
37.000 0.14582E-01
37.500 0.14028E-01
38.000 0.13479E-01
38.500 0.12936E-01
39.000 0.12403E-01
39.500 0.11881E-01
40.000 0.11372E-01
40.500 0.10878E-01
41.000 0.10399E-01
41.500 0.99365E-02
42.000 0.94921E-02
42.500 0.90663E-02
43.000 0.86593E-02
43.500 0.82717E-02
44.000 0.79036E-02
44.500 0.75550E-02
45.000 0.72257E-02
45.500 0.69155E-02
46.000 0.66241E-02
46.500 0.63511E-02
47.000 0.60958E-02
47.500 0.58578E-02
48.000 0.56365E-02
48.500 0.54312E-02
49.000 0.52412E-02
49.500 0.50658E-02
50.000 0.49045E-02
50.500 0.47566E-02
51.000 0.46213E-02
51.500 0.44982E-02
52.000 0.43865E-02
52.500 0.42858E-02
53.000 0.41954E-02
53.500 0.41149E-02
54.000 0.40437E-02
54.500 0.39814E-02
55.000 0.39276E-02
55.500 0.38817E-02
56.000 0.38435E-02
56.500 0.38124E-02
57.000 0.37882E-02
57.500 0.37703E-02
58.000 0.37586E-02
58.500 0.37525E-02
59.000 0.37517E-02
59.500 0.37559E-02
60.000 0.37646E-02
60.500 0.37774E-02
61.000 0.37940E-02
61.500 0.38139E-02
62.000 0.38368E-02
62.500 0.38622E-02
63.000 0.38896E-02
63.500 0.39187E-02
64.000 0.39491E-02
64.500 0.39802E-02
65.000 0.40118E-02
65.500 0.40432E-02
66.000 0.40742E-02
66.500 0.41044E-02
67.000 0.41333E-02
67.500 0.41605E-02
68.000 0.41858E-02
68.500 0.42087E-02
69.000 0.42290E-02
69.500 0.42464E-02
70.000 0.42605E-02
70.500 0.42712E-02
71.000 0.42783E-02
71.500 0.42815E-02
72.000 0.42808E-02
72.500 0.42760E-02
73.000 0.42670E-02
73.500 0.42537E-02
74.000 0.42361E-02
74.500 0.42143E-02
75.000 0.41882E-02
75.500 0.41579E-02
76.000 0.41235E-02
76.500 0.40851E-02
77.000 0.40428E-02
77.500 0.39967E-02
78.000 0.39470E-02
78.500 0.38938E-02
79.000 0.38375E-02
79.500 0.37781E-02
80.000 0.37159E-02
80.500 0.36511E-02
81.000 0.35839E-02
81.500 0.35146E-02
82.000 0.34434E-02
82.500 0.33704E-02
83.000 0.32961E-02
83.500 0.32205E-02
84.000 0.31439E-02
84.500 0.30666E-02
85.000 0.29887E-02
85.500 0.29104E-02
86.000 0.28321E-02
86.500 0.27538E-02
87.000 0.26758E-02
87.500 0.25982E-02
88.000 0.25212E-02
88.500 0.24451E-02
89.000 0.23699E-02
89.500 0.22958E-02
90.000 0.22230E-02
90.500 0.21516E-02
91.000 0.20817E-02
91.500 0.20134E-02
92.000 0.19469E-02
92.500 0.18823E-02
93.000 0.18196E-02
93.500 0.17589E-02
94.000 0.17004E-02
94.500 0.16440E-02
95.000 0.15899E-02
95.500 0.15381E-02
96.000 0.14887E-02
96.500 0.14416E-02
97.000 0.13970E-02
97.500 0.13548E-02
98.000 0.13151E-02
98.500 0.12779E-02
99.000 0.12432E-02
99.500 0.12109E-02
100.00 0.11812E-02
100.50 0.11539E-02
101.00 0.11291E-02
101.50 0.11067E-02
102.00 0.10867E-02
102.50 0.10690E-02
103.00 0.10535E-02
103.50 0.10403E-02
104.00 0.10293E-02
104.50 0.10203E-02
105.00 0.10133E-02
105.50 0.10082E-02
106.00 0.10050E-02
106.50 0.10034E-02
107.00 0.10035E-02
107.50 0.10051E-02
108.00 0.10081E-02
108.50 0.10124E-02
109.00 0.10178E-02
109.50 0.10243E-02
110.00 0.10317E-02
110.50 0.10400E-02
111.00 0.10489E-02
111.50 0.10585E-02
112.00 0.10684E-02
112.50 0.10787E-02
113.00 0.10892E-02
113.50 0.10999E-02
114.00 0.11105E-02
114.50 0.11210E-02
115.00 0.11313E-02
115.50 0.11413E-02
116.00 0.11508E-02
116.50 0.11599E-02
117.00 0.11684E-02
117.50 0.11763E-02
118.00 0.11835E-02
118.50 0.11899E-02
119.00 0.11955E-02
119.50 0.12003E-02
120.00 0.12042E-02
120.50 0.12072E-02
121.00 0.12092E-02
121.50 0.12103E-02
122.00 0.12105E-02
122.50 0.12098E-02
123.00 0.12081E-02
123.50 0.12055E-02
124.00 0.12019E-02
124.50 0.11975E-02
125.00 0.11922E-02
125.50 0.11861E-02
126.00 0.11792E-02
126.50 0.11715E-02
127.00 0.11630E-02
127.50 0.11538E-02
128.00 0.11439E-02
128.50 0.11334E-02
129.00 0.11223E-02
129.50 0.11106E-02
130.00 0.10984E-02
130.50 0.10856E-02
131.00 0.10724E-02
131.50 0.10587E-02
132.00 0.10446E-02
132.50 0.10300E-02
133.00 0.10151E-02
133.50 0.99989E-03
134.00 0.98430E-03
134.50 0.96839E-03
135.00 0.95216E-03
135.50 0.93565E-03
136.00 0.91885E-03
136.50 0.90178E-03
137.00 0.88446E-03
137.50 0.86690E-03
138.00 0.84911E-03
138.50 0.83111E-03
139.00 0.81291E-03
139.50 0.79455E-03
140.00 0.77604E-03
140.50 0.75740E-03
141.00 0.73868E-03
141.50 0.71990E-03
142.00 0.70110E-03
142.50 0.68231E-03
143.00 0.66359E-03
143.50 0.64498E-03
144.00 0.62654E-03
144.50 0.60831E-03
145.00 0.59036E-03
145.50 0.57274E-03
146.00 0.55552E-03
146.50 0.53876E-03
147.00 0.52253E-03
147.50 0.50690E-03
148.00 0.49193E-03
148.50 0.47771E-03
149.00 0.46428E-03
149.50 0.45173E-03
150.00 0.44011E-03
150.50 0.42949E-03
151.00 0.41993E-03
151.50 0.41149E-03
152.00 0.40420E-03
152.50 0.39812E-03
153.00 0.39329E-03
153.50 0.38974E-03
154.00 0.38749E-03
154.50 0.38656E-03
155.00 0.38696E-03
155.50 0.38869E-03
156.00 0.39174E-03
156.50 0.39610E-03
157.00 0.40175E-03
157.50 0.40865E-03
158.00 0.41676E-03
158.50 0.42603E-03
159.00 0.43643E-03
159.50 0.44787E-03
160.00 0.46031E-03
160.50 0.47366E-03
161.00 0.48785E-03
161.50 0.50280E-03
162.00 0.51843E-03
162.50 0.53465E-03
163.00 0.55138E-03
163.50 0.56851E-03
164.00 0.58597E-03
164.50 0.60366E-03
165.00 0.62149E-03
165.50 0.63938E-03
166.00 0.65724E-03
166.50 0.67499E-03
167.00 0.69256E-03
167.50 0.70986E-03
168.00 0.72684E-03
168.50 0.74342E-03
169.00 0.75954E-03
169.50 0.77516E-03
170.00 0.79023E-03
170.50 0.80470E-03
171.00 0.81853E-03
171.50 0.83170E-03
172.00 0.84418E-03
172.50 0.85595E-03
173.00 0.86698E-03
173.50 0.87727E-03
174.00 0.88681E-03
174.50 0.89558E-03
175.00 0.90359E-03
175.50 0.91082E-03
176.00 0.91729E-03
176.50 0.92300E-03
177.00 0.92793E-03
177.50 0.93210E-03
178.00 0.93551E-03
178.50 0.93816E-03
179.00 0.94005E-03
179.50 0.94118E-03
180.00 0.94156E-03
