0.0000 0.47570E-01
0.50000 0.47547E-01
1.0000 0.47478E-01
1.5000 0.47363E-01
2.0000 0.47204E-01
2.5000 0.47000E-01
3.0000 0.46752E-01
3.5000 0.46462E-01
4.0000 0.46130E-01
4.5000 0.45759E-01
5.0000 0.45350E-01
5.5000 0.44905E-01
6.0000 0.44425E-01
6.5000 0.43914E-01
7.0000 0.43374E-01
7.5000 0.42807E-01
8.0000 0.42217E-01
8.5000 0.41606E-01
9.0000 0.40977E-01
9.5000 0.40335E-01
10.000 0.39681E-01
10.500 0.39019E-01
11.000 0.38353E-01
11.500 0.37686E-01
12.000 0.37020E-01
12.500 0.36359E-01
13.000 0.35705E-01
13.500 0.35061E-01
14.000 0.34429E-01
14.500 0.33812E-01
15.000 0.33211E-01
15.500 0.32627E-01
16.000 0.32062E-01
16.500 0.31516E-01
17.000 0.30990E-01
17.500 0.30484E-01
18.000 0.29998E-01
18.500 0.29531E-01
19.000 0.29082E-01
19.500 0.28650E-01
20.000 0.28233E-01
20.500 0.27831E-01
21.000 0.27441E-01
21.500 0.27061E-01
22.000 0.26689E-01
22.500 0.26323E-01
23.000 0.25961E-01
23.500 0.25600E-01
24.000 0.25239E-01
24.500 0.24876E-01
25.000 0.24508E-01
25.500 0.24134E-01
26.000 0.23753E-01
26.500 0.23363E-01
27.000 0.22963E-01
27.500 0.22552E-01
28.000 0.22131E-01
28.500 0.21698E-01
29.000 0.21254E-01
29.500 0.20799E-01
30.000 0.20333E-01
30.500 0.19858E-01
31.000 0.19374E-01
31.500 0.18882E-01
32.000 0.18383E-01
32.500 0.17880E-01
33.000 0.17373E-01
33.500 0.16863E-01
34.000 0.16353E-01
34.500 0.15845E-01
35.000 0.15338E-01
35.500 0.14836E-01
36.000 0.14340E-01
36.500 0.13851E-01
37.000 0.13370E-01
37.500 0.12899E-01
38.000 0.12438E-01
38.500 0.11989E-01
39.000 0.11553E-01
39.500 0.11129E-01
40.000 0.10720E-01
40.500 0.10325E-01
41.000 0.99437E-02
41.500 0.95773E-02
42.000 0.92256E-02
42.500 0.88883E-02
43.000 0.85654E-02
43.500 0.82564E-02
44.000 0.79612E-02
44.500 0.76793E-02
45.000 0.74101E-02
45.500 0.71533E-02
46.000 0.69083E-02
46.500 0.66746E-02
47.000 0.64517E-02
47.500 0.62390E-02
48.000 0.60361E-02
48.500 0.58426E-02
49.000 0.56579E-02
49.500 0.54817E-02
50.000 0.53136E-02
50.500 0.51534E-02
51.000 0.50006E-02
51.500 0.48552E-02
52.000 0.47168E-02
52.500 0.45853E-02
53.000 0.44605E-02
53.500 0.43423E-02
54.000 0.42306E-02
54.500 0.41254E-02
55.000 0.40265E-02
55.500 0.39339E-02
56.000 0.38475E-02
56.500 0.37673E-02
57.000 0.36933E-02
57.500 0.36252E-02
58.000 0.35631E-02
58.500 0.35068E-02
59.000 0.34562E-02
59.500 0.34111E-02
60.000 0.33715E-02
60.500 0.33370E-02
61.000 0.33074E-02
61.500 0.32826E-02
62.000 0.32622E-02
62.500 0.32459E-02
63.000 0.32335E-02
63.500 0.32245E-02
64.000 0.32186E-02
64.500 0.32155E-02
65.000 0.32147E-02
65.500 0.32159E-02
66.000 0.32188E-02
66.500 0.32228E-02
67.000 0.32277E-02
67.500 0.32331E-02
68.000 0.32386E-02
68.500 0.32439E-02
69.000 0.32485E-02
69.500 0.32524E-02
70.000 0.32550E-02
70.500 0.32563E-02
71.000 0.32558E-02
71.500 0.32535E-02
72.000 0.32491E-02
72.500 0.32425E-02
73.000 0.32335E-02
73.500 0.32221E-02
74.000 0.32081E-02
74.500 0.31915E-02
75.000 0.31723E-02
75.500 0.31504E-02
76.000 0.31260E-02
76.500 0.30990E-02
77.000 0.30696E-02
77.500 0.30377E-02
78.000 0.30036E-02
78.500 0.29674E-02
79.000 0.29291E-02
79.500 0.28890E-02
80.000 0.28471E-02
80.500 0.28037E-02
81.000 0.27590E-02
81.500 0.27130E-02
82.000 0.26660E-02
82.500 0.26182E-02
83.000 0.25696E-02
83.500 0.25206E-02
84.000 0.24712E-02
84.500 0.24216E-02
85.000 0.23720E-02
85.500 0.23225E-02
86.000 0.22733E-02
86.500 0.22245E-02
87.000 0.21762E-02
87.500 0.21285E-02
88.000 0.20816E-02
88.500 0.20356E-02
89.000 0.19904E-02
89.500 0.19464E-02
90.000 0.19034E-02
90.500 0.18616E-02
91.000 0.18211E-02
91.500 0.17818E-02
92.000 0.17439E-02
92.500 0.17073E-02
93.000 0.16722E-02
93.500 0.16384E-02
94.000 0.16061E-02
94.500 0.15752E-02
95.000 0.15458E-02
95.500 0.15178E-02
96.000 0.14913E-02
96.500 0.14662E-02
97.000 0.14425E-02
97.500 0.14202E-02
98.000 0.13993E-02
98.500 0.13798E-02
99.000 0.13616E-02
99.500 0.13447E-02
100.00 0.13291E-02
100.50 0.13148E-02
101.00 0.13018E-02
101.50 0.12899E-02
102.00 0.12792E-02
102.50 0.12696E-02
103.00 0.12610E-02
103.50 0.12535E-02
104.00 0.12470E-02
104.50 0.12414E-02
105.00 0.12366E-02
105.50 0.12327E-02
106.00 0.12296E-02
106.50 0.12272E-02
107.00 0.12254E-02
107.50 0.12243E-02
108.00 0.12237E-02
108.50 0.12236E-02
109.00 0.12239E-02
109.50 0.12247E-02
110.00 0.12257E-02
110.50 0.12270E-02
111.00 0.12285E-02
111.50 0.12302E-02
112.00 0.12320E-02
112.50 0.12338E-02
113.00 0.12356E-02
113.50 0.12374E-02
114.00 0.12390E-02
114.50 0.12405E-02
115.00 0.12418E-02
115.50 0.12428E-02
116.00 0.12435E-02
116.50 0.12439E-02
117.00 0.12439E-02
117.50 0.12435E-02
118.00 0.12426E-02
118.50 0.12413E-02
119.00 0.12396E-02
119.50 0.12373E-02
120.00 0.12346E-02
120.50 0.12313E-02
121.00 0.12276E-02
121.50 0.12233E-02
122.00 0.12185E-02
122.50 0.12132E-02
123.00 0.12074E-02
123.50 0.12010E-02
124.00 0.11942E-02
124.50 0.11870E-02
125.00 0.11792E-02
125.50 0.11711E-02
126.00 0.11625E-02
126.50 0.11535E-02
127.00 0.11441E-02
127.50 0.11343E-02
128.00 0.11242E-02
128.50 0.11138E-02
129.00 0.11031E-02
129.50 0.10921E-02
130.00 0.10809E-02
130.50 0.10695E-02
131.00 0.10579E-02
131.50 0.10461E-02
132.00 0.10342E-02
132.50 0.10221E-02
133.00 0.10100E-02
133.50 0.99778E-03
134.00 0.98550E-03
134.50 0.97318E-03
135.00 0.96084E-03
135.50 0.94849E-03
136.00 0.93615E-03
136.50 0.92384E-03
137.00 0.91158E-03
137.50 0.89938E-03
138.00 0.88727E-03
138.50 0.87527E-03
139.00 0.86340E-03
139.50 0.85169E-03
140.00 0.84016E-03
140.50 0.82883E-03
141.00 0.81775E-03
141.50 0.80693E-03
142.00 0.79640E-03
142.50 0.78620E-03
143.00 0.77636E-03
143.50 0.76690E-03
144.00 0.75786E-03
144.50 0.74927E-03
145.00 0.74116E-03
145.50 0.73356E-03
146.00 0.72650E-03
146.50 0.72003E-03
147.00 0.71415E-03
147.50 0.70892E-03
148.00 0.70435E-03
148.50 0.70048E-03
149.00 0.69733E-03
149.50 0.69493E-03
150.00 0.69330E-03
150.50 0.69246E-03
151.00 0.69243E-03
151.50 0.69322E-03
152.00 0.69484E-03
152.50 0.69728E-03
153.00 0.70056E-03
153.50 0.70466E-03
154.00 0.70957E-03
154.50 0.71527E-03
155.00 0.72174E-03
155.50 0.72896E-03
156.00 0.73688E-03
156.50 0.74547E-03
157.00 0.75470E-03
157.50 0.76451E-03
158.00 0.77486E-03
158.50 0.78570E-03
159.00 0.79697E-03
159.50 0.80862E-03
160.00 0.82060E-03
160.50 0.83285E-03
161.00 0.84530E-03
161.50 0.85790E-03
162.00 0.87060E-03
162.50 0.88333E-03
163.00 0.89604E-03
163.50 0.90866E-03
164.00 0.92114E-03
164.50 0.93344E-03
165.00 0.94550E-03
165.50 0.95726E-03
166.00 0.96870E-03
166.50 0.97976E-03
167.00 0.99042E-03
167.50 0.10006E-02
168.00 0.10104E-02
168.50 0.10196E-02
169.00 0.10284E-02
169.50 0.10366E-02
170.00 0.10444E-02
170.50 0.10516E-02
171.00 0.10583E-02
171.50 0.10645E-02
172.00 0.10702E-02
172.50 0.10754E-02
173.00 0.10802E-02
173.50 0.10845E-02
174.00 0.10884E-02
174.50 0.10919E-02
175.00 0.10950E-02
175.50 0.10978E-02
176.00 0.11002E-02
176.50 0.11023E-02
177.00 0.11040E-02
177.50 0.11055E-02
178.00 0.11067E-02
178.50 0.11076E-02
179.00 0.11083E-02
179.50 0.11087E-02
180.00 0.11088E-02
