0.0000 0.51876E-01
0.50000 0.51858E-01
1.0000 0.51806E-01
1.5000 0.51720E-01
2.0000 0.51599E-01
2.5000 0.51444E-01
3.0000 0.51256E-01
3.5000 0.51035E-01
4.0000 0.50782E-01
4.5000 0.50499E-01
5.0000 0.50185E-01
5.5000 0.49842E-01
6.0000 0.49471E-01
6.5000 0.49073E-01
7.0000 0.48650E-01
7.5000 0.48203E-01
8.0000 0.47734E-01
8.5000 0.47243E-01
9.0000 0.46732E-01
9.5000 0.46203E-01
10.000 0.45656E-01
10.500 0.45094E-01
11.000 0.44518E-01
11.500 0.43929E-01
12.000 0.43328E-01
12.500 0.42717E-01
13.000 0.42096E-01
13.500 0.41466E-01
14.000 0.40829E-01
14.500 0.40185E-01
15.000 0.39534E-01
15.500 0.38878E-01
16.000 0.38217E-01
16.500 0.37551E-01
17.000 0.36881E-01
17.500 0.36207E-01
18.000 0.35529E-01
18.500 0.34848E-01
19.000 0.34164E-01
19.500 0.33476E-01
20.000 0.32786E-01
20.500 0.32092E-01
21.000 0.31397E-01
21.500 0.30699E-01
22.000 0.29998E-01
22.500 0.29297E-01
23.000 0.28594E-01
23.500 0.27890E-01
24.000 0.27186E-01
24.500 0.26483E-01
25.000 0.25780E-01
25.500 0.25080E-01
26.000 0.24382E-01
26.500 0.23689E-01
27.000 0.23000E-01
27.500 0.22318E-01
28.000 0.21642E-01
28.500 0.20975E-01
29.000 0.20317E-01
29.500 0.19671E-01
30.000 0.19036E-01
30.500 0.18414E-01
31.000 0.17806E-01
31.500 0.17213E-01
32.000 0.16637E-01
32.500 0.16078E-01
33.000 0.15536E-01
33.500 0.15013E-01
34.000 0.14508E-01
34.500 0.14023E-01
35.000 0.13557E-01
35.500 0.13110E-01
36.000 0.12683E-01
36.500 0.12276E-01
37.000 0.11887E-01
37.500 0.11517E-01
38.000 0.11165E-01
38.500 0.10830E-01
39.000 0.10511E-01
39.500 0.10209E-01
40.000 0.99208E-02
40.500 0.96468E-02
41.000 0.93855E-02
41.500 0.91360E-02
42.000 0.88972E-02
42.500 0.86680E-02
43.000 0.84475E-02
43.500 0.82345E-02
44.000 0.80282E-02
44.500 0.78276E-02
45.000 0.76319E-02
45.500 0.74402E-02
46.000 0.72519E-02
46.500 0.70663E-02
47.000 0.68830E-02
47.500 0.67014E-02
48.000 0.65213E-02
48.500 0.63424E-02
49.000 0.61644E-02
49.500 0.59875E-02
50.000 0.58114E-02
50.500 0.56364E-02
51.000 0.54626E-02
51.500 0.52901E-02
52.000 0.51193E-02
52.500 0.49504E-02
53.000 0.47838E-02
53.500 0.46199E-02
54.000 0.44590E-02
54.500 0.43015E-02
55.000 0.41478E-02
55.500 0.39983E-02
56.000 0.38534E-02
56.500 0.37134E-02
57.000 0.35787E-02
57.500 0.34495E-02
58.000 0.33260E-02
58.500 0.32086E-02
59.000 0.30974E-02
59.500 0.29925E-02
60.000 0.28939E-02
60.500 0.28018E-02
61.000 0.27160E-02
61.500 0.26366E-02
62.000 0.25635E-02
62.500 0.24964E-02
63.000 0.24352E-02
63.500 0.23797E-02
64.000 0.23295E-02
64.500 0.22845E-02
65.000 0.22443E-02
65.500 0.22086E-02
66.000 0.21770E-02
66.500 0.21491E-02
67.000 0.21247E-02
67.500 0.21033E-02
68.000 0.20846E-02
68.500 0.20682E-02
69.000 0.20538E-02
69.500 0.20410E-02
70.000 0.20295E-02
70.500 0.20191E-02
71.000 0.20093E-02
71.500 0.20001E-02
72.000 0.19911E-02
72.500 0.19822E-02
73.000 0.19731E-02
73.500 0.19638E-02
74.000 0.19539E-02
74.500 0.19436E-02
75.000 0.19326E-02
75.500 0.19210E-02
76.000 0.19086E-02
76.500 0.18955E-02
77.000 0.18817E-02
77.500 0.18672E-02
78.000 0.18520E-02
78.500 0.18363E-02
79.000 0.18200E-02
79.500 0.18033E-02
80.000 0.17862E-02
80.500 0.17689E-02
81.000 0.17514E-02
81.500 0.17338E-02
82.000 0.17164E-02
82.500 0.16990E-02
83.000 0.16820E-02
83.500 0.16653E-02
84.000 0.16490E-02
84.500 0.16333E-02
85.000 0.16182E-02
85.500 0.16037E-02
86.000 0.15901E-02
86.500 0.15772E-02
87.000 0.15651E-02
87.500 0.15540E-02
88.000 0.15437E-02
88.500 0.15344E-02
89.000 0.15260E-02
89.500 0.15186E-02
90.000 0.15121E-02
90.500 0.15065E-02
91.000 0.15018E-02
91.500 0.14979E-02
92.000 0.14949E-02
92.500 0.14926E-02
93.000 0.14910E-02
93.500 0.14901E-02
94.000 0.14898E-02
94.500 0.14901E-02
95.000 0.14908E-02
95.500 0.14919E-02
96.000 0.14934E-02
96.500 0.14951E-02
97.000 0.14970E-02
97.500 0.14990E-02
98.000 0.15011E-02
98.500 0.15032E-02
99.000 0.15053E-02
99.500 0.15072E-02
100.00 0.15090E-02
100.50 0.15105E-02
101.00 0.15118E-02
101.50 0.15128E-02
102.00 0.15135E-02
102.50 0.15137E-02
103.00 0.15136E-02
103.50 0.15131E-02
104.00 0.15121E-02
104.50 0.15106E-02
105.00 0.15086E-02
105.50 0.15062E-02
106.00 0.15032E-02
106.50 0.14998E-02
107.00 0.14958E-02
107.50 0.14914E-02
108.00 0.14864E-02
108.50 0.14810E-02
109.00 0.14752E-02
109.50 0.14689E-02
110.00 0.14621E-02
110.50 0.14550E-02
111.00 0.14474E-02
111.50 0.14396E-02
112.00 0.14313E-02
112.50 0.14228E-02
113.00 0.14140E-02
113.50 0.14049E-02
114.00 0.13956E-02
114.50 0.13860E-02
115.00 0.13763E-02
115.50 0.13663E-02
116.00 0.13562E-02
116.50 0.13459E-02
117.00 0.13355E-02
117.50 0.13250E-02
118.00 0.13144E-02
118.50 0.13037E-02
119.00 0.12930E-02
119.50 0.12822E-02
120.00 0.12713E-02
120.50 0.12604E-02
121.00 0.12495E-02
121.50 0.12386E-02
122.00 0.12277E-02
122.50 0.12168E-02
123.00 0.12060E-02
123.50 0.11951E-02
124.00 0.11843E-02
124.50 0.11736E-02
125.00 0.11629E-02
125.50 0.11522E-02
126.00 0.11416E-02
126.50 0.11310E-02
127.00 0.11205E-02
127.50 0.11100E-02
128.00 0.10997E-02
128.50 0.10894E-02
129.00 0.10793E-02
129.50 0.10692E-02
130.00 0.10593E-02
130.50 0.10495E-02
131.00 0.10399E-02
131.50 0.10305E-02
132.00 0.10212E-02
132.50 0.10122E-02
133.00 0.10035E-02
133.50 0.99495E-03
134.00 0.98673E-03
134.50 0.97880E-03
135.00 0.97121E-03
135.50 0.96397E-03
136.00 0.95710E-03
136.50 0.95063E-03
137.00 0.94458E-03
137.50 0.93898E-03
138.00 0.93386E-03
138.50 0.92924E-03
139.00 0.92514E-03
139.50 0.92160E-03
140.00 0.91864E-03
140.50 0.91629E-03
141.00 0.91456E-03
141.50 0.91349E-03
142.00 0.91308E-03
142.50 0.91337E-03
143.00 0.91436E-03
143.50 0.91606E-03
144.00 0.91850E-03
144.50 0.92166E-03
145.00 0.92555E-03
145.50 0.93018E-03
146.00 0.93553E-03
146.50 0.94161E-03
147.00 0.94838E-03
147.50 0.95585E-03
148.00 0.96399E-03
148.50 0.97278E-03
149.00 0.98220E-03
149.50 0.99222E-03
150.00 0.10028E-02
150.50 0.10139E-02
151.00 0.10255E-02
151.50 0.10376E-02
152.00 0.10500E-02
152.50 0.10628E-02
153.00 0.10760E-02
153.50 0.10894E-02
154.00 0.11030E-02
154.50 0.11167E-02
155.00 0.11305E-02
155.50 0.11444E-02
156.00 0.11582E-02
156.50 0.11719E-02
157.00 0.11854E-02
157.50 0.11988E-02
158.00 0.12118E-02
158.50 0.12245E-02
159.00 0.12369E-02
159.50 0.12488E-02
160.00 0.12602E-02
160.50 0.12711E-02
161.00 0.12814E-02
161.50 0.12911E-02
162.00 0.13002E-02
162.50 0.13086E-02
163.00 0.13164E-02
163.50 0.13234E-02
164.00 0.13298E-02
164.50 0.13354E-02
165.00 0.13404E-02
165.50 0.13446E-02
166.00 0.13481E-02
166.50 0.13509E-02
167.00 0.13530E-02
167.50 0.13545E-02
168.00 0.13554E-02
168.50 0.13557E-02
169.00 0.13554E-02
169.50 0.13547E-02
170.00 0.13534E-02
170.50 0.13518E-02
171.00 0.13498E-02
171.50 0.13475E-02
172.00 0.13449E-02
172.50 0.13422E-02
173.00 0.13393E-02
173.50 0.13363E-02
174.00 0.13333E-02
174.50 0.13303E-02
175.00 0.13274E-02
175.50 0.13246E-02
176.00 0.13220E-02
176.50 0.13196E-02
177.00 0.13175E-02
177.50 0.13156E-02
178.00 0.13140E-02
178.50 0.13128E-02
179.00 0.13118E-02
179.50 0.13113E-02
180.00 0.13111E-02
