0.0000 0.54609E-01
0.50000 0.54596E-01
1.0000 0.54554E-01
1.5000 0.54486E-01
2.0000 0.54390E-01
2.5000 0.54267E-01
3.0000 0.54118E-01
3.5000 0.53942E-01
4.0000 0.53740E-01
4.5000 0.53513E-01
5.0000 0.53260E-01
5.5000 0.52983E-01
6.0000 0.52682E-01
6.5000 0.52358E-01
7.0000 0.52010E-01
7.5000 0.51640E-01
8.0000 0.51248E-01
8.5000 0.50834E-01
9.0000 0.50398E-01
9.5000 0.49942E-01
10.000 0.49465E-01
10.500 0.48967E-01
11.000 0.48449E-01
11.500 0.47911E-01
12.000 0.47352E-01
12.500 0.46773E-01
13.000 0.46174E-01
13.500 0.45554E-01
14.000 0.44914E-01
14.500 0.44253E-01
15.000 0.43571E-01
15.500 0.42870E-01
16.000 0.42148E-01
16.500 0.41405E-01
17.000 0.40643E-01
17.500 0.39862E-01
18.000 0.39062E-01
18.500 0.38244E-01
19.000 0.37409E-01
19.500 0.36558E-01
20.000 0.35692E-01
20.500 0.34813E-01
21.000 0.33922E-01
21.500 0.33020E-01
22.000 0.32110E-01
22.500 0.31194E-01
23.000 0.30273E-01
23.500 0.29350E-01
24.000 0.28427E-01
24.500 0.27506E-01
25.000 0.26590E-01
25.500 0.25680E-01
26.000 0.24781E-01
26.500 0.23893E-01
27.000 0.23020E-01
27.500 0.22163E-01
28.000 0.21325E-01
28.500 0.20507E-01
29.000 0.19713E-01
29.500 0.18943E-01
30.000 0.18200E-01
30.500 0.17484E-01
31.000 0.16797E-01
31.500 0.16140E-01
32.000 0.15513E-01
32.500 0.14918E-01
33.000 0.14354E-01
33.500 0.13822E-01
34.000 0.13320E-01
34.500 0.12850E-01
35.000 0.12410E-01
35.500 0.11999E-01
36.000 0.11617E-01
36.500 0.11261E-01
37.000 0.10931E-01
37.500 0.10626E-01
38.000 0.10343E-01
38.500 0.10081E-01
39.000 0.98380E-02
39.500 0.96125E-02
40.000 0.94024E-02
40.500 0.92059E-02
41.000 0.90213E-02
41.500 0.88466E-02
42.000 0.86803E-02
42.500 0.85205E-02
43.000 0.83657E-02
43.500 0.82144E-02
44.000 0.80653E-02
44.500 0.79170E-02
45.000 0.77686E-02
45.500 0.76190E-02
46.000 0.74673E-02
46.500 0.73129E-02
47.000 0.71552E-02
47.500 0.69939E-02
48.000 0.68287E-02
48.500 0.66594E-02
49.000 0.64861E-02
49.500 0.63089E-02
50.000 0.61281E-02
50.500 0.59440E-02
51.000 0.57570E-02
51.500 0.55676E-02
52.000 0.53763E-02
52.500 0.51839E-02
53.000 0.49909E-02
53.500 0.47980E-02
54.000 0.46059E-02
54.500 0.44153E-02
55.000 0.42268E-02
55.500 0.40412E-02
56.000 0.38591E-02
56.500 0.36811E-02
57.000 0.35077E-02
57.500 0.33396E-02
58.000 0.31771E-02
58.500 0.30206E-02
59.000 0.28707E-02
59.500 0.27275E-02
60.000 0.25912E-02
60.500 0.24622E-02
61.000 0.23405E-02
61.500 0.22262E-02
62.000 0.21192E-02
62.500 0.20195E-02
63.000 0.19271E-02
63.500 0.18417E-02
64.000 0.17631E-02
64.500 0.16912E-02
65.000 0.16256E-02
65.500 0.15661E-02
66.000 0.15123E-02
66.500 0.14639E-02
67.000 0.14205E-02
67.500 0.13817E-02
68.000 0.13473E-02
68.500 0.13168E-02
69.000 0.12899E-02
69.500 0.12663E-02
70.000 0.12455E-02
70.500 0.12273E-02
71.000 0.12114E-02
71.500 0.11976E-02
72.000 0.11854E-02
72.500 0.11748E-02
73.000 0.11654E-02
73.500 0.11571E-02
74.000 0.11498E-02
74.500 0.11433E-02
75.000 0.11374E-02
75.500 0.11321E-02
76.000 0.11272E-02
76.500 0.11229E-02
77.000 0.11189E-02
77.500 0.11153E-02
78.000 0.11121E-02
78.500 0.11094E-02
79.000 0.11070E-02
79.500 0.11052E-02
80.000 0.11038E-02
80.500 0.11031E-02
81.000 0.11030E-02
81.500 0.11036E-02
82.000 0.11050E-02
82.500 0.11072E-02
83.000 0.11102E-02
83.500 0.11142E-02
84.000 0.11191E-02
84.500 0.11251E-02
85.000 0.11321E-02
85.500 0.11401E-02
86.000 0.11492E-02
86.500 0.11593E-02
87.000 0.11706E-02
87.500 0.11828E-02
88.000 0.11961E-02
88.500 0.12103E-02
89.000 0.12255E-02
89.500 0.12416E-02
90.000 0.12585E-02
90.500 0.12762E-02
91.000 0.12945E-02
91.500 0.13134E-02
92.000 0.13328E-02
92.500 0.13525E-02
93.000 0.13726E-02
93.500 0.13929E-02
94.000 0.14132E-02
94.500 0.14335E-02
95.000 0.14536E-02
95.500 0.14734E-02
96.000 0.14929E-02
96.500 0.15119E-02
97.000 0.15303E-02
97.500 0.15480E-02
98.000 0.15649E-02
98.500 0.15809E-02
99.000 0.15960E-02
99.500 0.16100E-02
100.00 0.16229E-02
100.50 0.16347E-02
101.00 0.16453E-02
101.50 0.16546E-02
102.00 0.16626E-02
102.50 0.16693E-02
103.00 0.16747E-02
103.50 0.16787E-02
104.00 0.16813E-02
104.50 0.16825E-02
105.00 0.16824E-02
105.50 0.16809E-02
106.00 0.16781E-02
106.50 0.16741E-02
107.00 0.16687E-02
107.50 0.16622E-02
108.00 0.16544E-02
108.50 0.16456E-02
109.00 0.16358E-02
109.50 0.16249E-02
110.00 0.16132E-02
110.50 0.16006E-02
111.00 0.15873E-02
111.50 0.15733E-02
112.00 0.15587E-02
112.50 0.15435E-02
113.00 0.15279E-02
113.50 0.15119E-02
114.00 0.14955E-02
114.50 0.14789E-02
115.00 0.14621E-02
115.50 0.14451E-02
116.00 0.14280E-02
116.50 0.14109E-02
117.00 0.13939E-02
117.50 0.13768E-02
118.00 0.13599E-02
118.50 0.13431E-02
119.00 0.13266E-02
119.50 0.13102E-02
120.00 0.12941E-02
120.50 0.12783E-02
121.00 0.12628E-02
121.50 0.12476E-02
122.00 0.12328E-02
122.50 0.12184E-02
123.00 0.12043E-02
123.50 0.11905E-02
124.00 0.11772E-02
124.50 0.11642E-02
125.00 0.11516E-02
125.50 0.11393E-02
126.00 0.11274E-02
126.50 0.11158E-02
127.00 0.11046E-02
127.50 0.10937E-02
128.00 0.10832E-02
128.50 0.10730E-02
129.00 0.10632E-02
129.50 0.10537E-02
130.00 0.10446E-02
130.50 0.10359E-02
131.00 0.10276E-02
131.50 0.10197E-02
132.00 0.10123E-02
132.50 0.10053E-02
133.00 0.99875E-03
133.50 0.99270E-03
134.00 0.98716E-03
134.50 0.98216E-03
135.00 0.97770E-03
135.50 0.97382E-03
136.00 0.97054E-03
136.50 0.96789E-03
137.00 0.96589E-03
137.50 0.96458E-03
138.00 0.96397E-03
138.50 0.96411E-03
139.00 0.96503E-03
139.50 0.96675E-03
140.00 0.96930E-03
140.50 0.97272E-03
141.00 0.97702E-03
141.50 0.98223E-03
142.00 0.98837E-03
142.50 0.99544E-03
143.00 0.10034E-02
143.50 0.10124E-02
144.00 0.10223E-02
144.50 0.10330E-02
145.00 0.10447E-02
145.50 0.10572E-02
146.00 0.10706E-02
146.50 0.10848E-02
147.00 0.10997E-02
147.50 0.11153E-02
148.00 0.11316E-02
148.50 0.11485E-02
149.00 0.11659E-02
149.50 0.11839E-02
150.00 0.12022E-02
150.50 0.12209E-02
151.00 0.12399E-02
151.50 0.12591E-02
152.00 0.12785E-02
152.50 0.12980E-02
153.00 0.13174E-02
153.50 0.13367E-02
154.00 0.13559E-02
154.50 0.13748E-02
155.00 0.13933E-02
155.50 0.14115E-02
156.00 0.14290E-02
156.50 0.14460E-02
157.00 0.14623E-02
157.50 0.14779E-02
158.00 0.14926E-02
158.50 0.15064E-02
159.00 0.15193E-02
159.50 0.15313E-02
160.00 0.15422E-02
160.50 0.15520E-02
161.00 0.15608E-02
161.50 0.15686E-02
162.00 0.15752E-02
162.50 0.15808E-02
163.00 0.15852E-02
163.50 0.15887E-02
164.00 0.15910E-02
164.50 0.15923E-02
165.00 0.15927E-02
165.50 0.15920E-02
166.00 0.15904E-02
166.50 0.15880E-02
167.00 0.15847E-02
167.50 0.15805E-02
168.00 0.15757E-02
168.50 0.15702E-02
169.00 0.15640E-02
169.50 0.15574E-02
170.00 0.15503E-02
170.50 0.15428E-02
171.00 0.15350E-02
171.50 0.15271E-02
172.00 0.15191E-02
172.50 0.15111E-02
173.00 0.15032E-02
173.50 0.14954E-02
174.00 0.14879E-02
174.50 0.14808E-02
175.00 0.14740E-02
175.50 0.14677E-02
176.00 0.14620E-02
176.50 0.14568E-02
177.00 0.14522E-02
177.50 0.14483E-02
178.00 0.14451E-02
178.50 0.14425E-02
179.00 0.14407E-02
179.50 0.14396E-02
180.00 0.14392E-02
