0.0000 0.51103E-01
0.50000 0.51085E-01
1.0000 0.51030E-01
1.5000 0.50938E-01
2.0000 0.50810E-01
2.5000 0.50646E-01
3.0000 0.50447E-01
3.5000 0.50214E-01
4.0000 0.49947E-01
4.5000 0.49647E-01
5.0000 0.49316E-01
5.5000 0.48955E-01
6.0000 0.48564E-01
6.5000 0.48146E-01
7.0000 0.47702E-01
7.5000 0.47234E-01
8.0000 0.46742E-01
8.5000 0.46230E-01
9.0000 0.45698E-01
9.5000 0.45148E-01
10.000 0.44583E-01
10.500 0.44003E-01
11.000 0.43411E-01
11.500 0.42807E-01
12.000 0.42195E-01
12.500 0.41574E-01
13.000 0.40947E-01
13.500 0.40315E-01
14.000 0.39679E-01
14.500 0.39039E-01
15.000 0.38398E-01
15.500 0.37755E-01
16.000 0.37111E-01
16.500 0.36466E-01
17.000 0.35822E-01
17.500 0.35178E-01
18.000 0.34535E-01
18.500 0.33892E-01
19.000 0.33250E-01
19.500 0.32609E-01
20.000 0.31967E-01
20.500 0.31327E-01
21.000 0.30686E-01
21.500 0.30045E-01
22.000 0.29404E-01
22.500 0.28762E-01
23.000 0.28121E-01
23.500 0.27479E-01
24.000 0.26836E-01
24.500 0.26194E-01
25.000 0.25552E-01
25.500 0.24910E-01
26.000 0.24269E-01
26.500 0.23630E-01
27.000 0.22994E-01
27.500 0.22360E-01
28.000 0.21730E-01
28.500 0.21105E-01
29.000 0.20486E-01
29.500 0.19874E-01
30.000 0.19269E-01
30.500 0.18674E-01
31.000 0.18088E-01
31.500 0.17514E-01
32.000 0.16951E-01
32.500 0.16402E-01
33.000 0.15867E-01
33.500 0.15346E-01
34.000 0.14840E-01
34.500 0.14351E-01
35.000 0.13878E-01
35.500 0.13421E-01
36.000 0.12982E-01
36.500 0.12559E-01
37.000 0.12154E-01
37.500 0.11766E-01
38.000 0.11394E-01
38.500 0.11039E-01
39.000 0.10699E-01
39.500 0.10375E-01
40.000 0.10065E-01
40.500 0.97690E-02
41.000 0.94863E-02
41.500 0.92157E-02
42.000 0.89566E-02
42.500 0.87080E-02
43.000 0.84690E-02
43.500 0.82388E-02
44.000 0.80165E-02
44.500 0.78012E-02
45.000 0.75923E-02
45.500 0.73889E-02
46.000 0.71903E-02
46.500 0.69961E-02
47.000 0.68056E-02
47.500 0.66185E-02
48.000 0.64342E-02
48.500 0.62526E-02
49.000 0.60735E-02
49.500 0.58966E-02
50.000 0.57220E-02
50.500 0.55496E-02
51.000 0.53796E-02
51.500 0.52120E-02
52.000 0.50470E-02
52.500 0.48848E-02
53.000 0.47257E-02
53.500 0.45700E-02
54.000 0.44179E-02
54.500 0.42698E-02
55.000 0.41259E-02
55.500 0.39867E-02
56.000 0.38523E-02
56.500 0.37230E-02
57.000 0.35991E-02
57.500 0.34809E-02
58.000 0.33685E-02
58.500 0.32621E-02
59.000 0.31617E-02
59.500 0.30676E-02
60.000 0.29796E-02
60.500 0.28978E-02
61.000 0.28222E-02
61.500 0.27526E-02
62.000 0.26890E-02
62.500 0.26310E-02
63.000 0.25786E-02
63.500 0.25314E-02
64.000 0.24893E-02
64.500 0.24518E-02
65.000 0.24187E-02
65.500 0.23896E-02
66.000 0.23642E-02
66.500 0.23421E-02
67.000 0.23230E-02
67.500 0.23064E-02
68.000 0.22920E-02
68.500 0.22796E-02
69.000 0.22686E-02
69.500 0.22588E-02
70.000 0.22499E-02
70.500 0.22415E-02
71.000 0.22335E-02
71.500 0.22255E-02
72.000 0.22174E-02
72.500 0.22089E-02
73.000 0.21998E-02
73.500 0.21901E-02
74.000 0.21795E-02
74.500 0.21681E-02
75.000 0.21556E-02
75.500 0.21421E-02
76.000 0.21276E-02
76.500 0.21120E-02
77.000 0.20954E-02
77.500 0.20778E-02
78.000 0.20593E-02
78.500 0.20398E-02
79.000 0.20196E-02
79.500 0.19987E-02
80.000 0.19772E-02
80.500 0.19552E-02
81.000 0.19328E-02
81.500 0.19102E-02
82.000 0.18874E-02
82.500 0.18646E-02
83.000 0.18418E-02
83.500 0.18193E-02
84.000 0.17971E-02
84.500 0.17752E-02
85.000 0.17539E-02
85.500 0.17332E-02
86.000 0.17131E-02
86.500 0.16937E-02
87.000 0.16752E-02
87.500 0.16574E-02
88.000 0.16406E-02
88.500 0.16247E-02
89.000 0.16097E-02
89.500 0.15957E-02
90.000 0.15826E-02
90.500 0.15705E-02
91.000 0.15594E-02
91.500 0.15492E-02
92.000 0.15398E-02
92.500 0.15314E-02
93.000 0.15238E-02
93.500 0.15170E-02
94.000 0.15109E-02
94.500 0.15055E-02
95.000 0.15008E-02
95.500 0.14967E-02
96.000 0.14931E-02
96.500 0.14899E-02
97.000 0.14872E-02
97.500 0.14849E-02
98.000 0.14828E-02
98.500 0.14810E-02
99.000 0.14795E-02
99.500 0.14780E-02
100.00 0.14767E-02
100.50 0.14754E-02
101.00 0.14741E-02
101.50 0.14728E-02
102.00 0.14714E-02
102.50 0.14699E-02
103.00 0.14683E-02
103.50 0.14665E-02
104.00 0.14645E-02
104.50 0.14622E-02
105.00 0.14598E-02
105.50 0.14570E-02
106.00 0.14540E-02
106.50 0.14507E-02
107.00 0.14472E-02
107.50 0.14433E-02
108.00 0.14391E-02
108.50 0.14347E-02
109.00 0.14299E-02
109.50 0.14249E-02
110.00 0.14196E-02
110.50 0.14140E-02
111.00 0.14081E-02
111.50 0.14019E-02
112.00 0.13955E-02
112.50 0.13889E-02
113.00 0.13820E-02
113.50 0.13749E-02
114.00 0.13675E-02
114.50 0.13599E-02
115.00 0.13521E-02
115.50 0.13441E-02
116.00 0.13360E-02
116.50 0.13276E-02
117.00 0.13191E-02
117.50 0.13104E-02
118.00 0.13015E-02
118.50 0.12925E-02
119.00 0.12834E-02
119.50 0.12741E-02
120.00 0.12647E-02
120.50 0.12552E-02
121.00 0.12456E-02
121.50 0.12359E-02
122.00 0.12261E-02
122.50 0.12163E-02
123.00 0.12063E-02
123.50 0.11963E-02
124.00 0.11862E-02
124.50 0.11761E-02
125.00 0.11659E-02
125.50 0.11557E-02
126.00 0.11454E-02
126.50 0.11351E-02
127.00 0.11248E-02
127.50 0.11144E-02
128.00 0.11041E-02
128.50 0.10938E-02
129.00 0.10836E-02
129.50 0.10733E-02
130.00 0.10632E-02
130.50 0.10531E-02
131.00 0.10432E-02
131.50 0.10333E-02
132.00 0.10236E-02
132.50 0.10141E-02
133.00 0.10047E-02
133.50 0.99552E-03
134.00 0.98657E-03
134.50 0.97785E-03
135.00 0.96940E-03
135.50 0.96123E-03
136.00 0.95336E-03
136.50 0.94583E-03
137.00 0.93865E-03
137.50 0.93185E-03
138.00 0.92545E-03
138.50 0.91949E-03
139.00 0.91399E-03
139.50 0.90897E-03
140.00 0.90447E-03
140.50 0.90050E-03
141.00 0.89709E-03
141.50 0.89427E-03
142.00 0.89205E-03
142.50 0.89046E-03
143.00 0.88950E-03
143.50 0.88921E-03
144.00 0.88958E-03
144.50 0.89063E-03
145.00 0.89237E-03
145.50 0.89479E-03
146.00 0.89791E-03
146.50 0.90171E-03
147.00 0.90621E-03
147.50 0.91138E-03
148.00 0.91723E-03
148.50 0.92373E-03
149.00 0.93088E-03
149.50 0.93866E-03
150.00 0.94704E-03
150.50 0.95599E-03
151.00 0.96551E-03
151.50 0.97554E-03
152.00 0.98606E-03
152.50 0.99702E-03
153.00 0.10084E-02
153.50 0.10201E-02
154.00 0.10322E-02
154.50 0.10445E-02
155.00 0.10570E-02
155.50 0.10696E-02
156.00 0.10824E-02
156.50 0.10952E-02
157.00 0.11079E-02
157.50 0.11206E-02
158.00 0.11332E-02
158.50 0.11456E-02
159.00 0.11577E-02
159.50 0.11696E-02
160.00 0.11811E-02
160.50 0.11922E-02
161.00 0.12029E-02
161.50 0.12132E-02
162.00 0.12229E-02
162.50 0.12321E-02
163.00 0.12408E-02
163.50 0.12488E-02
164.00 0.12563E-02
164.50 0.12631E-02
165.00 0.12694E-02
165.50 0.12749E-02
166.00 0.12799E-02
166.50 0.12842E-02
167.00 0.12879E-02
167.50 0.12910E-02
168.00 0.12934E-02
168.50 0.12953E-02
169.00 0.12967E-02
169.50 0.12976E-02
170.00 0.12979E-02
170.50 0.12979E-02
171.00 0.12975E-02
171.50 0.12967E-02
172.00 0.12956E-02
172.50 0.12943E-02
173.00 0.12928E-02
173.50 0.12911E-02
174.00 0.12893E-02
174.50 0.12875E-02
175.00 0.12857E-02
175.50 0.12839E-02
176.00 0.12822E-02
176.50 0.12806E-02
177.00 0.12792E-02
177.50 0.12779E-02
178.00 0.12769E-02
178.50 0.12760E-02
179.00 0.12754E-02
179.50 0.12750E-02
180.00 0.12749E-02
