0.0000 0.53214E-01
0.50000 0.53199E-01
1.0000 0.53152E-01
1.5000 0.53074E-01
2.0000 0.52966E-01
2.5000 0.52827E-01
3.0000 0.52658E-01
3.5000 0.52459E-01
4.0000 0.52231E-01
4.5000 0.51975E-01
5.0000 0.51691E-01
5.5000 0.51381E-01
6.0000 0.51044E-01
6.5000 0.50682E-01
7.0000 0.50295E-01
7.5000 0.49885E-01
8.0000 0.49453E-01
8.5000 0.48999E-01
9.0000 0.48525E-01
9.5000 0.48031E-01
10.000 0.47518E-01
10.500 0.46988E-01
11.000 0.46440E-01
11.500 0.45875E-01
12.000 0.45295E-01
12.500 0.44699E-01
13.000 0.44088E-01
13.500 0.43464E-01
14.000 0.42825E-01
14.500 0.42172E-01
15.000 0.41507E-01
15.500 0.40828E-01
16.000 0.40137E-01
16.500 0.39434E-01
17.000 0.38719E-01
17.500 0.37993E-01
18.000 0.37255E-01
18.500 0.36507E-01
19.000 0.35749E-01
19.500 0.34981E-01
20.000 0.34205E-01
20.500 0.33421E-01
21.000 0.32630E-01
21.500 0.31832E-01
22.000 0.31030E-01
22.500 0.30223E-01
23.000 0.29414E-01
23.500 0.28604E-01
24.000 0.27793E-01
24.500 0.26983E-01
25.000 0.26177E-01
25.500 0.25375E-01
26.000 0.24579E-01
26.500 0.23790E-01
27.000 0.23012E-01
27.500 0.22244E-01
28.000 0.21489E-01
28.500 0.20749E-01
29.000 0.20024E-01
29.500 0.19317E-01
30.000 0.18629E-01
30.500 0.17962E-01
31.000 0.17315E-01
31.500 0.16691E-01
32.000 0.16090E-01
32.500 0.15513E-01
33.000 0.14961E-01
33.500 0.14433E-01
34.000 0.13931E-01
34.500 0.13453E-01
35.000 0.12999E-01
35.500 0.12571E-01
36.000 0.12165E-01
36.500 0.11783E-01
37.000 0.11423E-01
37.500 0.11085E-01
38.000 0.10766E-01
38.500 0.10467E-01
39.000 0.10185E-01
39.500 0.99199E-02
40.000 0.96699E-02
40.500 0.94336E-02
41.000 0.92097E-02
41.500 0.89966E-02
42.000 0.87931E-02
42.500 0.85978E-02
43.000 0.84093E-02
43.500 0.82264E-02
44.000 0.80480E-02
44.500 0.78729E-02
45.000 0.77002E-02
45.500 0.75290E-02
46.000 0.73585E-02
46.500 0.71880E-02
47.000 0.70171E-02
47.500 0.68453E-02
48.000 0.66723E-02
48.500 0.64980E-02
49.000 0.63221E-02
49.500 0.61449E-02
50.000 0.59664E-02
50.500 0.57868E-02
51.000 0.56064E-02
51.500 0.54256E-02
52.000 0.52447E-02
52.500 0.50642E-02
53.000 0.48847E-02
53.500 0.47066E-02
54.000 0.45304E-02
54.500 0.43567E-02
55.000 0.41860E-02
55.500 0.40188E-02
56.000 0.38557E-02
56.500 0.36971E-02
57.000 0.35435E-02
57.500 0.33952E-02
58.000 0.32527E-02
58.500 0.31162E-02
59.000 0.29860E-02
59.500 0.28623E-02
60.000 0.27454E-02
60.500 0.26352E-02
61.000 0.25319E-02
61.500 0.24355E-02
62.000 0.23458E-02
62.500 0.22629E-02
63.000 0.21865E-02
63.500 0.21164E-02
64.000 0.20524E-02
64.500 0.19944E-02
65.000 0.19418E-02
65.500 0.18945E-02
66.000 0.18522E-02
66.500 0.18143E-02
67.000 0.17807E-02
67.500 0.17509E-02
68.000 0.17246E-02
68.500 0.17014E-02
69.000 0.16809E-02
69.500 0.16629E-02
70.000 0.16470E-02
70.500 0.16328E-02
71.000 0.16202E-02
71.500 0.16087E-02
72.000 0.15983E-02
72.500 0.15886E-02
73.000 0.15794E-02
73.500 0.15707E-02
74.000 0.15621E-02
74.500 0.15537E-02
75.000 0.15453E-02
75.500 0.15368E-02
76.000 0.15281E-02
76.500 0.15193E-02
77.000 0.15104E-02
77.500 0.15012E-02
78.000 0.14920E-02
78.500 0.14826E-02
79.000 0.14731E-02
79.500 0.14637E-02
80.000 0.14543E-02
80.500 0.14451E-02
81.000 0.14361E-02
81.500 0.14275E-02
82.000 0.14192E-02
82.500 0.14114E-02
83.000 0.14041E-02
83.500 0.13975E-02
84.000 0.13916E-02
84.500 0.13865E-02
85.000 0.13821E-02
85.500 0.13786E-02
86.000 0.13761E-02
86.500 0.13744E-02
87.000 0.13737E-02
87.500 0.13739E-02
88.000 0.13752E-02
88.500 0.13773E-02
89.000 0.13804E-02
89.500 0.13844E-02
90.000 0.13893E-02
90.500 0.13950E-02
91.000 0.14015E-02
91.500 0.14087E-02
92.000 0.14166E-02
92.500 0.14250E-02
93.000 0.14340E-02
93.500 0.14434E-02
94.000 0.14531E-02
94.500 0.14631E-02
95.000 0.14733E-02
95.500 0.14835E-02
96.000 0.14937E-02
96.500 0.15038E-02
97.000 0.15137E-02
97.500 0.15233E-02
98.000 0.15326E-02
98.500 0.15415E-02
99.000 0.15499E-02
99.500 0.15577E-02
100.00 0.15649E-02
100.50 0.15714E-02
101.00 0.15772E-02
101.50 0.15822E-02
102.00 0.15864E-02
102.50 0.15898E-02
103.00 0.15924E-02
103.50 0.15940E-02
104.00 0.15948E-02
104.50 0.15946E-02
105.00 0.15935E-02
105.50 0.15915E-02
106.00 0.15887E-02
106.50 0.15849E-02
107.00 0.15802E-02
107.50 0.15748E-02
108.00 0.15685E-02
108.50 0.15614E-02
109.00 0.15536E-02
109.50 0.15450E-02
110.00 0.15359E-02
110.50 0.15261E-02
111.00 0.15157E-02
111.50 0.15048E-02
112.00 0.14935E-02
112.50 0.14818E-02
113.00 0.14696E-02
113.50 0.14572E-02
114.00 0.14444E-02
114.50 0.14314E-02
115.00 0.14182E-02
115.50 0.14049E-02
116.00 0.13914E-02
116.50 0.13778E-02
117.00 0.13641E-02
117.50 0.13504E-02
118.00 0.13368E-02
118.50 0.13231E-02
119.00 0.13095E-02
119.50 0.12960E-02
120.00 0.12826E-02
120.50 0.12693E-02
121.00 0.12562E-02
121.50 0.12432E-02
122.00 0.12304E-02
122.50 0.12178E-02
123.00 0.12054E-02
123.50 0.11931E-02
124.00 0.11811E-02
124.50 0.11692E-02
125.00 0.11576E-02
125.50 0.11462E-02
126.00 0.11349E-02
126.50 0.11238E-02
127.00 0.11130E-02
127.50 0.11023E-02
128.00 0.10919E-02
128.50 0.10817E-02
129.00 0.10717E-02
129.50 0.10619E-02
130.00 0.10524E-02
130.50 0.10431E-02
131.00 0.10341E-02
131.50 0.10254E-02
132.00 0.10170E-02
132.50 0.10090E-02
133.00 0.10013E-02
133.50 0.99396E-03
134.00 0.98703E-03
134.50 0.98051E-03
135.00 0.97443E-03
135.50 0.96881E-03
136.00 0.96367E-03
136.50 0.95905E-03
137.00 0.95495E-03
137.50 0.95143E-03
138.00 0.94849E-03
138.50 0.94617E-03
139.00 0.94450E-03
139.50 0.94350E-03
140.00 0.94321E-03
140.50 0.94365E-03
141.00 0.94485E-03
141.50 0.94682E-03
142.00 0.94959E-03
142.50 0.95316E-03
143.00 0.95755E-03
143.50 0.96277E-03
144.00 0.96881E-03
144.50 0.97567E-03
145.00 0.98335E-03
145.50 0.99182E-03
146.00 0.10011E-02
146.50 0.10111E-02
147.00 0.10218E-02
147.50 0.10333E-02
148.00 0.10454E-02
148.50 0.10581E-02
149.00 0.10714E-02
149.50 0.10853E-02
150.00 0.10997E-02
150.50 0.11145E-02
151.00 0.11297E-02
151.50 0.11453E-02
152.00 0.11611E-02
152.50 0.11772E-02
153.00 0.11934E-02
153.50 0.12097E-02
154.00 0.12260E-02
154.50 0.12422E-02
155.00 0.12584E-02
155.50 0.12743E-02
156.00 0.12900E-02
156.50 0.13053E-02
157.00 0.13202E-02
157.50 0.13346E-02
158.00 0.13485E-02
158.50 0.13618E-02
159.00 0.13744E-02
159.50 0.13864E-02
160.00 0.13976E-02
160.50 0.14080E-02
161.00 0.14176E-02
161.50 0.14264E-02
162.00 0.14343E-02
162.50 0.14413E-02
163.00 0.14475E-02
163.50 0.14528E-02
164.00 0.14572E-02
164.50 0.14608E-02
165.00 0.14635E-02
165.50 0.14654E-02
166.00 0.14664E-02
166.50 0.14667E-02
167.00 0.14662E-02
167.50 0.14650E-02
168.00 0.14631E-02
168.50 0.14605E-02
169.00 0.14575E-02
169.50 0.14538E-02
170.00 0.14498E-02
170.50 0.14453E-02
171.00 0.14406E-02
171.50 0.14355E-02
172.00 0.14304E-02
172.50 0.14251E-02
173.00 0.14197E-02
173.50 0.14145E-02
174.00 0.14093E-02
174.50 0.14043E-02
175.00 0.13995E-02
175.50 0.13950E-02
176.00 0.13909E-02
176.50 0.13871E-02
177.00 0.13838E-02
177.50 0.13809E-02
178.00 0.13785E-02
178.50 0.13766E-02
179.00 0.13752E-02
179.50 0.13744E-02
180.00 0.13741E-02
