0.0000 0.41901E-01
0.50000 0.41870E-01
1.0000 0.41779E-01
1.5000 0.41628E-01
2.0000 0.41418E-01
2.5000 0.41149E-01
3.0000 0.40822E-01
3.5000 0.40441E-01
4.0000 0.40006E-01
4.5000 0.39520E-01
5.0000 0.38985E-01
5.5000 0.38405E-01
6.0000 0.37784E-01
6.5000 0.37124E-01
7.0000 0.36430E-01
7.5000 0.35707E-01
8.0000 0.34959E-01
8.5000 0.34191E-01
9.0000 0.33409E-01
9.5000 0.32618E-01
10.000 0.31823E-01
10.500 0.31031E-01
11.000 0.30247E-01
11.500 0.29477E-01
12.000 0.28727E-01
12.500 0.28000E-01
13.000 0.27304E-01
13.500 0.26641E-01
14.000 0.26017E-01
14.500 0.25436E-01
15.000 0.24899E-01
15.500 0.24411E-01
16.000 0.23972E-01
16.500 0.23584E-01
17.000 0.23248E-01
17.500 0.22963E-01
18.000 0.22729E-01
18.500 0.22543E-01
19.000 0.22404E-01
19.500 0.22308E-01
20.000 0.22252E-01
20.500 0.22232E-01
21.000 0.22243E-01
21.500 0.22281E-01
22.000 0.22340E-01
22.500 0.22415E-01
23.000 0.22500E-01
23.500 0.22590E-01
24.000 0.22679E-01
24.500 0.22762E-01
25.000 0.22833E-01
25.500 0.22887E-01
26.000 0.22920E-01
26.500 0.22928E-01
27.000 0.22907E-01
27.500 0.22854E-01
28.000 0.22766E-01
28.500 0.22641E-01
29.000 0.22477E-01
29.500 0.22274E-01
30.000 0.22031E-01
30.500 0.21748E-01
31.000 0.21426E-01
31.500 0.21066E-01
32.000 0.20670E-01
32.500 0.20239E-01
33.000 0.19777E-01
33.500 0.19286E-01
34.000 0.18769E-01
34.500 0.18229E-01
35.000 0.17670E-01
35.500 0.17094E-01
36.000 0.16507E-01
36.500 0.15910E-01
37.000 0.15308E-01
37.500 0.14704E-01
38.000 0.14102E-01
38.500 0.13503E-01
39.000 0.12912E-01
39.500 0.12331E-01
40.000 0.11762E-01
40.500 0.11207E-01
41.000 0.10670E-01
41.500 0.10150E-01
42.000 0.96502E-02
42.500 0.91712E-02
43.000 0.87140E-02
43.500 0.82793E-02
44.000 0.78675E-02
44.500 0.74789E-02
45.000 0.71136E-02
45.500 0.67715E-02
46.000 0.64524E-02
46.500 0.61558E-02
47.000 0.58812E-02
47.500 0.56281E-02
48.000 0.53958E-02
48.500 0.51835E-02
49.000 0.49904E-02
49.500 0.48156E-02
50.000 0.46585E-02
50.500 0.45180E-02
51.000 0.43934E-02
51.500 0.42837E-02
52.000 0.41882E-02
52.500 0.41060E-02
53.000 0.40364E-02
53.500 0.39786E-02
54.000 0.39318E-02
54.500 0.38954E-02
55.000 0.38686E-02
55.500 0.38509E-02
56.000 0.38416E-02
56.500 0.38401E-02
57.000 0.38458E-02
57.500 0.38582E-02
58.000 0.38767E-02
58.500 0.39007E-02
59.000 0.39299E-02
59.500 0.39636E-02
60.000 0.40013E-02
60.500 0.40425E-02
61.000 0.40868E-02
61.500 0.41336E-02
62.000 0.41824E-02
62.500 0.42328E-02
63.000 0.42842E-02
63.500 0.43362E-02
64.000 0.43882E-02
64.500 0.44399E-02
65.000 0.44908E-02
65.500 0.45404E-02
66.000 0.45882E-02
66.500 0.46340E-02
67.000 0.46772E-02
67.500 0.47175E-02
68.000 0.47545E-02
68.500 0.47880E-02
69.000 0.48176E-02
69.500 0.48430E-02
70.000 0.48640E-02
70.500 0.48803E-02
71.000 0.48918E-02
71.500 0.48983E-02
72.000 0.48997E-02
72.500 0.48959E-02
73.000 0.48868E-02
73.500 0.48724E-02
74.000 0.48527E-02
74.500 0.48277E-02
75.000 0.47974E-02
75.500 0.47620E-02
76.000 0.47216E-02
76.500 0.46762E-02
77.000 0.46261E-02
77.500 0.45714E-02
78.000 0.45123E-02
78.500 0.44490E-02
79.000 0.43817E-02
79.500 0.43108E-02
80.000 0.42363E-02
80.500 0.41586E-02
81.000 0.40780E-02
81.500 0.39946E-02
82.000 0.39088E-02
82.500 0.38208E-02
83.000 0.37310E-02
83.500 0.36395E-02
84.000 0.35466E-02
84.500 0.34526E-02
85.000 0.33577E-02
85.500 0.32622E-02
86.000 0.31664E-02
86.500 0.30704E-02
87.000 0.29746E-02
87.500 0.28791E-02
88.000 0.27841E-02
88.500 0.26899E-02
89.000 0.25967E-02
89.500 0.25046E-02
90.000 0.24139E-02
90.500 0.23247E-02
91.000 0.22373E-02
91.500 0.21516E-02
92.000 0.20680E-02
92.500 0.19865E-02
93.000 0.19073E-02
93.500 0.18306E-02
94.000 0.17563E-02
94.500 0.16847E-02
95.000 0.16158E-02
95.500 0.15498E-02
96.000 0.14866E-02
96.500 0.14264E-02
97.000 0.13692E-02
97.500 0.13151E-02
98.000 0.12642E-02
98.500 0.12164E-02
99.000 0.11718E-02
99.500 0.11303E-02
100.00 0.10921E-02
100.50 0.10571E-02
101.00 0.10252E-02
101.50 0.99651E-03
102.00 0.97092E-03
102.50 0.94838E-03
103.00 0.92885E-03
103.50 0.91225E-03
104.00 0.89850E-03
104.50 0.88751E-03
105.00 0.87919E-03
105.50 0.87343E-03
106.00 0.87011E-03
106.50 0.86911E-03
107.00 0.87029E-03
107.50 0.87352E-03
108.00 0.87867E-03
108.50 0.88557E-03
109.00 0.89409E-03
109.50 0.90406E-03
110.00 0.91532E-03
110.50 0.92773E-03
111.00 0.94112E-03
111.50 0.95534E-03
112.00 0.97021E-03
112.50 0.98560E-03
113.00 0.10013E-02
113.50 0.10173E-02
114.00 0.10333E-02
114.50 0.10492E-02
115.00 0.10649E-02
115.50 0.10802E-02
116.00 0.10951E-02
116.50 0.11094E-02
117.00 0.11230E-02
117.50 0.11359E-02
118.00 0.11478E-02
118.50 0.11589E-02
119.00 0.11689E-02
119.50 0.11779E-02
120.00 0.11857E-02
120.50 0.11924E-02
121.00 0.11980E-02
121.50 0.12024E-02
122.00 0.12055E-02
122.50 0.12075E-02
123.00 0.12083E-02
123.50 0.12079E-02
124.00 0.12063E-02
124.50 0.12036E-02
125.00 0.11998E-02
125.50 0.11949E-02
126.00 0.11889E-02
126.50 0.11820E-02
127.00 0.11741E-02
127.50 0.11653E-02
128.00 0.11555E-02
128.50 0.11450E-02
129.00 0.11336E-02
129.50 0.11215E-02
130.00 0.11086E-02
130.50 0.10950E-02
131.00 0.10808E-02
131.50 0.10660E-02
132.00 0.10506E-02
132.50 0.10346E-02
133.00 0.10181E-02
133.50 0.10010E-02
134.00 0.98347E-03
134.50 0.96542E-03
135.00 0.94690E-03
135.50 0.92790E-03
136.00 0.90845E-03
136.50 0.88855E-03
137.00 0.86822E-03
137.50 0.84745E-03
138.00 0.82627E-03
138.50 0.80469E-03
139.00 0.78271E-03
139.50 0.76037E-03
140.00 0.73769E-03
140.50 0.71468E-03
141.00 0.69139E-03
141.50 0.66784E-03
142.00 0.64409E-03
142.50 0.62018E-03
143.00 0.59615E-03
143.50 0.57208E-03
144.00 0.54801E-03
144.50 0.52402E-03
145.00 0.50018E-03
145.50 0.47656E-03
146.00 0.45326E-03
146.50 0.43035E-03
147.00 0.40792E-03
147.50 0.38606E-03
148.00 0.36486E-03
148.50 0.34442E-03
149.00 0.32483E-03
149.50 0.30618E-03
150.00 0.28856E-03
150.50 0.27207E-03
151.00 0.25678E-03
151.50 0.24278E-03
152.00 0.23015E-03
152.50 0.21896E-03
153.00 0.20926E-03
153.50 0.20111E-03
154.00 0.19457E-03
154.50 0.18966E-03
155.00 0.18641E-03
155.50 0.18485E-03
156.00 0.18497E-03
156.50 0.18679E-03
157.00 0.19027E-03
157.50 0.19540E-03
158.00 0.20215E-03
158.50 0.21047E-03
159.00 0.22031E-03
159.50 0.23160E-03
160.00 0.24427E-03
160.50 0.25825E-03
161.00 0.27345E-03
161.50 0.28977E-03
162.00 0.30713E-03
162.50 0.32541E-03
163.00 0.34452E-03
163.50 0.36434E-03
164.00 0.38476E-03
164.50 0.40567E-03
165.00 0.42696E-03
165.50 0.44851E-03
166.00 0.47022E-03
166.50 0.49197E-03
167.00 0.51367E-03
167.50 0.53521E-03
168.00 0.55650E-03
168.50 0.57745E-03
169.00 0.59796E-03
169.50 0.61797E-03
170.00 0.63740E-03
170.50 0.65618E-03
171.00 0.67425E-03
171.50 0.69156E-03
172.00 0.70807E-03
172.50 0.72372E-03
173.00 0.73849E-03
173.50 0.75234E-03
174.00 0.76524E-03
174.50 0.77717E-03
175.00 0.78812E-03
175.50 0.79806E-03
176.00 0.80699E-03
176.50 0.81488E-03
177.00 0.82174E-03
177.50 0.82756E-03
178.00 0.83232E-03
178.50 0.83603E-03
179.00 0.83869E-03
179.50 0.84028E-03
180.00 0.84081E-03
