 Mean Elastic Optical Potential generated            1
         501  0.20000000000000001        0.00000000    
  0.0000E+00  0.0000E+00 -2.6267E+00 -7.9685E-01 -2.6068E+00 -7.9828E-01
 -2.5677E+00 -7.4600E-01 -2.5343E+00 -6.6992E-01 -2.5005E+00 -5.8917E-01
 -2.4470E+00 -5.0094E-01 -2.3971E+00 -4.6154E-01 -2.3807E+00 -4.9036E-01
 -1.9476E+00 -7.9013E-01 -2.2782E+00 -8.3958E-01 -2.2261E+00 -1.1203E+00
 -2.1399E+00 -1.4493E+00 -2.0229E+00 -1.7950E+00 -1.8761E+00 -2.1352E+00
 -1.7094E+00 -2.4512E+00 -1.5335E+00 -2.7288E+00 -1.3456E+00 -2.9550E+00
 -1.1415E+00 -3.1151E+00 -9.2258E-01 -3.1891E+00 -6.9719E-01 -3.1628E+00
 -4.7374E-01 -3.0337E+00 -2.5976E-01 -2.8117E+00 -6.4566E-02 -2.5178E+00
  1.0180E-01 -2.1762E+00  2.3177E-01 -1.8194E+00  3.1903E-01 -1.4712E+00
  3.6906E-01 -1.1545E+00  3.8555E-01 -8.8027E-01  3.7821E-01 -6.5289E-01
  3.5470E-01 -4.7098E-01  3.2180E-01 -3.2979E-01  2.8457E-01 -2.2327E-01
  2.4664E-01 -1.4512E-01  2.1031E-01 -8.9331E-02  1.7698E-01 -5.0703E-02
  1.4728E-01 -2.4818E-02  1.2145E-01 -8.1487E-03  9.9343E-02  2.0475E-03
  8.0721E-02  7.7912E-03  6.5185E-02  1.0590E-02  5.2398E-02  1.1474E-02
  4.1977E-02  1.1186E-02  3.3586E-02  1.0240E-02  2.6898E-02  8.9836E-03
  2.1618E-02  7.6582E-03  1.7463E-02  6.4140E-03  1.4191E-02  5.3200E-03
  1.1596E-02  4.4272E-03  9.4867E-03  3.6761E-03  7.8138E-03  3.0931E-03
  6.3801E-03  2.5672E-03  5.2637E-03  2.1764E-03  4.3213E-03  1.7917E-03
  3.5853E-03  1.5157E-03  2.9852E-03  1.2605E-03  2.4891E-03  1.0881E-03
  2.0957E-03  9.4063E-04  1.7414E-03  8.7300E-04  1.4061E-03  7.0862E-04
  1.1485E-03  8.1193E-04  8.7656E-04  5.7479E-04  6.9852E-04  7.0451E-04
  5.2793E-04  4.8780E-04  3.5026E-04  5.0413E-04  3.1447E-04  3.9153E-04
  1.7216E-04  2.3317E-04  1.4896E-04  7.7289E-05 -4.1337E-04 -1.3471E-04
 -4.6551E-05  1.1664E-04 -3.0241E-04 -1.0466E-04 -4.8220E-04 -3.3366E-04
 -5.1180E-04 -1.1345E-04 -2.5520E-04  4.8696E-06 -3.9729E-04 -4.3885E-04
 -5.7681E-04 -5.3382E-05 -1.7757E-05  1.0073E-04 -4.6537E-04 -3.4584E-04
 -1.0905E-04  5.5118E-04  3.0423E-04  1.2695E-05 -2.9095E-04  1.7212E-04
  6.5417E-04  4.5470E-04  1.0642E-04 -7.1685E-05  5.8375E-04  4.3951E-04
  6.4987E-04 -3.4437E-05  1.0068E-04  7.3225E-05  6.4028E-04  1.4873E-04
  5.9689E-04 -1.3983E-04  1.7300E-04 -1.8225E-04  2.3947E-04 -1.7057E-04
  2.4665E-04 -3.1285E-04 -1.0623E-04 -2.6031E-04  4.0850E-06 -3.3364E-04
 -2.3460E-04 -1.8633E-04 -1.6996E-04 -2.2990E-04 -2.1268E-04 -1.6980E-04
 -2.2420E-04 -5.1690E-05 -1.7868E-04 -1.0882E-04 -1.7026E-04 -4.5241E-05
 -1.6785E-04 -1.3441E-05 -1.0597E-04 -3.8611E-05 -9.2887E-05 -1.1464E-05
 -8.0626E-05 -2.1336E-05 -5.9912E-05  1.3246E-05 -1.7999E-05 -1.5094E-05
 -5.2305E-05  9.0298E-06 -4.9723E-06  2.9419E-06 -2.3699E-05  1.4236E-05
 -1.4628E-05 -9.8783E-06 -1.7167E-05  1.7791E-05 -5.4831E-06 -5.5153E-06
 -1.3423E-05  2.2390E-06 -5.3316E-06  5.7705E-06 -5.0837E-06 -1.6074E-07
 -5.7720E-06  5.7180E-06 -7.0098E-06  3.4736E-06 -6.5550E-06  5.9084E-06
 -9.0785E-06  4.3556E-06 -1.1054E-05  1.9585E-06 -8.3967E-06  1.8343E-06
 -1.0397E-05 -4.3011E-07 -5.2646E-06  1.5858E-08 -8.0676E-06 -5.6375E-07
 -5.0222E-06  1.6971E-06 -7.0526E-06  3.4876E-06 -6.5178E-06  2.3336E-06
 -9.4531E-06  2.7004E-06 -8.8471E-06  2.7275E-06 -9.7352E-06 -5.4994E-07
 -8.6737E-06  4.9212E-07 -7.3184E-06 -1.0981E-06 -6.1712E-06 -3.1700E-07
 -5.3346E-06  1.0913E-06 -6.5397E-06  1.9045E-06 -5.5475E-06  2.8315E-06
 -8.1692E-06  2.5914E-06 -7.8528E-06  2.3441E-06 -8.4817E-06  1.1288E-06
 -7.6118E-06 -1.5250E-07 -7.0128E-06  4.3213E-07 -4.9386E-06 -2.8040E-07
 -5.4628E-06  1.2695E-06 -4.3130E-06  2.3352E-06 -5.3690E-06  2.5392E-06
 -6.1915E-06  3.3896E-06 -6.8934E-06  2.5419E-06 -6.9810E-06  1.9700E-06
 -6.5380E-06  1.0146E-06 -5.7921E-06  5.2445E-07 -4.5973E-06  1.0154E-06
 -3.9199E-06  1.2906E-06 -3.6594E-06  2.5302E-06 -4.3157E-06  3.1896E-06
 -4.5930E-06  3.4233E-06 -5.5735E-06  3.1353E-06 -5.6847E-06  2.4807E-06
 -5.3597E-06  1.7565E-06 -4.6883E-06  1.1468E-06 -3.7266E-06  1.5341E-06
 -2.9600E-06  1.6758E-06 -2.8540E-06  2.7805E-06 -2.9071E-06  3.2598E-06
 -3.6633E-06  3.6580E-06 -4.1679E-06  3.4546E-06 -4.4264E-06  2.8807E-06
 -4.3254E-06  2.1370E-06 -3.6000E-06  1.8384E-06 -2.8355E-06  1.5844E-06
 -2.1817E-06  2.1859E-06 -1.8209E-06  2.7112E-06 -2.0728E-06  3.3754E-06
 -2.4993E-06  3.6968E-06 -3.0218E-06  3.5570E-06 -3.3755E-06  3.0789E-06
 -3.1895E-06  2.4786E-06 -2.7285E-06  1.9562E-06 -2.0033E-06  1.9106E-06
 -1.3611E-06  2.1750E-06 -1.0956E-06  2.7205E-06 -1.1740E-06  3.2998E-06
 -1.5667E-06  3.5563E-06 -2.0672E-06  3.5220E-06 -2.3400E-06  3.0989E-06
 -2.2969E-06  2.5367E-06 -1.8947E-06  2.0741E-06 -1.2571E-06  1.9440E-06
 -7.3625E-07  2.1029E-06 -4.0833E-07  2.6218E-06 -4.4211E-07  3.0636E-06
 -7.9356E-07  3.3805E-06 -1.2089E-06  3.3318E-06 -1.4934E-06  2.9687E-06
 -1.5324E-06  2.4661E-06 -1.1512E-06  2.0335E-06 -6.5557E-07  1.8206E-06
 -1.2734E-07  2.0056E-06  1.5693E-07  2.3346E-06  1.3890E-07  2.8057E-06
 -1.4103E-07  3.0841E-06 -5.3810E-07  3.0623E-06 -8.3821E-07  2.7621E-06
 -8.4291E-07  2.2769E-06 -6.0994E-07  1.8662E-06 -1.2490E-07  1.6680E-06
  3.1645E-07  1.7390E-06  6.1458E-07  2.0859E-06  6.1375E-07  2.4584E-06
  3.7715E-07  2.7184E-06  1.5899E-08  2.7236E-06 -2.7068E-07  2.4526E-06
 -3.1878E-07  2.0255E-06 -1.2569E-07  1.6301E-06  2.7988E-07  1.4248E-06
  6.7856E-07  1.4723E-06  9.5314E-07  1.7456E-06  9.7533E-07  2.0870E-06
  7.6389E-07  2.3244E-06  4.3150E-07  2.3467E-06  1.5554E-07  2.1157E-06
  7.6666E-08  1.7240E-06  2.3470E-07  1.3518E-06  5.7825E-07  1.1419E-06
  9.4880E-07  1.1714E-06  1.1914E-06  1.4003E-06  1.2145E-06  1.7004E-06
  1.0272E-06  1.9187E-06  7.2613E-07  1.9506E-06  4.6523E-07  1.7461E-06
  3.6519E-07  1.4072E-06  4.9950E-07  1.0545E-06  7.7897E-07  8.5036E-07
  1.0964E-06  8.4718E-07  1.3280E-06  1.0513E-06  1.3690E-06  1.3202E-06
  1.2040E-06  1.5315E-06  9.2116E-07  1.5566E-06  6.6584E-07  1.3916E-06
  5.6915E-07  1.0689E-06  6.5991E-07  7.6170E-07  9.0363E-07  5.5717E-07
  1.1911E-06  5.5060E-07  1.4021E-06  7.2631E-07  1.4309E-06  9.7188E-07
  1.2783E-06  1.1572E-06  1.0225E-06  1.1986E-06  7.7962E-07  1.0422E-06
  6.6887E-07  7.6461E-07  7.2375E-07  4.6363E-07  9.3813E-07  2.8556E-07
  1.2029E-06  2.8109E-07  1.3911E-06  4.1725E-07  1.4319E-06  6.4820E-07
  1.2904E-06  8.1869E-07  1.0423E-06  8.6864E-07  8.1422E-07  7.3786E-07
  6.9667E-07  4.8526E-07  7.4921E-07  2.1569E-07  9.3028E-07  4.6448E-08
  1.1612E-06  2.2385E-08  1.3401E-06  1.6474E-07  1.3666E-06  3.6633E-07
  1.2425E-06  5.2199E-07  1.0148E-06  5.6913E-07  7.9417E-07  4.6501E-07
  6.7036E-07  2.3769E-07  7.0883E-07 -6.5599E-09  8.6991E-07 -1.7364E-07
  1.0780E-06 -1.9329E-07  1.2394E-06 -7.4157E-08  1.2680E-06  1.1542E-07
  1.1509E-06  2.7724E-07  9.4449E-07  3.2217E-07  7.2195E-07  2.3475E-07
  6.0649E-07  3.0764E-08  6.3956E-07 -1.9449E-07  7.7209E-07 -3.4513E-07
  9.5776E-07 -3.6488E-07  1.1135E-06 -2.5579E-07  1.1318E-06 -7.9843E-08
  1.0277E-06  6.9550E-08  8.3220E-07  1.1373E-07  6.2727E-07  4.1698E-08
  5.1676E-07 -1.3737E-07  5.3189E-07 -3.3344E-07  6.6020E-07 -4.6323E-07
  8.2424E-07 -5.0097E-07  9.6299E-07 -3.9930E-07  9.8719E-07 -2.4180E-07
  8.8595E-07 -8.1606E-08  7.0189E-07 -3.5758E-08  5.1950E-07 -1.0260E-07
  4.0456E-07 -2.5569E-07  4.1252E-07 -4.4074E-07  5.3134E-07 -5.6263E-07
  6.7957E-07 -5.8323E-07  8.0243E-07 -4.9245E-07  8.2375E-07 -3.4883E-07
  7.3349E-07 -2.0528E-07  5.7045E-07 -1.4265E-07  3.9541E-07 -1.9684E-07
  2.8205E-07 -3.4531E-07  2.9069E-07 -5.0199E-07  3.9193E-07 -6.1835E-07
  5.3572E-07 -6.6085E-07  6.5131E-07 -5.5966E-07  6.8074E-07 -4.1230E-07
  5.9261E-07 -2.8876E-07  4.4141E-07 -2.2071E-07  2.7952E-07 -2.6642E-07
  1.7316E-07 -3.9352E-07  1.7242E-07 -5.4148E-07  2.6582E-07 -6.3752E-07
  3.9215E-07 -6.5703E-07  5.0084E-07 -5.8785E-07  5.2305E-07 -4.4628E-07
  4.4397E-07 -3.2407E-07  3.0408E-07 -2.6067E-07  1.5597E-07 -2.9924E-07
  6.0586E-08 -4.0917E-07  5.9733E-08 -5.4198E-07  1.4200E-07 -6.3673E-07
  2.6410E-07 -6.4465E-07  3.6057E-07 -5.6663E-07  3.8450E-07 -4.4601E-07
  3.1610E-07 -3.2407E-07  1.9369E-07 -2.6611E-07  4.7334E-08 -3.0323E-07
 -3.7324E-08 -4.0441E-07 -3.6458E-08 -5.2983E-07  5.0662E-08 -6.0413E-07
  1.5611E-07 -6.1801E-07  2.3740E-07 -5.4128E-07  2.6750E-07 -4.2920E-07
  1.9806E-07 -3.0798E-07  7.6686E-08 -2.5547E-07 -4.9502E-08 -2.8258E-07
 -1.1208E-07 -3.7505E-07 -1.1737E-07 -4.9161E-07 -5.0886E-08 -5.8102E-07
  5.8922E-08 -5.7430E-07  1.3945E-07 -5.0415E-07  1.6518E-07 -3.9248E-07
  1.0901E-07 -2.8466E-07 -2.1011E-09 -2.3093E-07 -1.1710E-07 -2.5117E-07
 -1.8878E-07 -3.3614E-07 -1.8905E-07 -4.3552E-07 -1.1690E-07 -5.1108E-07
 -1.1337E-08 -5.2267E-07  6.6078E-08 -4.4830E-07  8.4272E-08 -3.4612E-07
  3.7178E-08 -2.4313E-07 -6.9698E-08 -1.8597E-07 -1.7233E-07 -2.1557E-07
 -2.4302E-07 -2.9939E-07 -2.3104E-07 -3.8934E-07 -1.6980E-07 -4.5191E-07
 -7.4770E-08 -4.5665E-07 -4.5749E-09 -3.9701E-07  2.3965E-08 -3.0459E-07
 -1.8207E-08 -2.0489E-07 -1.2390E-07 -1.5240E-07 -2.0491E-07 -1.6289E-07
 -2.6885E-07 -2.2955E-07 -2.7245E-07 -3.2009E-07 -2.1023E-07 -3.9373E-07
 -1.2464E-07 -3.9195E-07 -5.5074E-08 -3.3133E-07 -3.2059E-08 -2.3844E-07
 -7.3143E-08 -1.5052E-07 -1.4914E-07 -9.5203E-08 -2.4013E-07 -1.2282E-07
 -2.9238E-07 -1.8515E-07 -2.9147E-07 -2.6429E-07 -2.2471E-07 -3.1914E-07
 -1.4330E-07 -3.2381E-07 -8.5895E-08 -2.7011E-07 -6.7558E-08 -1.7792E-07
 -1.0461E-07 -1.0065E-07 -1.6815E-07 -6.1270E-08 -2.4704E-07 -7.2861E-08
 -2.9211E-07 -1.3303E-07 -2.9260E-07 -2.2101E-07 -2.3826E-07 -2.7123E-07
 -1.6364E-07 -2.6495E-07 -9.7915E-08 -2.1237E-07 -7.7686E-08 -1.3582E-07
 -1.1768E-07 -5.1881E-08 -1.7713E-07 -2.1593E-08 -2.5943E-07 -3.3540E-08
 -3.0230E-07 -9.7646E-08 -2.8859E-07 -1.5833E-07 -2.4058E-07 -2.1273E-07
 -1.6772E-07 -2.0499E-07 -1.0889E-07 -1.5774E-07 -9.4831E-08 -8.2684E-08
 -1.2138E-07 -1.2239E-08 -1.8313E-07  1.5018E-08 -2.5661E-07 -1.0389E-09
 -2.9252E-07 -5.1211E-08 -2.7891E-07 -1.1300E-07 -2.3903E-07 -1.4998E-07
 -1.7368E-07 -1.4883E-07 -1.0261E-07 -1.1066E-07 -1.0154E-07 -3.9249E-08
 -1.2582E-07  1.6617E-08 -1.8382E-07  5.0683E-08 -2.4376E-07  3.4971E-08
 -2.7325E-07 -2.7793E-08 -2.6565E-07 -7.2990E-08 -2.1197E-07 -1.2573E-07
 -1.5482E-07 -1.1385E-07 -1.0221E-07 -6.6715E-08 -8.7907E-08  1.2754E-09
 -1.1750E-07  5.3335E-08 -1.7041E-07  7.3594E-08 -2.2308E-07  6.6014E-08
 -2.5873E-07  1.7831E-08 -2.5094E-07 -4.0661E-08 -1.9250E-07 -8.3199E-08
 -1.3769E-07 -8.3661E-08 -1.0082E-07 -4.8880E-08 -7.8279E-08  1.7819E-08
 -9.5566E-08  7.6379E-08 -1.5072E-07  9.8688E-08 -2.0856E-07  8.6202E-08
 -2.3490E-07  3.1097E-08 -2.2445E-07 -2.5836E-08 -1.7867E-07 -5.5592E-08
 -1.1234E-07 -5.8710E-08 -6.9607E-08 -1.6769E-08 -5.6040E-08  4.3845E-08
 -8.6137E-08  9.7917E-08 -1.3957E-07  1.1309E-07 -1.8368E-07  8.6100E-08
 -2.0962E-07  5.3561E-08 -2.0537E-07  2.4564E-09 -1.6143E-07 -2.7045E-08
 -1.1896E-07 -1.7972E-08 -6.3197E-08  3.5589E-09 -5.1499E-08  6.1540E-08
 -7.1650E-08  1.0910E-07 -1.1780E-07  1.2280E-07 -1.6313E-07  1.0532E-07
 -1.9394E-07  7.0198E-08 -1.8102E-07  2.5328E-08 -1.3600E-07 -8.7046E-09
 -9.4121E-08 -9.8104E-09 -5.1213E-08  2.4233E-08 -4.6941E-08  7.2245E-08
 -5.8001E-08  1.1440E-07 -1.0416E-07  1.2901E-07 -1.4228E-07  1.0998E-07
 -1.5636E-07  7.5335E-08 -1.5169E-07  2.8017E-08 -1.1810E-07  3.0417E-09
 -7.6699E-08  9.3917E-09 -4.0174E-08  3.7974E-08 -3.4749E-08  7.9133E-08
 -5.9357E-08  1.0880E-07 -9.2921E-08  1.2299E-07 -1.2702E-07  1.1267E-07
 -1.6079E-07  8.2859E-08 -1.4207E-07  3.7617E-08 -1.0471E-07  2.5564E-08
 -5.3386E-08  2.5714E-08 -2.6025E-08  5.2909E-08 -2.0078E-08  9.1266E-08
 -3.9196E-08  1.2771E-07 -7.8101E-08  1.4720E-07 -1.1318E-07  1.2546E-07
 -1.2922E-07  7.8837E-08 -1.1650E-07  4.3490E-08 -8.3338E-08  2.6373E-08
 -4.3350E-08  3.8299E-08 -1.6576E-08  5.9414E-08 -1.6410E-08  9.4127E-08
 -2.6042E-08  1.3263E-07 -6.3704E-08  1.3726E-07 -9.1054E-08  1.2387E-07
 -1.0785E-07  9.1961E-08 -8.5608E-08  4.8656E-08 -6.7656E-08  3.5088E-08
 -2.4294E-08  3.7639E-08 -2.1943E-09  6.2957E-08  1.6984E-09  9.7711E-08
 -2.3085E-08  1.2900E-07 -5.2852E-08  1.3372E-07 -7.5901E-08  1.1703E-07
 -8.6599E-08  8.8201E-08 -7.3945E-08  5.1375E-08 -4.7121E-08  3.9754E-08
 -1.5445E-08  4.4553E-08  1.1028E-08  6.9178E-08  1.5800E-08  1.0981E-07
 -1.5062E-09  1.3548E-07 -3.7759E-08  1.3809E-07 -6.4087E-08  1.2124E-07
 -7.2534E-08  9.0352E-08 -5.8762E-08  6.0419E-08 -2.9036E-08  4.5480E-08
