0.10000E-01 1.0000
0.50000 1.0043
1.0000 1.0127
1.5000 1.0046
2.0000 0.97592
2.5000 0.93017
3.0000 0.87362
3.5000 0.81284
4.0000 0.75377
4.5000 0.70127
5.0000 0.65899
5.5000 0.62934
6.0000 0.61358
6.5000 0.61187
7.0000 0.62345
7.5000 0.64675
8.0000 0.67958
8.5000 0.71927
9.0000 0.76288
9.5000 0.80731
10.000 0.84952
10.500 0.88663
11.000 0.91606
11.500 0.93566
12.000 0.94379
12.500 0.93938
13.000 0.92198
13.500 0.89173
14.000 0.84941
14.500 0.79633
15.000 0.73431
15.500 0.66558
16.000 0.59265
16.500 0.51824
17.000 0.44515
17.500 0.37612
18.000 0.31373
18.500 0.26027
19.000 0.21769
19.500 0.18749
20.000 0.17065
20.500 0.16764
21.000 0.17837
21.500 0.20219
22.000 0.23799
22.500 0.28416
23.000 0.33874
23.500 0.39943
24.000 0.46377
24.500 0.52915
25.000 0.59298
25.500 0.65275
26.000 0.70616
26.500 0.75117
27.000 0.78607
27.500 0.80957
28.000 0.82081
28.500 0.81940
29.000 0.80540
29.500 0.77933
30.000 0.74214
30.500 0.69512
31.000 0.63990
31.500 0.57836
32.000 0.51254
32.500 0.44458
33.000 0.37664
33.500 0.31080
34.000 0.24904
34.500 0.19310
35.000 0.14451
35.500 0.10447
36.000 0.73879E-01
36.500 0.53276E-01
37.000 0.42852E-01
37.500 0.42453E-01
38.000 0.51601E-01
38.500 0.69521E-01
39.000 0.95179E-01
39.500 0.12733
40.000 0.16456
40.500 0.20536
41.000 0.24815
41.500 0.29137
42.000 0.33350
42.500 0.37311
43.000 0.40893
43.500 0.43986
44.000 0.46499
44.500 0.48367
45.000 0.49543
45.500 0.50007
46.000 0.49762
46.500 0.48830
47.000 0.47257
47.500 0.45102
48.000 0.42441
48.500 0.39361
49.000 0.35957
49.500 0.32326
50.000 0.28570
50.500 0.24785
51.000 0.21065
51.500 0.17495
52.000 0.14148
52.500 0.11089
53.000 0.83670E-01
53.500 0.60191E-01
54.000 0.40675E-01
54.500 0.25208E-01
55.000 0.13744E-01
55.500 0.61165E-02
56.000 0.20523E-02
56.500 0.11859E-02
57.000 0.30794E-02
57.500 0.72416E-02
58.000 0.13149E-01
58.500 0.20263E-01
59.000 0.28055E-01
59.500 0.36016E-01
60.000 0.43681E-01
60.500 0.50636E-01
61.000 0.56533E-01
61.500 0.61098E-01
62.000 0.64134E-01
62.500 0.65528E-01
63.000 0.65246E-01
63.500 0.63332E-01
64.000 0.59905E-01
64.500 0.55148E-01
65.000 0.49301E-01
65.500 0.42648E-01
66.000 0.35510E-01
66.500 0.28228E-01
67.000 0.21154E-01
67.500 0.14636E-01
68.000 0.90113E-02
68.500 0.45897E-02
69.000 0.16494E-02
69.500 0.42659E-03
70.000 0.11094E-02
70.500 0.38334E-02
71.000 0.86786E-02
71.500 0.15668E-01
72.000 0.24769E-01
72.500 0.35895E-01
73.000 0.48907E-01
73.500 0.63622E-01
74.000 0.79816E-01
74.500 0.97234E-01
75.000 0.11559
75.500 0.13460
76.000 0.15393
76.500 0.17329
77.000 0.19237
77.500 0.21087
78.000 0.22852
78.500 0.24508
79.000 0.26032
79.500 0.27406
80.000 0.28616
80.500 0.29650
81.000 0.30501
81.500 0.31165
82.000 0.31643
82.500 0.31938
83.000 0.32058
83.500 0.32011
84.000 0.31811
84.500 0.31470
85.000 0.31006
85.500 0.30434
86.000 0.29773
86.500 0.29040
87.000 0.28254
87.500 0.27431
88.000 0.26589
88.500 0.25743
89.000 0.24910
89.500 0.24101
90.000 0.23330
90.500 0.22608
91.000 0.21944
91.500 0.21348
92.000 0.20827
92.500 0.20388
93.000 0.20037
93.500 0.19779
94.000 0.19619
94.500 0.19563
95.000 0.19614
95.500 0.19777
96.000 0.20056
96.500 0.20458
97.000 0.20987
97.500 0.21648
98.000 0.22446
98.500 0.23388
99.000 0.24480
99.500 0.25726
100.00 0.27133
100.50 0.28706
101.00 0.30449
101.50 0.32366
102.00 0.34461
102.50 0.36737
103.00 0.39194
103.50 0.41834
104.00 0.44656
104.50 0.47659
105.00 0.50841
105.50 0.54200
106.00 0.57731
106.50 0.61432
107.00 0.65300
107.50 0.69330
108.00 0.73522
108.50 0.77873
109.00 0.82383
109.50 0.87055
110.00 0.91893
110.50 0.96902
111.00 1.0209
111.50 1.0747
112.00 1.1306
112.50 1.1888
113.00 1.2494
113.50 1.3126
114.00 1.3788
114.50 1.4481
115.00 1.5210
115.50 1.5976
116.00 1.6783
116.50 1.7632
117.00 1.8528
117.50 1.9472
118.00 2.0466
118.50 2.1512
119.00 2.2610
119.50 2.3760
120.00 2.4962
120.50 2.6215
121.00 2.7515
121.50 2.8860
122.00 3.0245
122.50 3.1663
123.00 3.3109
123.50 3.4575
124.00 3.6053
124.50 3.7531
125.00 3.9001
125.50 4.0451
126.00 4.1869
126.50 4.3243
127.00 4.4562
127.50 4.5813
128.00 4.6984
128.50 4.8064
129.00 4.9042
129.50 4.9909
130.00 5.0657
130.50 5.1278
131.00 5.1767
131.50 5.2121
132.00 5.2338
132.50 5.2419
133.00 5.2367
133.50 5.2188
134.00 5.1888
134.50 5.1478
135.00 5.0969
135.50 5.0375
136.00 4.9713
136.50 4.9000
137.00 4.8255
137.50 4.7497
138.00 4.6748
138.50 4.6028
139.00 4.5358
139.50 4.4758
140.00 4.4249
140.50 4.3848
141.00 4.3570
141.50 4.3432
142.00 4.3442
142.50 4.3611
143.00 4.3944
143.50 4.4441
144.00 4.5101
144.50 4.5919
145.00 4.6885
145.50 4.7984
146.00 4.9200
146.50 5.0513
147.00 5.1897
147.50 5.3325
148.00 5.4769
148.50 5.6197
149.00 5.7575
149.50 5.8870
150.00 6.0047
150.50 6.1073
151.00 6.1916
151.50 6.2545
152.00 6.2932
152.50 6.3054
153.00 6.2889
153.50 6.2423
154.00 6.1646
154.50 6.0552
155.00 5.9144
155.50 5.7429
156.00 5.5423
156.50 5.3147
157.00 5.0628
157.50 4.7903
158.00 4.5011
158.50 4.2001
159.00 3.8922
159.50 3.5833
160.00 3.2794
160.50 2.9868
161.00 2.7120
161.50 2.4618
162.00 2.2427
162.50 2.0612
163.00 1.9235
163.50 1.8357
164.00 1.8032
164.50 1.8307
165.00 1.9226
165.50 2.0823
166.00 2.3123
166.50 2.6143
167.00 2.9890
167.50 3.4360
168.00 3.9540
168.50 4.5405
169.00 5.1919
169.50 5.9037
170.00 6.6703
170.50 7.4852
171.00 8.3410
171.50 9.2296
172.00 10.142
172.50 11.069
173.00 12.001
173.50 12.927
174.00 13.837
174.50 14.721
175.00 15.569
175.50 16.370
176.00 17.116
176.50 17.797
177.00 18.405
177.50 18.933
178.00 19.374
178.50 19.722
179.00 19.975
179.50 20.127
179.99 20.178
