0.0000 0.15526
0.50000 0.15517
1.0000 0.15491
1.5000 0.15447
2.0000 0.15385
2.5000 0.15306
3.0000 0.15211
3.5000 0.15099
4.0000 0.14970
4.5000 0.14827
5.0000 0.14668
5.5000 0.14495
6.0000 0.14309
6.5000 0.14109
7.0000 0.13898
7.5000 0.13675
8.0000 0.13441
8.5000 0.13198
9.0000 0.12946
9.5000 0.12686
10.000 0.12419
10.500 0.12146
11.000 0.11868
11.500 0.11585
12.000 0.11298
12.500 0.11009
13.000 0.10717
13.500 0.10424
14.000 0.10131
14.500 0.98376E-01
15.000 0.95451E-01
15.500 0.92538E-01
16.000 0.89645E-01
16.500 0.86775E-01
17.000 0.83933E-01
17.500 0.81123E-01
18.000 0.78350E-01
18.500 0.75615E-01
19.000 0.72923E-01
19.500 0.70275E-01
20.000 0.67675E-01
20.500 0.65124E-01
21.000 0.62623E-01
21.500 0.60176E-01
22.000 0.57783E-01
22.500 0.55446E-01
23.000 0.53166E-01
23.500 0.50945E-01
24.000 0.48783E-01
24.500 0.46683E-01
25.000 0.44646E-01
25.500 0.42674E-01
26.000 0.40767E-01
26.500 0.38928E-01
27.000 0.37158E-01
27.500 0.35460E-01
28.000 0.33833E-01
28.500 0.32282E-01
29.000 0.30806E-01
29.500 0.29408E-01
30.000 0.28088E-01
30.500 0.26850E-01
31.000 0.25692E-01
31.500 0.24617E-01
32.000 0.23625E-01
32.500 0.22716E-01
33.000 0.21890E-01
33.500 0.21147E-01
34.000 0.20486E-01
34.500 0.19906E-01
35.000 0.19405E-01
35.500 0.18980E-01
36.000 0.18630E-01
36.500 0.18351E-01
37.000 0.18140E-01
37.500 0.17993E-01
38.000 0.17905E-01
38.500 0.17873E-01
39.000 0.17891E-01
39.500 0.17954E-01
40.000 0.18056E-01
40.500 0.18193E-01
41.000 0.18359E-01
41.500 0.18547E-01
42.000 0.18753E-01
42.500 0.18970E-01
43.000 0.19195E-01
43.500 0.19420E-01
44.000 0.19641E-01
44.500 0.19855E-01
45.000 0.20056E-01
45.500 0.20240E-01
46.000 0.20405E-01
46.500 0.20546E-01
47.000 0.20663E-01
47.500 0.20752E-01
48.000 0.20812E-01
48.500 0.20842E-01
49.000 0.20841E-01
49.500 0.20810E-01
50.000 0.20749E-01
50.500 0.20658E-01
51.000 0.20540E-01
51.500 0.20394E-01
52.000 0.20224E-01
52.500 0.20031E-01
53.000 0.19818E-01
53.500 0.19587E-01
54.000 0.19341E-01
54.500 0.19082E-01
55.000 0.18815E-01
55.500 0.18541E-01
56.000 0.18262E-01
56.500 0.17983E-01
57.000 0.17706E-01
57.500 0.17433E-01
58.000 0.17166E-01
58.500 0.16907E-01
59.000 0.16659E-01
59.500 0.16423E-01
60.000 0.16201E-01
60.500 0.15995E-01
61.000 0.15804E-01
61.500 0.15630E-01
62.000 0.15474E-01
62.500 0.15336E-01
63.000 0.15216E-01
63.500 0.15114E-01
64.000 0.15030E-01
64.500 0.14964E-01
65.000 0.14916E-01
65.500 0.14885E-01
66.000 0.14870E-01
66.500 0.14871E-01
67.000 0.14886E-01
67.500 0.14916E-01
68.000 0.14958E-01
68.500 0.15013E-01
69.000 0.15080E-01
69.500 0.15157E-01
70.000 0.15243E-01
70.500 0.15338E-01
71.000 0.15441E-01
71.500 0.15551E-01
72.000 0.15667E-01
72.500 0.15789E-01
73.000 0.15915E-01
73.500 0.16045E-01
74.000 0.16178E-01
74.500 0.16314E-01
75.000 0.16452E-01
75.500 0.16591E-01
76.000 0.16732E-01
76.500 0.16872E-01
77.000 0.17013E-01
77.500 0.17153E-01
78.000 0.17293E-01
78.500 0.17432E-01
79.000 0.17570E-01
79.500 0.17706E-01
80.000 0.17842E-01
80.500 0.17977E-01
81.000 0.18110E-01
81.500 0.18244E-01
82.000 0.18377E-01
82.500 0.18510E-01
83.000 0.18644E-01
83.500 0.18779E-01
84.000 0.18916E-01
84.500 0.19056E-01
85.000 0.19200E-01
85.500 0.19348E-01
86.000 0.19502E-01
86.500 0.19662E-01
87.000 0.19830E-01
87.500 0.20007E-01
88.000 0.20193E-01
88.500 0.20390E-01
89.000 0.20598E-01
89.500 0.20819E-01
90.000 0.21053E-01
90.500 0.21300E-01
91.000 0.21562E-01
91.500 0.21838E-01
92.000 0.22130E-01
92.500 0.22436E-01
93.000 0.22756E-01
93.500 0.23090E-01
94.000 0.23438E-01
94.500 0.23799E-01
95.000 0.24171E-01
95.500 0.24553E-01
96.000 0.24943E-01
96.500 0.25340E-01
97.000 0.25742E-01
97.500 0.26147E-01
98.000 0.26552E-01
98.500 0.26956E-01
99.000 0.27354E-01
99.500 0.27746E-01
100.00 0.28128E-01
100.50 0.28497E-01
101.00 0.28851E-01
101.50 0.29188E-01
102.00 0.29505E-01
102.50 0.29800E-01
103.00 0.30071E-01
103.50 0.30315E-01
104.00 0.30531E-01
104.50 0.30719E-01
105.00 0.30875E-01
105.50 0.31001E-01
106.00 0.31094E-01
106.50 0.31156E-01
107.00 0.31186E-01
107.50 0.31185E-01
108.00 0.31154E-01
108.50 0.31093E-01
109.00 0.31005E-01
109.50 0.30891E-01
110.00 0.30753E-01
110.50 0.30593E-01
111.00 0.30414E-01
111.50 0.30219E-01
112.00 0.30011E-01
112.50 0.29791E-01
113.00 0.29564E-01
113.50 0.29331E-01
114.00 0.29097E-01
114.50 0.28863E-01
115.00 0.28632E-01
115.50 0.28407E-01
116.00 0.28191E-01
116.50 0.27984E-01
117.00 0.27789E-01
117.50 0.27607E-01
118.00 0.27439E-01
118.50 0.27287E-01
119.00 0.27150E-01
119.50 0.27029E-01
120.00 0.26923E-01
120.50 0.26832E-01
121.00 0.26755E-01
121.50 0.26691E-01
122.00 0.26638E-01
122.50 0.26594E-01
123.00 0.26557E-01
123.50 0.26526E-01
124.00 0.26497E-01
124.50 0.26469E-01
125.00 0.26439E-01
125.50 0.26405E-01
126.00 0.26363E-01
126.50 0.26312E-01
127.00 0.26249E-01
127.50 0.26172E-01
128.00 0.26080E-01
128.50 0.25970E-01
129.00 0.25841E-01
129.50 0.25692E-01
130.00 0.25522E-01
130.50 0.25331E-01
131.00 0.25119E-01
131.50 0.24885E-01
132.00 0.24631E-01
132.50 0.24357E-01
133.00 0.24064E-01
133.50 0.23754E-01
134.00 0.23429E-01
134.50 0.23091E-01
135.00 0.22743E-01
135.50 0.22385E-01
136.00 0.22022E-01
136.50 0.21656E-01
137.00 0.21290E-01
137.50 0.20927E-01
138.00 0.20569E-01
138.50 0.20219E-01
139.00 0.19880E-01
139.50 0.19554E-01
140.00 0.19243E-01
140.50 0.18950E-01
141.00 0.18676E-01
141.50 0.18422E-01
142.00 0.18190E-01
142.50 0.17981E-01
143.00 0.17794E-01
143.50 0.17631E-01
144.00 0.17490E-01
144.50 0.17371E-01
145.00 0.17273E-01
145.50 0.17195E-01
146.00 0.17136E-01
146.50 0.17093E-01
147.00 0.17065E-01
147.50 0.17048E-01
148.00 0.17042E-01
148.50 0.17043E-01
149.00 0.17049E-01
149.50 0.17056E-01
150.00 0.17064E-01
150.50 0.17068E-01
151.00 0.17067E-01
151.50 0.17059E-01
152.00 0.17040E-01
152.50 0.17010E-01
153.00 0.16967E-01
153.50 0.16910E-01
154.00 0.16837E-01
154.50 0.16748E-01
155.00 0.16643E-01
155.50 0.16522E-01
156.00 0.16385E-01
156.50 0.16232E-01
157.00 0.16066E-01
157.50 0.15888E-01
158.00 0.15698E-01
158.50 0.15500E-01
159.00 0.15295E-01
159.50 0.15086E-01
160.00 0.14876E-01
160.50 0.14667E-01
161.00 0.14462E-01
161.50 0.14264E-01
162.00 0.14075E-01
162.50 0.13899E-01
163.00 0.13739E-01
163.50 0.13596E-01
164.00 0.13473E-01
164.50 0.13372E-01
165.00 0.13295E-01
165.50 0.13244E-01
166.00 0.13219E-01
166.50 0.13221E-01
167.00 0.13252E-01
167.50 0.13310E-01
168.00 0.13395E-01
168.50 0.13507E-01
169.00 0.13645E-01
169.50 0.13807E-01
170.00 0.13991E-01
170.50 0.14195E-01
171.00 0.14416E-01
171.50 0.14652E-01
172.00 0.14900E-01
172.50 0.15157E-01
173.00 0.15418E-01
173.50 0.15681E-01
174.00 0.15943E-01
174.50 0.16199E-01
175.00 0.16447E-01
175.50 0.16682E-01
176.00 0.16902E-01
176.50 0.17104E-01
177.00 0.17285E-01
177.50 0.17443E-01
178.00 0.17575E-01
178.50 0.17679E-01
179.00 0.17755E-01
179.50 0.17801E-01
180.00 0.17816E-01
