0.000 0.6067E-02
0.000 -0.5199
0.000 0.000
1.000 0.6171E-02
-0.5585E-01 -0.5225
-0.3202E-01 -0.9306E-03
2.000 0.6459E-02
-0.9094E-01 -0.5285
-0.5573E-01 -0.3582E-02
3.000 0.6861E-02
-0.9627E-01 -0.5344
-0.6733E-01 -0.7613E-02
4.000 0.7283E-02
-0.7573E-01 -0.5367
-0.6802E-01 -0.1262E-01
5.000 0.7626E-02
-0.3962E-01 -0.5337
-0.6159E-01 -0.1820E-01
6.000 0.7810E-02
0.1286E-02 -0.5249
-0.5220E-01 -0.2393E-01
7.000 0.7786E-02
0.3861E-01 -0.5112
-0.4334E-01 -0.2933E-01
8.000 0.7543E-02
0.6683E-01 -0.4938
-0.3767E-01 -0.3377E-01
9.000 0.7100E-02
0.8290E-01 -0.4741
-0.3707E-01 -0.3654E-01
10.00 0.6500E-02
0.8563E-01 -0.4541
-0.4276E-01 -0.3688E-01
11.00 0.5797E-02
0.7522E-01 -0.4355
-0.5526E-01 -0.3420E-01
12.00 0.5049E-02
0.5276E-01 -0.4202
-0.7431E-01 -0.2841E-01
13.00 0.4310E-02
0.2010E-01 -0.4101
-0.9858E-01 -0.2047E-01
14.00 0.3625E-02
-0.2016E-01 -0.4070
-0.1254 -0.1300E-01
15.00 0.3030E-02
-0.6424E-01 -0.4123
-0.1503 -0.1074E-01
16.00 0.2544E-02
-0.1069 -0.4264
-0.1675 -0.2009E-01
17.00 0.2176E-02
-0.1419 -0.4482
-0.1713 -0.4672E-01
18.00 0.1920E-02
-0.1643 -0.4745
-0.1589 -0.9149E-01
19.00 0.1757E-02
-0.1734 -0.5007
-0.1334 -0.1477
20.00 0.1665E-02
-0.1731 -0.5231
-0.1024 -0.2035
21.00 0.1618E-02
-0.1699 -0.5399
-0.7410E-01 -0.2485
22.00 0.1592E-02
-0.1691 -0.5513
-0.5336E-01 -0.2777
23.00 0.1568E-02
-0.1739 -0.5582
-0.4135E-01 -0.2915
24.00 0.1534E-02
-0.1856 -0.5618
-0.3675E-01 -0.2931
25.00 0.1481E-02
-0.2049 -0.5634
-0.3733E-01 -0.2864
26.00 0.1408E-02
-0.2321 -0.5638
-0.4089E-01 -0.2744
27.00 0.1314E-02
-0.2671 -0.5641
-0.4571E-01 -0.2597
28.00 0.1205E-02
-0.3091 -0.5652
-0.5075E-01 -0.2440
29.00 0.1085E-02
-0.3565 -0.5679
-0.5567E-01 -0.2289
30.00 0.9616E-03
-0.4063 -0.5724
-0.6067E-01 -0.2155
31.00 0.8396E-03
-0.4545 -0.5786
-0.6630E-01 -0.2049
32.00 0.7250E-03
-0.4962 -0.5858
-0.7316E-01 -0.1979
33.00 0.6222E-03
-0.5270 -0.5926
-0.8161E-01 -0.1948
34.00 0.5337E-03
-0.5435 -0.5978
-0.9165E-01 -0.1953
35.00 0.4601E-03
-0.5457 -0.6007
-0.1031 -0.1985
36.00 0.4007E-03
-0.5372 -0.6017
-0.1159 -0.2031
37.00 0.3532E-03
-0.5247 -0.6030
-0.1307 -0.2076
38.00 0.3154E-03
-0.5142 -0.6076
-0.1479 -0.2115
39.00 0.2851E-03
-0.5083 -0.6179
-0.1677 -0.2154
40.00 0.2613E-03
-0.5035 -0.6335
-0.1886 -0.2208
41.00 0.2436E-03
-0.4917 -0.6508
-0.2072 -0.2293
42.00 0.2318E-03
-0.4647 -0.6639
-0.2191 -0.2414
43.00 0.2252E-03
-0.4190 -0.6671
-0.2212 -0.2555
44.00 0.2225E-03
-0.3582 -0.6585
-0.2127 -0.2685
45.00 0.2219E-03
-0.2905 -0.6398
-0.1955 -0.2774
46.00 0.2216E-03
-0.2238 -0.6151
-0.1730 -0.2806
47.00 0.2200E-03
-0.1631 -0.5886
-0.1481 -0.2780
48.00 0.2166E-03
-0.1100 -0.5630
-0.1229 -0.2708
49.00 0.2114E-03
-0.6437E-01 -0.5399
-0.9919E-01 -0.2605
50.00 0.2050E-03
-0.2561E-01 -0.5203
-0.7814E-01 -0.2488
51.00 0.1983E-03
0.6485E-02 -0.5052
-0.6084E-01 -0.2369
52.00 0.1916E-03
0.3161E-01 -0.4958
-0.4788E-01 -0.2255
53.00 0.1850E-03
0.4934E-01 -0.4930
-0.3914E-01 -0.2147
54.00 0.1782E-03
0.5963E-01 -0.4974
-0.3373E-01 -0.2039
55.00 0.1708E-03
0.6286E-01 -0.5085
-0.3023E-01 -0.1926
56.00 0.1623E-03
0.5967E-01 -0.5251
-0.2704E-01 -0.1805
57.00 0.1526E-03
0.5048E-01 -0.5455
-0.2269E-01 -0.1676
58.00 0.1419E-03
0.3527E-01 -0.5678
-0.1596E-01 -0.1539
59.00 0.1304E-03
0.1354E-01 -0.5904
-0.5906E-02 -0.1401
60.00 0.1186E-03
-0.1536E-01 -0.6122
0.8298E-02 -0.1264
61.00 0.1070E-03
-0.5166E-01 -0.6322
0.2738E-01 -0.1136
62.00 0.9599E-04
-0.9443E-01 -0.6503
0.5195E-01 -0.1024
63.00 0.8595E-04
-0.1411 -0.6658
0.8227E-01 -0.9387E-01
64.00 0.7711E-04
-0.1873 -0.6782
0.1179 -0.8962E-01
65.00 0.6957E-04
-0.2278 -0.6866
0.1572 -0.9109E-01
66.00 0.6331E-04
-0.2581 -0.6902
0.1975 -0.9913E-01
67.00 0.5815E-04
-0.2761 -0.6889
0.2357 -0.1134
68.00 0.5384E-04
-0.2828 -0.6837
0.2690 -0.1323
69.00 0.5013E-04
-0.2817 -0.6761
0.2960 -0.1533
70.00 0.4675E-04
-0.2773 -0.6680
0.3166 -0.1742
71.00 0.4352E-04
-0.2738 -0.6606
0.3317 -0.1931
72.00 0.4033E-04
-0.2738 -0.6544
0.3429 -0.2092
73.00 0.3717E-04
-0.2790 -0.6494
0.3515 -0.2223
74.00 0.3406E-04
-0.2897 -0.6450
0.3586 -0.2330
75.00 0.3105E-04
-0.3060 -0.6403
0.3652 -0.2421
76.00 0.2821E-04
-0.3276 -0.6346
0.3716 -0.2504
77.00 0.2558E-04
-0.3541 -0.6272
0.3784 -0.2587
78.00 0.2318E-04
-0.3845 -0.6172
0.3858 -0.2676
79.00 0.2102E-04
-0.4172 -0.6041
0.3941 -0.2775
80.00 0.1908E-04
-0.4501 -0.5874
0.4030 -0.2884
81.00 0.1732E-04
-0.4806 -0.5668
0.4120 -0.3004
82.00 0.1570E-04
-0.5061 -0.5424
0.4202 -0.3134
83.00 0.1419E-04
-0.5247 -0.5150
0.4263 -0.3268
84.00 0.1277E-04
-0.5353 -0.4855
0.4291 -0.3397
85.00 0.1142E-04
-0.5373 -0.4554
0.4277 -0.3512
86.00 0.1016E-04
-0.5305 -0.4259
0.4216 -0.3605
87.00 0.8995E-05
-0.5151 -0.3982
0.4104 -0.3674
88.00 0.7949E-05
-0.4914 -0.3726
0.3945 -0.3721
89.00 0.7025E-05
-0.4606 -0.3490
0.3746 -0.3751
90.00 0.6214E-05
-0.4246 -0.3267
0.3519 -0.3772
91.00 0.5499E-05
-0.3861 -0.3049
0.3279 -0.3792
92.00 0.4858E-05
-0.3473 -0.2828
0.3037 -0.3814
93.00 0.4272E-05
-0.3101 -0.2607
0.2794 -0.3839
94.00 0.3729E-05
-0.2751 -0.2395
0.2545 -0.3861
95.00 0.3229E-05
-0.2425 -0.2209
0.2275 -0.3864
96.00 0.2776E-05
-0.2122 -0.2071
0.1963 -0.3830
97.00 0.2379E-05
-0.1840 -0.2007
0.1590 -0.3736
98.00 0.2046E-05
-0.1578 -0.2032
0.1137 -0.3570
99.00 0.1782E-05
-0.1335 -0.2140
0.5917E-01 -0.3330
100.0 0.1590E-05
-0.1121 -0.2292
-0.5263E-02 -0.3033
101.0 0.1467E-05
-0.9605E-01 -0.2416
-0.7810E-01 -0.2709
102.0 0.1407E-05
-0.8931E-01 -0.2431
-0.1551 -0.2398
103.0 0.1402E-05
-0.9529E-01 -0.2281
-0.2297 -0.2136
104.0 0.1444E-05
-0.1139 -0.1953
-0.2954 -0.1954
105.0 0.1521E-05
-0.1410 -0.1472
-0.3479 -0.1864
106.0 0.1625E-05
-0.1699 -0.8871E-01
-0.3855 -0.1860
107.0 0.1745E-05
-0.1945 -0.2488E-01
-0.4085 -0.1928
108.0 0.1876E-05
-0.2109 0.3918E-01
-0.4179 -0.2058
109.0 0.2015E-05
-0.2188 0.9859E-01
-0.4148 -0.2241
110.0 0.2162E-05
-0.2206 0.1491
-0.4009 -0.2468
111.0 0.2315E-05
-0.2209 0.1881
-0.3792 -0.2720
112.0 0.2468E-05
-0.2251 0.2148
-0.3534 -0.2970
113.0 0.2610E-05
-0.2378 0.2301
-0.3273 -0.3193
114.0 0.2730E-05
-0.2619 0.2360
-0.3039 -0.3371
115.0 0.2817E-05
-0.2985 0.2339
-0.2852 -0.3497
116.0 0.2870E-05
-0.3471 0.2245
-0.2719 -0.3570
117.0 0.2896E-05
-0.4048 0.2076
-0.2637 -0.3595
118.0 0.2911E-05
-0.4660 0.1827
-0.2593 -0.3578
119.0 0.2932E-05
-0.5219 0.1499
-0.2563 -0.3528
120.0 0.2975E-05
-0.5621 0.1112
-0.2522 -0.3465
121.0 0.3046E-05
-0.5778 0.7049E-01
-0.2449 -0.3414
122.0 0.3138E-05
-0.5649 0.3295E-01
-0.2337 -0.3395
123.0 0.3234E-05
-0.5257 0.3248E-02
-0.2194 -0.3423
124.0 0.3309E-05
-0.4673 -0.1548E-01
-0.2033 -0.3501
125.0 0.3338E-05
-0.3990 -0.2188E-01
-0.1871 -0.3625
126.0 0.3305E-05
-0.3310 -0.1598E-01
-0.1717 -0.3793
127.0 0.3203E-05
-0.2731 0.1157E-02
-0.1581 -0.4000
128.0 0.3040E-05
-0.2356 0.2761E-01
-0.1464 -0.4241
129.0 0.2833E-05
-0.2281 0.6041E-01
-0.1369 -0.4504
130.0 0.2608E-05
-0.2591 0.9515E-01
-0.1294 -0.4769
131.0 0.2393E-05
-0.3316 0.1259
-0.1235 -0.5010
132.0 0.2214E-05
-0.4390 0.1456
-0.1188 -0.5201
133.0 0.2092E-05
-0.5606 0.1487
-0.1157 -0.5322
134.0 0.2038E-05
-0.6659 0.1342
-0.1151 -0.5368
135.0 0.2051E-05
-0.7280 0.1072
-0.1185 -0.5354
136.0 0.2117E-05
-0.7373 0.7667E-01
-0.1264 -0.5306
137.0 0.2210E-05
-0.7027 0.5053E-01
-0.1386 -0.5249
138.0 0.2300E-05
-0.6409 0.3277E-01
-0.1541 -0.5198
139.0 0.2356E-05
-0.5673 0.2402E-01
-0.1716 -0.5157
140.0 0.2357E-05
-0.4909 0.2320E-01
-0.1899 -0.5122
141.0 0.2292E-05
-0.4149 0.2871E-01
-0.2073 -0.5082
142.0 0.2173E-05
-0.3386 0.3891E-01
-0.2209 -0.5029
143.0 0.2023E-05
-0.2600 0.5187E-01
-0.2269 -0.4962
144.0 0.1881E-05
-0.1790 0.6478E-01
-0.2209 -0.4896
145.0 0.1782E-05
-0.1028 0.7362E-01
-0.2010 -0.4859
146.0 0.1755E-05
-0.4638E-01 0.7423E-01
-0.1722 -0.4879
147.0 0.1814E-05
-0.2584E-01 0.6469E-01
-0.1460 -0.4956
148.0 0.1953E-05
-0.4674E-01 0.4643E-01
-0.1341 -0.5056
149.0 0.2151E-05
-0.1019 0.2262E-01
-0.1413 -0.5140
150.0 0.2378E-05
-0.1789 -0.4187E-02
-0.1654 -0.5177
151.0 0.2601E-05
-0.2663 -0.3277E-01
-0.2014 -0.5149
152.0 0.2796E-05
-0.3556 -0.6284E-01
-0.2438 -0.5046
153.0 0.2943E-05
-0.4400 -0.9455E-01
-0.2870 -0.4856
154.0 0.3040E-05
-0.5122 -0.1281
-0.3250 -0.4576
155.0 0.3094E-05
-0.5631 -0.1634
-0.3514 -0.4211
156.0 0.3123E-05
-0.5819 -0.1998
-0.3591 -0.3779
157.0 0.3151E-05
-0.5578 -0.2358
-0.3422 -0.3319
158.0 0.3202E-05
-0.4845 -0.2689
-0.2984 -0.2886
159.0 0.3296E-05
-0.3655 -0.2961
-0.2309 -0.2542
160.0 0.3445E-05
-0.2163 -0.3155
-0.1487 -0.2338
161.0 0.3651E-05
-0.6098E-01 -0.3271
-0.6468E-01 -0.2298
162.0 0.3903E-05
0.7505E-01 -0.3330
0.9463E-02 -0.2409
163.0 0.4185E-05
0.1712 -0.3371
0.6571E-01 -0.2628
164.0 0.4481E-05
0.2143 -0.3436
0.1007 -0.2894
165.0 0.4779E-05
0.1979 -0.3563
0.1145 -0.3143
166.0 0.5086E-05
0.1219 -0.3776
0.1095 -0.3317
167.0 0.5424E-05
-0.5968E-02 -0.4080
0.8942E-01 -0.3365
168.0 0.5834E-05
-0.1688 -0.4450
0.5947E-01 -0.3256
169.0 0.6365E-05
-0.3401 -0.4836
0.2572E-01 -0.2986
170.0 0.7063E-05
-0.4906 -0.5179
-0.5665E-02 -0.2585
171.0 0.7958E-05
-0.5970 -0.5430
-0.3001E-01 -0.2113
172.0 0.9058E-05
-0.6490 -0.5572
-0.4527E-01 -0.1633
173.0 0.1034E-04
-0.6492 -0.5614
-0.5185E-01 -0.1198
174.0 0.1174E-04
-0.6075 -0.5586
-0.5162E-01 -0.8346E-01
175.0 0.1318E-04
-0.5357 -0.5516
-0.4679E-01 -0.5493E-01
176.0 0.1457E-04
-0.4443 -0.5431
-0.3921E-01 -0.3355E-01
177.0 0.1578E-04
-0.3407 -0.5350
-0.3015E-01 -0.1821E-01
178.0 0.1673E-04
-0.2302 -0.5284
-0.2036E-01 -0.7902E-02
179.0 0.1733E-04
-0.1159 -0.5243
-0.1025E-01 -0.1950E-02
180.0 0.1753E-04
0.000 -0.5229
0.000 0.000
