0.000 3.946
0.000 0.7071
0.000 0.000
1.000 4.001
-0.1345 0.6781
0.4196E-01 0.1630E-01
2.000 4.127
-0.2405 0.6056
0.7579E-01 0.5754E-01
3.000 4.220
-0.3078 0.5191
0.9900E-01 0.1081
4.000 4.164
-0.3424 0.4422
0.1143 0.1556
5.000 3.882
-0.3548 0.3857
0.1262 0.1944
6.000 3.373
-0.3534 0.3520
0.1395 0.2230
7.000 2.709
-0.3422 0.3389
0.1593 0.2418
8.000 2.007
-0.3205 0.3405
0.1913 0.2509
9.000 1.378
-0.2827 0.3427
0.2430 0.2500
10.00 0.8989
-0.2190 0.3131
0.3193 0.2393
11.00 0.5874
-0.1235 0.1954
0.4076 0.2229
12.00 0.4161
-0.1853E-01 -0.4187E-01
0.4596 0.2142
13.00 0.3329
0.4796E-01 -0.3186
0.4288 0.2250
14.00 0.2865
0.6225E-01 -0.5177
0.3353 0.2497
15.00 0.2432
0.5165E-01 -0.6165
0.2252 0.2763
16.00 0.1908
0.4170E-01 -0.6471
0.1164 0.2993
17.00 0.1331
0.4420E-01 -0.6317
0.2489E-02 0.3176
18.00 0.8075E-01
0.5996E-01 -0.5612
-0.1360 0.3269
19.00 0.4291E-01
0.6095E-01 -0.3741
-0.3193 0.3048
20.00 0.2335E-01
-0.8493E-01 0.6483E-02
-0.4641 0.1903
21.00 0.2030E-01
-0.4240 0.2027
-0.2717 0.4365E-01
22.00 0.2858E-01
-0.5529 -0.2752E-01
-0.7927E-02 0.5611E-01
23.00 0.4214E-01
-0.5169 -0.2463
0.8294E-01 0.1246
24.00 0.5598E-01
-0.4499 -0.3744
0.9003E-01 0.1860
25.00 0.6688E-01
-0.3794 -0.4466
0.6708E-01 0.2374
26.00 0.7349E-01
-0.3064 -0.4852
0.3171E-01 0.2817
27.00 0.7584E-01
-0.2283 -0.4996
-0.9739E-02 0.3203
28.00 0.7481E-01
-0.1431 -0.4929
-0.5320E-01 0.3523
29.00 0.7177E-01
-0.5026E-01 -0.4666
-0.9351E-01 0.3750
30.00 0.6820E-01
0.4874E-01 -0.4242
-0.1232 0.3851
31.00 0.6553E-01
0.1489 -0.3748
-0.1340 0.3788
32.00 0.6493E-01
0.2420 -0.3334
-0.1210 0.3550
33.00 0.6712E-01
0.3200 -0.3153
-0.8866E-01 0.3164
34.00 0.7232E-01
0.3807 -0.3260
-0.4984E-01 0.2694
35.00 0.8024E-01
0.4281 -0.3587
-0.1812E-01 0.2198
36.00 0.9026E-01
0.4688 -0.4000
-0.1101E-02 0.1708
37.00 0.1016
0.5075 -0.4380
0.1529E-03 0.1229
38.00 0.1137
0.5460 -0.4649
-0.1176E-01 0.7584E-01
39.00 0.1258
0.5832 -0.4767
-0.3299E-01 0.2962E-01
40.00 0.1376
0.6174 -0.4725
-0.5971E-01 -0.1509E-01
41.00 0.1487
0.6465 -0.4531
-0.8858E-01 -0.5715E-01
42.00 0.1587
0.6690 -0.4206
-0.1171 -0.9536E-01
43.00 0.1670
0.6842 -0.3777
-0.1435 -0.1288
44.00 0.1730
0.6922 -0.3266
-0.1674 -0.1570
45.00 0.1764
0.6932 -0.2698
-0.1887 -0.1799
46.00 0.1768
0.6875 -0.2091
-0.2086 -0.1980
47.00 0.1740
0.6754 -0.1466
-0.2282 -0.2117
48.00 0.1683
0.6571 -0.8446E-01
-0.2488 -0.2212
49.00 0.1602
0.6330 -0.2525E-01
-0.2716 -0.2265
50.00 0.1502
0.6033 0.2834E-01
-0.2971 -0.2273
51.00 0.1390
0.5690 0.7372E-01
-0.3250 -0.2231
52.00 0.1271
0.5312 0.1087
-0.3545 -0.2133
53.00 0.1151
0.4913 0.1319
-0.3845 -0.1977
54.00 0.1033
0.4509 0.1422
-0.4136 -0.1765
55.00 0.9217E-01
0.4116 0.1390
-0.4409 -0.1504
56.00 0.8186E-01
0.3752 0.1214
-0.4654 -0.1206
57.00 0.7267E-01
0.3438 0.8824E-01
-0.4861 -0.8848E-01
58.00 0.6479E-01
0.3195 0.3905E-01
-0.5018 -0.5591E-01
59.00 0.5829E-01
0.3048 -0.2485E-01
-0.5105 -0.2459E-01
60.00 0.5316E-01
0.3009 -0.9925E-01
-0.5100 0.3980E-02
61.00 0.4926E-01
0.3078 -0.1774
-0.4990 0.2867E-01
62.00 0.4634E-01
0.3236 -0.2517
-0.4779 0.4883E-01
63.00 0.4415E-01
0.3453 -0.3167
-0.4488 0.6420E-01
64.00 0.4241E-01
0.3698 -0.3700
-0.4148 0.7485E-01
65.00 0.4092E-01
0.3946 -0.4122
-0.3790 0.8119E-01
66.00 0.3950E-01
0.4182 -0.4457
-0.3435 0.8399E-01
67.00 0.3807E-01
0.4396 -0.4727
-0.3091 0.8428E-01
68.00 0.3656E-01
0.4585 -0.4949
-0.2761 0.8319E-01
69.00 0.3490E-01
0.4747 -0.5130
-0.2441 0.8166E-01
70.00 0.3307E-01
0.4883 -0.5275
-0.2129 0.8022E-01
71.00 0.3105E-01
0.4997 -0.5387
-0.1826 0.7891E-01
72.00 0.2884E-01
0.5093 -0.5475
-0.1532 0.7743E-01
73.00 0.2651E-01
0.5175 -0.5551
-0.1250 0.7540E-01
74.00 0.2414E-01
0.5247 -0.5626
-0.9804E-01 0.7257E-01
75.00 0.2183E-01
0.5307 -0.5709
-0.7191E-01 0.6898E-01
76.00 0.1965E-01
0.5357 -0.5800
-0.4595E-01 0.6503E-01
77.00 0.1765E-01
0.5392 -0.5889
-0.1924E-01 0.6133E-01
78.00 0.1586E-01
0.5411 -0.5953
0.8962E-02 0.5839E-01
79.00 0.1425E-01
0.5414 -0.5970
0.3887E-01 0.5638E-01
80.00 0.1281E-01
0.5407 -0.5921
0.6993E-01 0.5495E-01
81.00 0.1151E-01
0.5396 -0.5795
0.1009 0.5344E-01
82.00 0.1032E-01
0.5389 -0.5592
0.1299 0.5129E-01
83.00 0.9243E-02
0.5392 -0.5316
0.1550 0.4848E-01
84.00 0.8284E-02
0.5404 -0.4977
0.1742 0.4580E-01
85.00 0.7448E-02
0.5415 -0.4587
0.1862 0.4478E-01
86.00 0.6734E-02
0.5415 -0.4158
0.1903 0.4715E-01
87.00 0.6134E-02
0.5394 -0.3704
0.1867 0.5428E-01
88.00 0.5636E-02
0.5347 -0.3239
0.1765 0.6671E-01
89.00 0.5227E-02
0.5273 -0.2779
0.1612 0.8408E-01
90.00 0.4896E-02
0.5176 -0.2339
0.1422 0.1053
91.00 0.4633E-02
0.5060 -0.1934
0.1208 0.1289
92.00 0.4430E-02
0.4934 -0.1574
0.9804E-01 0.1533
93.00 0.4275E-02
0.4805 -0.1266
0.7465E-01 0.1770
94.00 0.4155E-02
0.4677 -0.1007
0.5105E-01 0.1994
95.00 0.4057E-02
0.4551 -0.7891E-01
0.2734E-01 0.2200
96.00 0.3967E-02
0.4423 -0.6053E-01
0.3357E-02 0.2390
97.00 0.3871E-02
0.4290 -0.4481E-01
-0.2116E-01 0.2568
98.00 0.3759E-02
0.4148 -0.3147E-01
-0.4654E-01 0.2735
99.00 0.3625E-02
0.3992 -0.2073E-01
-0.7296E-01 0.2894
100.0 0.3473E-02
0.3816 -0.1332E-01
-0.1003 0.3049
101.0 0.3312E-02
0.3612 -0.1015E-01
-0.1277 0.3205
102.0 0.3156E-02
0.3372 -0.1177E-01
-0.1538 0.3367
103.0 0.3017E-02
0.3092 -0.1764E-01
-0.1765 0.3543
104.0 0.2903E-02
0.2775 -0.2608E-01
-0.1938 0.3737
105.0 0.2816E-02
0.2433 -0.3485E-01
-0.2044 0.3948
106.0 0.2755E-02
0.2082 -0.4232E-01
-0.2080 0.4169
107.0 0.2718E-02
0.1736 -0.4843E-01
-0.2052 0.4390
108.0 0.2698E-02
0.1410 -0.5466E-01
-0.1971 0.4591
109.0 0.2689E-02
0.1114 -0.6319E-01
-0.1854 0.4756
110.0 0.2682E-02
0.8539E-01 -0.7565E-01
-0.1713 0.4876
111.0 0.2669E-02
0.6277E-01 -0.9227E-01
-0.1558 0.4949
112.0 0.2640E-02
0.4303E-01 -0.1116
-0.1398 0.4983
113.0 0.2590E-02
0.2522E-01 -0.1312
-0.1235 0.4991
114.0 0.2513E-02
0.8168E-02 -0.1481
-0.1076 0.4987
115.0 0.2406E-02
-0.9378E-02 -0.1605
-0.9228E-01 0.4982
116.0 0.2272E-02
-0.2868E-01 -0.1678
-0.7783E-01 0.4977
117.0 0.2121E-02
-0.5095E-01 -0.1714
-0.6386E-01 0.4965
118.0 0.1966E-02
-0.7722E-01 -0.1740
-0.4931E-01 0.4931
119.0 0.1824E-02
-0.1080 -0.1782
-0.3238E-01 0.4855
120.0 0.1707E-02
-0.1428 -0.1843
-0.1107E-01 0.4723
121.0 0.1622E-02
-0.1798 -0.1899
0.1591E-01 0.4538
122.0 0.1567E-02
-0.2160 -0.1897
0.4830E-01 0.4314
123.0 0.1534E-02
-0.2481 -0.1790
0.8421E-01 0.4077
124.0 0.1512E-02
-0.2737 -0.1560
0.1208 0.3848
125.0 0.1490E-02
-0.2917 -0.1222
0.1554 0.3639
126.0 0.1456E-02
-0.3027 -0.8147E-01
0.1861 0.3452
127.0 0.1402E-02
-0.3083 -0.3788E-01
0.2118 0.3286
128.0 0.1325E-02
-0.3105 0.5504E-02
0.2320 0.3139
129.0 0.1226E-02
-0.3111 0.4694E-01
0.2464 0.3009
130.0 0.1111E-02
-0.3117 0.8574E-01
0.2546 0.2898
131.0 0.9891E-03
-0.3135 0.1217
0.2569 0.2796
132.0 0.8704E-03
-0.3180 0.1547
0.2544 0.2679
133.0 0.7626E-03
-0.3270 0.1838
0.2497 0.2497
134.0 0.6722E-03
-0.3423 0.2066
0.2469 0.2183
135.0 0.6039E-03
-0.3655 0.2192
0.2488 0.1677
136.0 0.5593E-03
-0.3968 0.2185
0.2555 0.9775E-01
137.0 0.5361E-03
-0.4351 0.2052
0.2625 0.1636E-01
138.0 0.5281E-03
-0.4781 0.1841
0.2634 -0.6433E-01
139.0 0.5270E-03
-0.5227 0.1608
0.2533 -0.1340
140.0 0.5257E-03
-0.5652 0.1377
0.2308 -0.1862
141.0 0.5195E-03
-0.6010 0.1139
0.1976 -0.2170
142.0 0.5063E-03
-0.6257 0.8818E-01
0.1583 -0.2236
143.0 0.4853E-03
-0.6362 0.6090E-01
0.1189 -0.2054
144.0 0.4563E-03
-0.6316 0.3554E-01
0.8469E-01 -0.1638
145.0 0.4203E-03
-0.6119 0.1764E-01
0.5883E-01 -0.1013
146.0 0.3806E-03
-0.5766 0.1326E-01
0.4079E-01 -0.1974E-01
147.0 0.3426E-03
-0.5251 0.2732E-01
0.2675E-01 0.7810E-01
148.0 0.3121E-03
-0.4610 0.6160E-01
0.1136E-01 0.1836
149.0 0.2933E-03
-0.3976 0.1125
-0.8367E-02 0.2777
150.0 0.2875E-03
-0.3540 0.1707
-0.2888E-01 0.3362
151.0 0.2947E-03
-0.3433 0.2237
-0.4010E-01 0.3421
152.0 0.3139E-03
-0.3640 0.2603
-0.3119E-01 0.2946
153.0 0.3439E-03
-0.4033 0.2739
0.2896E-02 0.2066
154.0 0.3822E-03
-0.4470 0.2655
0.5942E-01 0.9573E-01
155.0 0.4244E-03
-0.4865 0.2420
0.1310 -0.2411E-01
156.0 0.4654E-03
-0.5181 0.2120
0.2099 -0.1439
157.0 0.5016E-03
-0.5400 0.1824
0.2889 -0.2557
158.0 0.5320E-03
-0.5494 0.1580
0.3608 -0.3487
159.0 0.5581E-03
-0.5435 0.1423
0.4179 -0.4086
160.0 0.5816E-03
-0.5216 0.1380
0.4537 -0.4232
161.0 0.6025E-03
-0.4864 0.1472
0.4652 -0.3866
162.0 0.6202E-03
-0.4426 0.1699
0.4525 -0.3004
163.0 0.6350E-03
-0.3944 0.2043
0.4166 -0.1704
164.0 0.6504E-03
-0.3453 0.2471
0.3585 -0.5488E-02
165.0 0.6721E-03
-0.2979 0.2950
0.2807 0.1783
166.0 0.7066E-03
-0.2544 0.3460
0.1896 0.3567
167.0 0.7593E-03
-0.2154 0.4003
0.9537E-01 0.5023
168.0 0.8347E-03
-0.1789 0.4576
0.8983E-02 0.5942
169.0 0.9377E-03
-0.1421 0.5147
-0.6059E-01 0.6243
170.0 0.1073E-02
-0.1037 0.5655
-0.1082 0.5988
171.0 0.1243E-02
-0.6503E-01 0.6053
-0.1335 0.5338
172.0 0.1445E-02
-0.2939E-01 0.6335
-0.1399 0.4480
173.0 0.1667E-02
0.2520E-03 0.6531
-0.1329 0.3566
174.0 0.1897E-02
0.2217E-01 0.6674
-0.1178 0.2688
175.0 0.2119E-02
0.3571E-01 0.6786
-0.9863E-01 0.1898
176.0 0.2323E-02
0.4094E-01 0.6867
-0.7790E-01 0.1225
177.0 0.2498E-02
0.3848E-01 0.6916
-0.5719E-01 0.6896E-01
178.0 0.2635E-02
0.2956E-01 0.6934
-0.3729E-01 0.3053E-01
179.0 0.2724E-02
0.1599E-01 0.6935
-0.1834E-01 0.7598E-02
180.0 0.2754E-02
0.000 0.6933
0.000 0.000
