0.000 1.127
0.000 0.7071
0.000 0.000
1.000 1.098
0.2412E-01 0.7060
0.7941E-02 0.1031E-02
2.000 1.020
0.4778E-01 0.7013
0.1758E-01 0.5000E-02
3.000 0.9103
0.6934E-01 0.6868
0.3233E-01 0.1489E-01
4.000 0.7971
0.8440E-01 0.6484
0.5890E-01 0.3634E-01
5.000 0.7114
0.8532E-01 0.5648
0.1062 0.7573E-01
6.000 0.6810
0.6631E-01 0.4242
0.1762 0.1318
7.000 0.7216
0.3395E-01 0.2538
0.2528 0.1879
8.000 0.8318
0.4789E-02 0.1044
0.3133 0.2245
9.000 0.9908
-0.1112E-01 0.1251E-02
0.3503 0.2374
10.00 1.162
-0.1410E-01 -0.6164E-01
0.3700 0.2331
11.00 1.304
-0.7954E-02 -0.9827E-01
0.3805 0.2184
12.00 1.379
0.4381E-02 -0.1188
0.3872 0.1970
13.00 1.367
0.2158E-01 -0.1280
0.3931 0.1703
14.00 1.266
0.4365E-01 -0.1269
0.3990 0.1388
15.00 1.100
0.7150E-01 -0.1135
0.4048 0.1029
16.00 0.9006
0.1065 -0.8285E-01
0.4081 0.6520E-01
17.00 0.7055
0.1490 -0.2881E-01
0.4036 0.3256E-01
18.00 0.5431
0.1955 0.5131E-01
0.3820 0.1951E-01
19.00 0.4276
0.2347 0.1454
0.3335 0.4512E-01
20.00 0.3587
0.2503 0.2200
0.2591 0.1149
21.00 0.3245
0.2359 0.2433
0.1771 0.2034
22.00 0.3089
0.2021 0.2165
0.1077 0.2726
23.00 0.2977
0.1632 0.1658
0.5597E-01 0.3030
24.00 0.2821
0.1262 0.1174
0.1611E-01 0.2941
25.00 0.2602
0.9160E-01 0.9010E-01
-0.1993E-01 0.2524
26.00 0.2350
0.5739E-01 0.9859E-01
-0.5786E-01 0.1866
27.00 0.2116
0.2295E-01 0.1537
-0.9917E-01 0.1095
28.00 0.1947
-0.8436E-02 0.2544
-0.1398 0.4051E-01
29.00 0.1865
-0.2987E-01 0.3799
-0.1715 -0.6257E-03
30.00 0.1870
-0.3539E-01 0.4957
-0.1869 -0.6540E-02
31.00 0.1940
-0.2434E-01 0.5754
-0.1849 0.1347E-01
32.00 0.2044
-0.7276E-03 0.6120
-0.1694 0.4305E-01
33.00 0.2154
0.3025E-01 0.6119
-0.1454 0.6929E-01
34.00 0.2248
0.6433E-01 0.5855
-0.1164 0.8573E-01
35.00 0.2314
0.9838E-01 0.5414
-0.8483E-01 0.9072E-01
36.00 0.2347
0.1300 0.4860
-0.5237E-01 0.8521E-01
37.00 0.2351
0.1571 0.4239
-0.2055E-01 0.7134E-01
38.00 0.2331
0.1779 0.3588
0.8876E-02 0.5173E-01
39.00 0.2293
0.1910 0.2939
0.3401E-01 0.2901E-01
40.00 0.2240
0.1956 0.2320
0.5298E-01 0.5524E-02
41.00 0.2178
0.1914 0.1751
0.6423E-01 -0.1693E-01
42.00 0.2108
0.1792 0.1249
0.6681E-01 -0.3725E-01
43.00 0.2032
0.1602 0.8203E-01
0.6044E-01 -0.5510E-01
44.00 0.1950
0.1358 0.4647E-01
0.4563E-01 -0.7075E-01
45.00 0.1865
0.1080 0.1746E-01
0.2351E-01 -0.8491E-01
46.00 0.1778
0.7849E-01 -0.6131E-02
-0.4304E-02 -0.9844E-01
47.00 0.1690
0.4882E-01 -0.2551E-01
-0.3587E-01 -0.1121
48.00 0.1603
0.2040E-01 -0.4163E-01
-0.6914E-01 -0.1264
49.00 0.1519
-0.5628E-02 -0.5496E-01
-0.1021 -0.1412
50.00 0.1440
-0.2838E-01 -0.6545E-01
-0.1328 -0.1561
51.00 0.1367
-0.4722E-01 -0.7261E-01
-0.1597 -0.1703
52.00 0.1300
-0.6170E-01 -0.7583E-01
-0.1815 -0.1828
53.00 0.1240
-0.7164E-01 -0.7465E-01
-0.1973 -0.1926
54.00 0.1188
-0.7706E-01 -0.6904E-01
-0.2066 -0.1989
55.00 0.1142
-0.7820E-01 -0.5955E-01
-0.2095 -0.2011
56.00 0.1104
-0.7555E-01 -0.4712E-01
-0.2063 -0.1987
57.00 0.1071
-0.6976E-01 -0.3298E-01
-0.1980 -0.1918
58.00 0.1043
-0.6159E-01 -0.1828E-01
-0.1858 -0.1808
59.00 0.1018
-0.5186E-01 -0.3965E-02
-0.1711 -0.1660
60.00 0.9955E-01
-0.4126E-01 0.9344E-02
-0.1550 -0.1483
61.00 0.9729E-01
-0.3036E-01 0.2132E-01
-0.1386 -0.1283
62.00 0.9497E-01
-0.1950E-01 0.3187E-01
-0.1226 -0.1068
63.00 0.9251E-01
-0.8839E-02 0.4106E-01
-0.1076 -0.8427E-01
64.00 0.8987E-01
0.1624E-02 0.4909E-01
-0.9365E-01 -0.6115E-01
65.00 0.8707E-01
0.1198E-01 0.5626E-01
-0.8088E-01 -0.3767E-01
66.00 0.8414E-01
0.2232E-01 0.6306E-01
-0.6921E-01 -0.1400E-01
67.00 0.8111E-01
0.3272E-01 0.7011E-01
-0.5856E-01 0.9695E-02
68.00 0.7802E-01
0.4312E-01 0.7818E-01
-0.4885E-01 0.3323E-01
69.00 0.7490E-01
0.5339E-01 0.8807E-01
-0.4001E-01 0.5635E-01
70.00 0.7177E-01
0.6330E-01 0.1005
-0.3204E-01 0.7874E-01
71.00 0.6864E-01
0.7257E-01 0.1160
-0.2494E-01 0.1001
72.00 0.6552E-01
0.8095E-01 0.1348
-0.1878E-01 0.1200
73.00 0.6244E-01
0.8826E-01 0.1567
-0.1364E-01 0.1383
74.00 0.5944E-01
0.9443E-01 0.1814
-0.9619E-02 0.1547
75.00 0.5653E-01
0.9947E-01 0.2083
-0.6806E-02 0.1694
76.00 0.5376E-01
0.1035 0.2366
-0.5221E-02 0.1822
77.00 0.5115E-01
0.1067 0.2656
-0.4820E-02 0.1932
78.00 0.4870E-01
0.1093 0.2947
-0.5499E-02 0.2027
79.00 0.4643E-01
0.1113 0.3232
-0.7116E-02 0.2107
80.00 0.4431E-01
0.1131 0.3505
-0.9517E-02 0.2173
81.00 0.4234E-01
0.1147 0.3763
-0.1255E-01 0.2226
82.00 0.4048E-01
0.1165 0.4000
-0.1604E-01 0.2266
83.00 0.3873E-01
0.1185 0.4216
-0.1982E-01 0.2295
84.00 0.3705E-01
0.1211 0.4408
-0.2366E-01 0.2313
85.00 0.3542E-01
0.1243 0.4577
-0.2732E-01 0.2321
86.00 0.3383E-01
0.1281 0.4728
-0.3056E-01 0.2323
87.00 0.3224E-01
0.1322 0.4865
-0.3320E-01 0.2320
88.00 0.3065E-01
0.1364 0.4992
-0.3515E-01 0.2316
89.00 0.2904E-01
0.1403 0.5113
-0.3645E-01 0.2315
90.00 0.2741E-01
0.1435 0.5232
-0.3721E-01 0.2322
91.00 0.2577E-01
0.1456 0.5350
-0.3765E-01 0.2343
92.00 0.2413E-01
0.1464 0.5465
-0.3800E-01 0.2383
93.00 0.2251E-01
0.1460 0.5577
-0.3845E-01 0.2447
94.00 0.2093E-01
0.1444 0.5682
-0.3918E-01 0.2539
95.00 0.1942E-01
0.1418 0.5777
-0.4032E-01 0.2661
96.00 0.1798E-01
0.1385 0.5858
-0.4197E-01 0.2809
97.00 0.1663E-01
0.1351 0.5925
-0.4426E-01 0.2979
98.00 0.1537E-01
0.1321 0.5973
-0.4726E-01 0.3162
99.00 0.1419E-01
0.1298 0.6003
-0.5103E-01 0.3349
100.0 0.1310E-01
0.1285 0.6015
-0.5554E-01 0.3530
101.0 0.1207E-01
0.1284 0.6011
-0.6067E-01 0.3697
102.0 0.1112E-01
0.1292 0.5991
-0.6622E-01 0.3848
103.0 0.1022E-01
0.1304 0.5957
-0.7187E-01 0.3982
104.0 0.9380E-02
0.1315 0.5910
-0.7721E-01 0.4102
105.0 0.8604E-02
0.1314 0.5852
-0.8178E-01 0.4214
106.0 0.7894E-02
0.1291 0.5779
-0.8505E-01 0.4329
107.0 0.7252E-02
0.1239 0.5691
-0.8654E-01 0.4457
108.0 0.6679E-02
0.1149 0.5583
-0.8592E-01 0.4608
109.0 0.6172E-02
0.1020 0.5454
-0.8309E-01 0.4789
110.0 0.5723E-02
0.8534E-01 0.5299
-0.7832E-01 0.5003
111.0 0.5326E-02
0.6590E-01 0.5118
-0.7216E-01 0.5244
112.0 0.4971E-02
0.4495E-01 0.4909
-0.6542E-01 0.5499
113.0 0.4649E-02
0.2406E-01 0.4673
-0.5901E-01 0.5750
114.0 0.4352E-02
0.4806E-02 0.4409
-0.5379E-01 0.5975
115.0 0.4076E-02
-0.1157E-01 0.4123
-0.5037E-01 0.6153
116.0 0.3817E-02
-0.2439E-01 0.3819
-0.4902E-01 0.6266
117.0 0.3570E-02
-0.3377E-01 0.3503
-0.4954E-01 0.6300
118.0 0.3336E-02
-0.4067E-01 0.3183
-0.5133E-01 0.6251
119.0 0.3114E-02
-0.4679E-01 0.2864
-0.5338E-01 0.6122
120.0 0.2907E-02
-0.5427E-01 0.2553
-0.5437E-01 0.5920
121.0 0.2720E-02
-0.6529E-01 0.2257
-0.5270E-01 0.5664
122.0 0.2558E-02
-0.8155E-01 0.1988
-0.4673E-01 0.5373
123.0 0.2427E-02
-0.1036 0.1754
-0.3517E-01 0.5078
124.0 0.2331E-02
-0.1306 0.1567
-0.1765E-01 0.4808
125.0 0.2270E-02
-0.1600 0.1433
0.4889E-02 0.4589
126.0 0.2238E-02
-0.1886 0.1352
0.3027E-01 0.4436
127.0 0.2229E-02
-0.2131 0.1316
0.5573E-01 0.4349
128.0 0.2232E-02
-0.2312 0.1317
0.7866E-01 0.4313
129.0 0.2236E-02
-0.2417 0.1344
0.9722E-01 0.4309
130.0 0.2233E-02
-0.2444 0.1390
0.1104 0.4317
131.0 0.2216E-02
-0.2399 0.1451
0.1180 0.4318
132.0 0.2181E-02
-0.2300 0.1526
0.1204 0.4296
133.0 0.2128E-02
-0.2167 0.1613
0.1187 0.4240
134.0 0.2055E-02
-0.2029 0.1709
0.1140 0.4135
135.0 0.1966E-02
-0.1919 0.1811
0.1083 0.3967
136.0 0.1866E-02
-0.1869 0.1910
0.1034 0.3724
137.0 0.1761E-02
-0.1908 0.1999
0.1012 0.3395
138.0 0.1659E-02
-0.2055 0.2075
0.1034 0.2979
139.0 0.1571E-02
-0.2307 0.2138
0.1114 0.2498
140.0 0.1504E-02
-0.2635 0.2192
0.1249 0.2000
141.0 0.1467E-02
-0.2983 0.2243
0.1424 0.1557
142.0 0.1460E-02
-0.3279 0.2288
0.1605 0.1243
143.0 0.1481E-02
-0.3465 0.2318
0.1751 0.1106
144.0 0.1524E-02
-0.3513 0.2317
0.1831 0.1150
145.0 0.1578E-02
-0.3428 0.2271
0.1831 0.1342
146.0 0.1631E-02
-0.3235 0.2167
0.1746 0.1636
147.0 0.1673E-02
-0.2966 0.2001
0.1583 0.1986
148.0 0.1695E-02
-0.2645 0.1775
0.1348 0.2357
149.0 0.1693E-02
-0.2297 0.1497
0.1044 0.2726
150.0 0.1664E-02
-0.1937 0.1185
0.6712E-01 0.3072
151.0 0.1613E-02
-0.1581 0.8681E-01
0.2295E-01 0.3378
152.0 0.1548E-02
-0.1242 0.5887E-01
-0.2812E-01 0.3623
153.0 0.1480E-02
-0.9320E-01 0.4101E-01
-0.8518E-01 0.3785
154.0 0.1424E-02
-0.6639E-01 0.4136E-01
-0.1455 0.3837
155.0 0.1394E-02
-0.4460E-01 0.6786E-01
-0.2036 0.3765
156.0 0.1405E-02
-0.2783E-01 0.1239
-0.2516 0.3578
157.0 0.1466E-02
-0.1494E-01 0.2043
-0.2823 0.3314
158.0 0.1582E-02
-0.4022E-02 0.2956
-0.2925 0.3028
159.0 0.1751E-02
0.6826E-02 0.3820
-0.2847 0.2763
160.0 0.1961E-02
0.1881E-01 0.4527
-0.2644 0.2537
161.0 0.2196E-02
0.3242E-01 0.5033
-0.2375 0.2340
162.0 0.2433E-02
0.4772E-01 0.5342
-0.2079 0.2155
163.0 0.2650E-02
0.6467E-01 0.5479
-0.1774 0.1961
164.0 0.2825E-02
0.8322E-01 0.5474
-0.1464 0.1740
165.0 0.2942E-02
0.1034 0.5354
-0.1147 0.1483
166.0 0.2990E-02
0.1251 0.5143
-0.8147E-01 0.1181
167.0 0.2969E-02
0.1482 0.4864
-0.4565E-01 0.8330E-01
168.0 0.2883E-02
0.1723 0.4542
-0.6363E-02 0.4425E-01
169.0 0.2747E-02
0.1968 0.4206
0.3698E-01 0.2069E-02
170.0 0.2575E-02
0.2202 0.3896
0.8423E-01 -0.4111E-01
171.0 0.2388E-02
0.2406 0.3662
0.1340 -0.8186E-01
172.0 0.2204E-02
0.2551 0.3563
0.1829 -0.1156
173.0 0.2037E-02
0.2606 0.3656
0.2257 -0.1370
174.0 0.1898E-02
0.2543 0.3973
0.2554 -0.1420
175.0 0.1792E-02
0.2346 0.4501
0.2653 -0.1291
176.0 0.1719E-02
0.2020 0.5167
0.2513 -0.1015
177.0 0.1674E-02
0.1590 0.5855
0.2129 -0.6626E-01
178.0 0.1651E-02
0.1090 0.6444
0.1539 -0.3254E-01
179.0 0.1641E-02
0.5528E-01 0.6835
0.8057E-01 -0.8609E-02
180.0 0.1638E-02
0.000 0.6972
0.000 0.000
