0.000 9.223
0.000 0.7071
0.000 0.000
1.000 9.750
-0.7637E-01 0.6196
0.2267 0.2976E-01
2.000 11.17
-0.1230 0.4203
0.3707 0.9730E-01
3.000 13.03
-0.1378 0.2107
0.4264 0.1679
4.000 14.75
-0.1330 0.3824E-01
0.4280 0.2252
5.000 15.78
-0.1190 -0.9297E-01
0.4041 0.2677
6.000 15.72
-0.1013 -0.1929
0.3698 0.2985
7.000 14.49
-0.8191E-01 -0.2725
0.3305 0.3212
8.000 12.27
-0.6159E-01 -0.3404
0.2863 0.3381
9.000 9.459
-0.4035E-01 -0.4035
0.2336 0.3506
10.00 6.561
-0.1871E-01 -0.4666
0.1638 0.3585
11.00 4.023
-0.4578E-03 -0.5297
0.5877E-01 0.3577
12.00 2.153
-0.4214E-02 -0.5693
-0.1159 0.3320
13.00 1.065
-0.1031 -0.4597
-0.3757 0.2304
14.00 0.6921
-0.3712 0.7724E-02
-0.4143 0.3849E-01
15.00 0.8406
-0.4805 0.3007
-0.1316E-01 0.3734E-02
16.00 1.263
-0.4074 0.2333
0.2554 0.7480E-01
17.00 1.727
-0.3289 0.1138
0.3629 0.1285
18.00 2.066
-0.2713 0.1324E-01
0.4085 0.1583
19.00 2.197
-0.2282 -0.7077E-01
0.4321 0.1725
20.00 2.113
-0.1931 -0.1482
0.4476 0.1765
21.00 1.861
-0.1618 -0.2288
0.4596 0.1732
22.00 1.516
-0.1314 -0.3220
0.4684 0.1642
23.00 1.150
-0.1006 -0.4387
0.4704 0.1509
24.00 0.8241
-0.7153E-01 -0.5886
0.4559 0.1357
25.00 0.5724
-0.5358E-01 -0.7684
0.4057 0.1246
26.00 0.4069
-0.6895E-01 -0.9306
0.2951 0.1287
27.00 0.3211
-0.1405 -0.9640
0.1283 0.1572
28.00 0.2969
-0.2504 -0.8041
-0.2634E-01 0.1976
29.00 0.3114
-0.3472 -0.5489
-0.1074 0.2244
30.00 0.3428
-0.4083 -0.3207
-0.1257 0.2289
31.00 0.3733
-0.4421 -0.1563
-0.1171 0.2168
32.00 0.3908
-0.4617 -0.4500E-01
-0.1043 0.1941
33.00 0.3898
-0.4751 0.3050E-01
-0.9720E-01 0.1640
34.00 0.3699
-0.4865 0.8346E-01
-0.1000 0.1269
35.00 0.3344
-0.4970 0.1228
-0.1149 0.8195E-01
36.00 0.2893
-0.5057 0.1548
-0.1434 0.2761E-01
37.00 0.2411
-0.5091 0.1851
-0.1870 -0.3751E-01
38.00 0.1956
-0.5003 0.2193
-0.2452 -0.1128
39.00 0.1571
-0.4685 0.2637
-0.3133 -0.1928
40.00 0.1279
-0.4022 0.3231
-0.3779 -0.2631
41.00 0.1086
-0.2985 0.3960
-0.4184 -0.3022
42.00 0.9808E-01
-0.1726 0.4720
-0.4174 -0.2944
43.00 0.9428E-01
-0.5245E-01 0.5363
-0.3768 -0.2445
44.00 0.9479E-01
0.4101E-01 0.5809
-0.3160 -0.1746
45.00 0.9731E-01
0.1041 0.6065
-0.2556 -0.1062
46.00 0.1000
0.1442 0.6178
-0.2076 -0.5077E-01
47.00 0.1016
0.1710 0.6192
-0.1756 -0.1095E-01
48.00 0.1016
0.1923 0.6129
-0.1590 0.1487E-01
49.00 0.9981E-01
0.2133 0.5988
-0.1559 0.2960E-01
50.00 0.9669E-01
0.2373 0.5756
-0.1634 0.3634E-01
51.00 0.9278E-01
0.2660 0.5413
-0.1785 0.3812E-01
52.00 0.8877E-01
0.2994 0.4941
-0.1973 0.3785E-01
53.00 0.8525E-01
0.3364 0.4335
-0.2156 0.3824E-01
54.00 0.8266E-01
0.3742 0.3618
-0.2289 0.4140E-01
55.00 0.8119E-01
0.4096 0.2838
-0.2339 0.4832E-01
56.00 0.8080E-01
0.4400 0.2062
-0.2293 0.5867E-01
57.00 0.8121E-01
0.4639 0.1349
-0.2162 0.7101E-01
58.00 0.8202E-01
0.4813 0.7393E-01
-0.1972 0.8347E-01
59.00 0.8274E-01
0.4936 0.2465E-01
-0.1753 0.9436E-01
60.00 0.8295E-01
0.5022 -0.1347E-01
-0.1533 0.1025
61.00 0.8230E-01
0.5089 -0.4210E-01
-0.1331 0.1073
62.00 0.8059E-01
0.5147 -0.6326E-01
-0.1157 0.1085
63.00 0.7773E-01
0.5204 -0.7897E-01
-0.1021 0.1063
64.00 0.7380E-01
0.5267 -0.9109E-01
-0.9250E-01 0.1007
65.00 0.6893E-01
0.5338 -0.1013
-0.8723E-01 0.9214E-01
66.00 0.6336E-01
0.5418 -0.1114
-0.8643E-01 0.8084E-01
67.00 0.5736E-01
0.5506 -0.1230
-0.9019E-01 0.6716E-01
68.00 0.5121E-01
0.5600 -0.1381
-0.9850E-01 0.5159E-01
69.00 0.4519E-01
0.5699 -0.1589
-0.1110 0.3479E-01
70.00 0.3957E-01
0.5796 -0.1874
-0.1269 0.1775E-01
71.00 0.3453E-01
0.5884 -0.2252
-0.1445 0.1917E-02
72.00 0.3021E-01
0.5954 -0.2727
-0.1611 -0.1089E-01
73.00 0.2668E-01
0.5995 -0.3283
-0.1731 -0.1875E-01
74.00 0.2390E-01
0.6001 -0.3875
-0.1766 -0.2021E-01
75.00 0.2181E-01
0.5969 -0.4444
-0.1690 -0.1494E-01
76.00 0.2028E-01
0.5904 -0.4924
-0.1495 -0.4052E-02
77.00 0.1918E-01
0.5820 -0.5268
-0.1197 0.1027E-01
78.00 0.1835E-01
0.5728 -0.5457
-0.8280E-01 0.2551E-01
79.00 0.1766E-01
0.5640 -0.5498
-0.4249E-01 0.3956E-01
80.00 0.1702E-01
0.5563 -0.5412
-0.1994E-02 0.5105E-01
81.00 0.1634E-01
0.5503 -0.5227
0.3625E-01 0.5936E-01
82.00 0.1557E-01
0.5459 -0.4969
0.7057E-01 0.6447E-01
83.00 0.1470E-01
0.5432 -0.4659
0.9987E-01 0.6672E-01
84.00 0.1373E-01
0.5421 -0.4316
0.1234 0.6672E-01
85.00 0.1268E-01
0.5422 -0.3956
0.1407 0.6523E-01
86.00 0.1161E-01
0.5432 -0.3592
0.1514 0.6314E-01
87.00 0.1055E-01
0.5448 -0.3239
0.1553 0.6139E-01
88.00 0.9548E-02
0.5463 -0.2912
0.1526 0.6091E-01
89.00 0.8628E-02
0.5474 -0.2627
0.1439 0.6245E-01
90.00 0.7808E-02
0.5474 -0.2399
0.1302 0.6647E-01
91.00 0.7091E-02
0.5460 -0.2241
0.1130 0.7303E-01
92.00 0.6469E-02
0.5431 -0.2160
0.9401E-01 0.8183E-01
93.00 0.5930E-02
0.5385 -0.2154
0.7477E-01 0.9231E-01
94.00 0.5455E-02
0.5324 -0.2213
0.5664E-01 0.1038
95.00 0.5029E-02
0.5248 -0.2323
0.4052E-01 0.1159
96.00 0.4639E-02
0.5159 -0.2462
0.2681E-01 0.1281
97.00 0.4278E-02
0.5059 -0.2607
0.1545E-01 0.1405
98.00 0.3941E-02
0.4949 -0.2735
0.5967E-02 0.1532
99.00 0.3629E-02
0.4828 -0.2824
-0.2477E-02 0.1664
100.0 0.3349E-02
0.4698 -0.2861
-0.1090E-01 0.1806
101.0 0.3106E-02
0.4556 -0.2841
-0.2034E-01 0.1962
102.0 0.2907E-02
0.4401 -0.2771
-0.3157E-01 0.2132
103.0 0.2757E-02
0.4232 -0.2672
-0.4487E-01 0.2314
104.0 0.2656E-02
0.4051 -0.2574
-0.5994E-01 0.2499
105.0 0.2598E-02
0.3862 -0.2505
-0.7600E-01 0.2676
106.0 0.2575E-02
0.3668 -0.2486
-0.9213E-01 0.2833
107.0 0.2575E-02
0.3474 -0.2521
-0.1076 0.2965
108.0 0.2584E-02
0.3280 -0.2603
-0.1221 0.3073
109.0 0.2590E-02
0.3083 -0.2712
-0.1355 0.3162
110.0 0.2579E-02
0.2878 -0.2829
-0.1479 0.3240
111.0 0.2544E-02
0.2658 -0.2933
-0.1595 0.3317
112.0 0.2480E-02
0.2416 -0.3008
-0.1703 0.3400
113.0 0.2386E-02
0.2144 -0.3044
-0.1802 0.3496
114.0 0.2268E-02
0.1832 -0.3040
-0.1888 0.3606
115.0 0.2135E-02
0.1473 -0.3005
-0.1952 0.3729
116.0 0.2002E-02
0.1064 -0.2961
-0.1977 0.3855
117.0 0.1882E-02
0.6120E-01 -0.2939
-0.1940 0.3969
118.0 0.1790E-02
0.1367E-01 -0.2972
-0.1815 0.4055
119.0 0.1736E-02
-0.3247E-01 -0.3077
-0.1586 0.4098
120.0 0.1723E-02
-0.7286E-01 -0.3239
-0.1259 0.4095
121.0 0.1750E-02
-0.1041 -0.3416
-0.8658E-01 0.4060
122.0 0.1805E-02
-0.1253 -0.3552
-0.4552E-01 0.4016
123.0 0.1874E-02
-0.1374 -0.3601
-0.7159E-02 0.3986
124.0 0.1939E-02
-0.1430 -0.3539
0.2532E-01 0.3989
125.0 0.1985E-02
-0.1449 -0.3358
0.5021E-01 0.4032
126.0 0.1996E-02
-0.1454 -0.3064
0.6691E-01 0.4121
127.0 0.1963E-02
-0.1467 -0.2663
0.7548E-01 0.4251
128.0 0.1886E-02
-0.1505 -0.2164
0.7646E-01 0.4418
129.0 0.1769E-02
-0.1584 -0.1573
0.7097E-01 0.4606
130.0 0.1622E-02
-0.1718 -0.9062E-01
0.6103E-01 0.4787
131.0 0.1462E-02
-0.1921 -0.1866E-01
0.5015E-01 0.4915
132.0 0.1304E-02
-0.2200 0.5395E-01
0.4400E-01 0.4917
133.0 0.1165E-02
-0.2546 0.1199
0.5035E-01 0.4701
134.0 0.1059E-02
-0.2924 0.1697
0.7714E-01 0.4188
135.0 0.9929E-03
-0.3274 0.1959
0.1278 0.3373
136.0 0.9696E-03
-0.3526 0.1979
0.1966 0.2372
137.0 0.9845E-03
-0.3646 0.1840
0.2698 0.1387
138.0 0.1028E-02
-0.3645 0.1661
0.3328 0.6002E-01
139.0 0.1087E-02
-0.3566 0.1534
0.3774 0.9909E-02
140.0 0.1146E-02
-0.3452 0.1496
0.4018 -0.1162E-01
141.0 0.1193E-02
-0.3333 0.1542
0.4083 -0.8716E-02
142.0 0.1215E-02
-0.3227 0.1647
0.4002 0.1387E-01
143.0 0.1207E-02
-0.3141 0.1786
0.3803 0.5225E-01
144.0 0.1168E-02
-0.3073 0.1935
0.3504 0.1034
145.0 0.1099E-02
-0.3024 0.2084
0.3114 0.1647
146.0 0.1007E-02
-0.2989 0.2228
0.2629 0.2327
147.0 0.9026E-03
-0.2969 0.2376
0.2043 0.3014
148.0 0.7967E-03
-0.2969 0.2549
0.1351 0.3604
149.0 0.7008E-03
-0.3002 0.2781
0.5733E-01 0.3922
150.0 0.6254E-03
-0.3092 0.3106
-0.2108E-01 0.3735
151.0 0.5792E-03
-0.3261 0.3530
-0.8436E-01 0.2849
152.0 0.5677E-03
-0.3506 0.4000
-0.1134 0.1298
153.0 0.5929E-03
-0.3786 0.4409
-0.9855E-01 -0.5613E-01
154.0 0.6528E-03
-0.4040 0.4670
-0.4751E-01 -0.2254
155.0 0.7413E-03
-0.4229 0.4759
0.2226E-01 -0.3487
156.0 0.8488E-03
-0.4345 0.4701
0.9573E-01 -0.4212
157.0 0.9639E-03
-0.4395 0.4536
0.1648 -0.4518
158.0 0.1074E-02
-0.4391 0.4292
0.2266 -0.4507
159.0 0.1169E-02
-0.4340 0.3982
0.2802 -0.4254
160.0 0.1240E-02
-0.4249 0.3613
0.3252 -0.3795
161.0 0.1281E-02
-0.4118 0.3190
0.3599 -0.3131
162.0 0.1295E-02
-0.3945 0.2723
0.3809 -0.2243
163.0 0.1288E-02
-0.3728 0.2239
0.3826 -0.1105
164.0 0.1273E-02
-0.3464 0.1797
0.3578 0.2868E-01
165.0 0.1267E-02
-0.3161 0.1494
0.2997 0.1861
166.0 0.1294E-02
-0.2835 0.1458
0.2078 0.3424
167.0 0.1376E-02
-0.2517 0.1779
0.9394E-01 0.4672
168.0 0.1536E-02
-0.2237 0.2437
-0.1874E-01 0.5335
169.0 0.1795E-02
-0.2007 0.3291
-0.1074 0.5342
170.0 0.2163E-02
-0.1817 0.4160
-0.1615 0.4843
171.0 0.2644E-02
-0.1650 0.4923
-0.1838 0.4077
172.0 0.3226E-02
-0.1489 0.5531
-0.1832 0.3242
173.0 0.3889E-02
-0.1324 0.5991
-0.1689 0.2456
174.0 0.4599E-02
-0.1151 0.6329
-0.1474 0.1772
175.0 0.5314E-02
-0.9702E-01 0.6571
-0.1229 0.1206
176.0 0.5987E-02
-0.7829E-01 0.6742
-0.9761E-01 0.7581E-01
177.0 0.6571E-02
-0.5907E-01 0.6859
-0.7247E-01 0.4200E-01
178.0 0.7024E-02
-0.3953E-01 0.6935
-0.4787E-01 0.1845E-01
179.0 0.7310E-02
-0.1980E-01 0.6977
-0.2379E-01 0.4582E-02
180.0 0.7408E-02
0.000 0.6991
0.000 0.000
