0.000 5.718
0.000 -0.2810E-01
0.000 0.000
1.000 5.623
-0.6507E-01 -0.2736E-01
-0.1015E-01 0.1561E-03
2.000 5.350
-0.1288 -0.2511E-01
-0.2070E-01 0.5489E-03
3.000 4.941
-0.1888 -0.2120E-01
-0.3211E-01 0.9227E-03
4.000 4.455
-0.2403 -0.1531E-01
-0.4496E-01 0.7616E-03
5.000 3.963
-0.2754 -0.6853E-02
-0.5983E-01 -0.7824E-03
6.000 3.534
-0.2827 0.4921E-02
-0.7693E-01 -0.4791E-02
7.000 3.219
-0.2523 0.2054E-01
-0.9548E-01 -0.1206E-01
8.000 3.045
-0.1843 0.3957E-01
-0.1134 -0.2222E-01
9.000 3.007
-0.9388E-01 0.6042E-01
-0.1284 -0.3343E-01
10.00 3.069
-0.3541E-02 0.8114E-01
-0.1389 -0.4335E-01
11.00 3.174
0.7029E-01 0.1006
-0.1456 -0.5058E-01
12.00 3.263
0.1225 0.1187
-0.1496 -0.5500E-01
13.00 3.283
0.1552 0.1358
-0.1522 -0.5730E-01
14.00 3.206
0.1732 0.1525
-0.1542 -0.5845E-01
15.00 3.029
0.1805 0.1688
-0.1557 -0.5952E-01
16.00 2.770
0.1796 0.1848
-0.1564 -0.6162E-01
17.00 2.462
0.1721 0.1997
-0.1556 -0.6593E-01
18.00 2.141
0.1586 0.2125
-0.1519 -0.7355E-01
19.00 1.835
0.1399 0.2218
-0.1437 -0.8520E-01
20.00 1.562
0.1178 0.2261
-0.1294 -0.1008
21.00 1.328
0.9558E-01 0.2248
-0.1080 -0.1189
22.00 1.131
0.7843E-01 0.2174
-0.7913E-01 -0.1373
23.00 0.9655
0.7223E-01 0.2042
-0.4306E-01 -0.1527
24.00 0.8268
0.8258E-01 0.1848
-0.8605E-03 -0.1618
25.00 0.7121
0.1132 0.1584
0.4568E-01 -0.1614
26.00 0.6200
0.1637 0.1240
0.9340E-01 -0.1487
27.00 0.5504
0.2281 0.8156E-01
0.1373 -0.1226
28.00 0.5023
0.2938 0.3424E-01
0.1710 -0.8457E-01
29.00 0.4740
0.3463 -0.1172E-01
0.1889 -0.3938E-01
30.00 0.4626
0.3753 -0.4870E-01
0.1891 0.6367E-02
31.00 0.4646
0.3795 -0.7092E-01
0.1735 0.4655E-01
32.00 0.4765
0.3656 -0.7642E-01
0.1471 0.7738E-01
33.00 0.4950
0.3431 -0.6677E-01
0.1155 0.9760E-01
34.00 0.5173
0.3206 -0.4557E-01
0.8331E-01 0.1078
35.00 0.5407
0.3033 -0.1698E-01
0.5374E-01 0.1093
36.00 0.5633
0.2935 0.1527E-01
0.2874E-01 0.1039
37.00 0.5831
0.2911 0.4829E-01
0.9229E-02 0.9342E-01
38.00 0.5985
0.2945 0.8019E-01
-0.4548E-02 0.7942E-01
39.00 0.6083
0.3020 0.1099
-0.1281E-01 0.6338E-01
40.00 0.6117
0.3114 0.1370
-0.1601E-01 0.4662E-01
41.00 0.6080
0.3212 0.1614
-0.1470E-01 0.3024E-01
42.00 0.5972
0.3297 0.1834
-0.9452E-02 0.1522E-01
43.00 0.5800
0.3359 0.2032
-0.7733E-03 0.2422E-02
44.00 0.5570
0.3389 0.2211
0.1089E-01 -0.7381E-02
45.00 0.5295
0.3381 0.2374
0.2512E-01 -0.1351E-01
46.00 0.4989
0.3333 0.2523
0.4156E-01 -0.1536E-01
47.00 0.4666
0.3245 0.2659
0.5979E-01 -0.1249E-01
48.00 0.4339
0.3121 0.2785
0.7936E-01 -0.4618E-02
49.00 0.4018
0.2965 0.2899
0.9975E-01 0.8273E-02
50.00 0.3712
0.2788 0.3003
0.1204 0.2590E-01
51.00 0.3425
0.2596 0.3095
0.1407 0.4767E-01
52.00 0.3160
0.2398 0.3175
0.1601 0.7272E-01
53.00 0.2917
0.2203 0.3242
0.1782 0.9998E-01
54.00 0.2695
0.2016 0.3298
0.1946 0.1283
55.00 0.2493
0.1841 0.3344
0.2090 0.1566
56.00 0.2310
0.1680 0.3382
0.2211 0.1839
57.00 0.2144
0.1531 0.3413
0.2308 0.2092
58.00 0.1996
0.1391 0.3435
0.2378 0.2317
59.00 0.1863
0.1259 0.3447
0.2421 0.2509
60.00 0.1746
0.1131 0.3446
0.2437 0.2665
61.00 0.1644
0.1008 0.3427
0.2429 0.2782
62.00 0.1554
0.8928E-01 0.3391
0.2400 0.2864
63.00 0.1474
0.7913E-01 0.3336
0.2355 0.2913
64.00 0.1404
0.7098E-01 0.3266
0.2299 0.2934
65.00 0.1340
0.6542E-01 0.3184
0.2237 0.2932
66.00 0.1282
0.6285E-01 0.3093
0.2172 0.2910
67.00 0.1228
0.6343E-01 0.2995
0.2107 0.2874
68.00 0.1177
0.6703E-01 0.2889
0.2044 0.2824
69.00 0.1127
0.7338E-01 0.2777
0.1984 0.2763
70.00 0.1079
0.8204E-01 0.2656
0.1927 0.2695
71.00 0.1030
0.9256E-01 0.2526
0.1875 0.2621
72.00 0.9817E-01
0.1045 0.2387
0.1828 0.2543
73.00 0.9326E-01
0.1174 0.2239
0.1783 0.2463
74.00 0.8833E-01
0.1308 0.2081
0.1742 0.2383
75.00 0.8344E-01
0.1443 0.1914
0.1703 0.2303
76.00 0.7867E-01
0.1575 0.1738
0.1666 0.2225
77.00 0.7411E-01
0.1698 0.1553
0.1631 0.2150
78.00 0.6984E-01
0.1810 0.1359
0.1598 0.2077
79.00 0.6591E-01
0.1907 0.1160
0.1568 0.2009
80.00 0.6237E-01
0.1987 0.9573E-01
0.1541 0.1944
81.00 0.5919E-01
0.2051 0.7566E-01
0.1520 0.1885
82.00 0.5634E-01
0.2100 0.5624E-01
0.1504 0.1832
83.00 0.5376E-01
0.2136 0.3793E-01
0.1495 0.1785
84.00 0.5136E-01
0.2161 0.2103E-01
0.1492 0.1745
85.00 0.4908E-01
0.2179 0.5652E-02
0.1495 0.1712
86.00 0.4682E-01
0.2190 -0.8305E-02
0.1503 0.1686
87.00 0.4453E-01
0.2195 -0.2111E-01
0.1516 0.1666
88.00 0.4217E-01
0.2194 -0.3314E-01
0.1533 0.1651
89.00 0.3971E-01
0.2187 -0.4479E-01
0.1554 0.1642
90.00 0.3717E-01
0.2170 -0.5641E-01
0.1579 0.1635
91.00 0.3455E-01
0.2145 -0.6825E-01
0.1610 0.1629
92.00 0.3191E-01
0.2108 -0.8036E-01
0.1646 0.1621
93.00 0.2929E-01
0.2058 -0.9260E-01
0.1691 0.1611
94.00 0.2676E-01
0.1995 -0.1045
0.1744 0.1594
95.00 0.2437E-01
0.1919 -0.1155
0.1806 0.1569
96.00 0.2215E-01
0.1832 -0.1248
0.1876 0.1535
97.00 0.2012E-01
0.1736 -0.1313
0.1952 0.1494
98.00 0.1828E-01
0.1637 -0.1344
0.2031 0.1449
99.00 0.1663E-01
0.1538 -0.1336
0.2110 0.1404
100.0 0.1513E-01
0.1441 -0.1290
0.2185 0.1364
101.0 0.1377E-01
0.1344 -0.1208
0.2255 0.1331
102.0 0.1253E-01
0.1242 -0.1099
0.2315 0.1305
103.0 0.1138E-01
0.1125 -0.9706E-01
0.2366 0.1281
104.0 0.1032E-01
0.9834E-01 -0.8327E-01
0.2404 0.1251
105.0 0.9344E-02
0.8083E-01 -0.6922E-01
0.2429 0.1201
106.0 0.8455E-02
0.5951E-01 -0.5524E-01
0.2438 0.1120
107.0 0.7655E-02
0.3466E-01 -0.4121E-01
0.2427 0.9983E-01
108.0 0.6947E-02
0.7388E-02 -0.2649E-01
0.2394 0.8313E-01
109.0 0.6328E-02
-0.2042E-01 -0.1009E-01
0.2334 0.6242E-01
110.0 0.5794E-02
-0.4638E-01 0.9106E-02
0.2248 0.3922E-01
111.0 0.5333E-02
-0.6815E-01 0.3195E-01
0.2135 0.1595E-01
112.0 0.4934E-02
-0.8398E-01 0.5871E-01
0.2002 -0.4525E-02
113.0 0.4581E-02
-0.9316E-01 0.8887E-01
0.1853 -0.1942E-01
114.0 0.4264E-02
-0.9613E-01 0.1211
0.1697 -0.2654E-01
115.0 0.3974E-02
-0.9447E-01 0.1533
0.1539 -0.2463E-01
116.0 0.3710E-02
-0.9054E-01 0.1831
0.1384 -0.1365E-01
117.0 0.3474E-02
-0.8700E-01 0.2078
0.1233 0.5058E-02
118.0 0.3268E-02
-0.8621E-01 0.2253
0.1088 0.2880E-01
119.0 0.3098E-02
-0.8943E-01 0.2348
0.9463E-01 0.5382E-01
120.0 0.2961E-02
-0.9629E-01 0.2369
0.8067E-01 0.7617E-01
121.0 0.2856E-02
-0.1048 0.2340
0.6662E-01 0.9281E-01
122.0 0.2775E-02
-0.1120 0.2292
0.5224E-01 0.1025
123.0 0.2710E-02
-0.1153 0.2256
0.3739E-01 0.1059
124.0 0.2654E-02
-0.1133 0.2253
0.2234E-01 0.1052
125.0 0.2603E-02
-0.1067 0.2289
0.7823E-02 0.1030
126.0 0.2555E-02
-0.9797E-01 0.2359
-0.4825E-02 0.1019
127.0 0.2510E-02
-0.9088E-01 0.2447
-0.1386E-01 0.1033
128.0 0.2470E-02
-0.8950E-01 0.2532
-0.1749E-01 0.1080
129.0 0.2434E-02
-0.9693E-01 0.2596
-0.1436E-01 0.1154
130.0 0.2403E-02
-0.1143 0.2622
-0.4050E-02 0.1246
131.0 0.2375E-02
-0.1407 0.2603
0.1275E-01 0.1344
132.0 0.2349E-02
-0.1728 0.2539
0.3425E-01 0.1438
133.0 0.2320E-02
-0.2067 0.2433
0.5790E-01 0.1521
134.0 0.2287E-02
-0.2380 0.2296
0.8090E-01 0.1593
135.0 0.2247E-02
-0.2632 0.2138
0.1007 0.1653
136.0 0.2198E-02
-0.2804 0.1970
0.1154 0.1705
137.0 0.2138E-02
-0.2891 0.1799
0.1241 0.1751
138.0 0.2070E-02
-0.2905 0.1627
0.1266 0.1793
139.0 0.1997E-02
-0.2873 0.1446
0.1237 0.1826
140.0 0.1928E-02
-0.2833 0.1247
0.1170 0.1837
141.0 0.1873E-02
-0.2829 0.1022
0.1082 0.1801
142.0 0.1845E-02
-0.2898 0.7733E-01
0.9987E-01 0.1684
143.0 0.1852E-02
-0.3059 0.5258E-01
0.9379E-01 0.1460
144.0 0.1895E-02
-0.3299 0.3212E-01
0.9099E-01 0.1125
145.0 0.1969E-02
-0.3577 0.2043E-01
0.9119E-01 0.6979E-01
146.0 0.2057E-02
-0.3843 0.2068E-01
0.9313E-01 0.2183E-01
147.0 0.2141E-02
-0.4054 0.3417E-01
0.9530E-01 -0.2754E-01
148.0 0.2198E-02
-0.4180 0.6075E-01
0.9650E-01 -0.7541E-01
149.0 0.2210E-02
-0.4200 0.9954E-01
0.9610E-01 -0.1200
150.0 0.2171E-02
-0.4094 0.1491
0.9404E-01 -0.1601
151.0 0.2083E-02
-0.3840 0.2072
0.9092E-01 -0.1949
152.0 0.1962E-02
-0.3407 0.2694
0.8812E-01 -0.2230
153.0 0.1833E-02
-0.2772 0.3273
0.8810E-01 -0.2425
154.0 0.1726E-02
-0.1944 0.3680
0.9410E-01 -0.2512
155.0 0.1667E-02
-0.1001 0.3769
0.1089 -0.2479
156.0 0.1677E-02
-0.9548E-02 0.3465
0.1327 -0.2348
157.0 0.1761E-02
0.6119E-01 0.2840
0.1615 -0.2175
158.0 0.1913E-02
0.1044 0.2083
0.1897 -0.2019
159.0 0.2110E-02
0.1229 0.1381
0.2131 -0.1918
160.0 0.2319E-02
0.1249 0.8403E-01
0.2301 -0.1878
161.0 0.2499E-02
0.1182 0.4909E-01
0.2412 -0.1891
162.0 0.2613E-02
0.1081 0.3222E-01
0.2472 -0.1942
163.0 0.2627E-02
0.9779E-01 0.3140E-01
0.2492 -0.2020
164.0 0.2527E-02
0.8881E-01 0.4522E-01
0.2475 -0.2116
165.0 0.2314E-02
0.8181E-01 0.7353E-01
0.2416 -0.2220
166.0 0.2011E-02
0.7686E-01 0.1176
0.2299 -0.2316
167.0 0.1660E-02
0.7330E-01 0.1798
0.2085 -0.2372
168.0 0.1313E-02
0.6902E-01 0.2603
0.1704 -0.2317
169.0 0.1025E-02
0.5890E-01 0.3472
0.1054 -0.2011
170.0 0.8489E-03
0.3535E-01 0.3961
0.1243E-01 -0.1303
171.0 0.8220E-03
-0.1148E-02 0.3450
-0.7472E-01 -0.3332E-01
172.0 0.9617E-03
-0.3305E-01 0.2122
-0.1094 0.3735E-01
173.0 0.1262E-02
-0.4793E-01 0.8487E-01
-0.9709E-01 0.5981E-01
174.0 0.1696E-02
-0.4957E-01 0.2083E-02
-0.7016E-01 0.5397E-01
175.0 0.2215E-02
-0.4470E-01 -0.4369E-01
-0.4589E-01 0.3957E-01
176.0 0.2760E-02
-0.3711E-01 -0.6731E-01
-0.2822E-01 0.2536E-01
177.0 0.3270E-02
-0.2837E-01 -0.7897E-01
-0.1641E-01 0.1405E-01
178.0 0.3684E-02
-0.1912E-01 -0.8443E-01
-0.8794E-02 0.6140E-02
179.0 0.3953E-02
-0.9613E-02 -0.8675E-01
-0.3780E-02 0.1517E-02
180.0 0.4047E-02
0.000 -0.8737E-01
0.000 0.000
