0.000 0.5127E-01
0.000 -0.2375
0.000 0.000
1.000 0.5115E-01
0.5410E-01 -0.2376
0.8376E-02 -0.8870E-03
2.000 0.5077E-01
0.1077 -0.2380
0.1680E-01 -0.3542E-02
3.000 0.5015E-01
0.1603 -0.2387
0.2534E-01 -0.7947E-02
4.000 0.4930E-01
0.2113 -0.2397
0.3402E-01 -0.1407E-01
5.000 0.4823E-01
0.2603 -0.2407
0.4290E-01 -0.2187E-01
6.000 0.4698E-01
0.3067 -0.2418
0.5201E-01 -0.3128E-01
7.000 0.4556E-01
0.3500 -0.2427
0.6137E-01 -0.4222E-01
8.000 0.4401E-01
0.3894 -0.2434
0.7097E-01 -0.5458E-01
9.000 0.4236E-01
0.4245 -0.2437
0.8080E-01 -0.6822E-01
10.00 0.4065E-01
0.4543 -0.2433
0.9079E-01 -0.8295E-01
11.00 0.3890E-01
0.4783 -0.2419
0.1008 -0.9854E-01
12.00 0.3716E-01
0.4956 -0.2394
0.1108 -0.1147
13.00 0.3547E-01
0.5055 -0.2354
0.1204 -0.1310
14.00 0.3385E-01
0.5071 -0.2297
0.1295 -0.1471
15.00 0.3234E-01
0.4998 -0.2221
0.1376 -0.1624
16.00 0.3097E-01
0.4834 -0.2125
0.1445 -0.1764
17.00 0.2974E-01
0.4578 -0.2008
0.1498 -0.1886
18.00 0.2868E-01
0.4233 -0.1874
0.1531 -0.1982
19.00 0.2780E-01
0.3810 -0.1724
0.1542 -0.2051
20.00 0.2710E-01
0.3323 -0.1564
0.1529 -0.2087
21.00 0.2656E-01
0.2790 -0.1399
0.1494 -0.2090
22.00 0.2619E-01
0.2234 -0.1235
0.1439 -0.2062
23.00 0.2596E-01
0.1676 -0.1078
0.1365 -0.2004
24.00 0.2585E-01
0.1137 -0.9329E-01
0.1279 -0.1922
25.00 0.2585E-01
0.6345E-01 -0.8027E-01
0.1185 -0.1821
26.00 0.2591E-01
0.1811E-01 -0.6891E-01
0.1088 -0.1707
27.00 0.2601E-01
-0.2137E-01 -0.5923E-01
0.9925E-01 -0.1584
28.00 0.2614E-01
-0.5452E-01 -0.5111E-01
0.9017E-01 -0.1458
29.00 0.2625E-01
-0.8119E-01 -0.4432E-01
0.8187E-01 -0.1333
30.00 0.2634E-01
-0.1015 -0.3859E-01
0.7451E-01 -0.1211
31.00 0.2638E-01
-0.1158 -0.3359E-01
0.6821E-01 -0.1097
32.00 0.2635E-01
-0.1244 -0.2902E-01
0.6298E-01 -0.9900E-01
33.00 0.2626E-01
-0.1279 -0.2456E-01
0.5878E-01 -0.8930E-01
34.00 0.2609E-01
-0.1269 -0.1994E-01
0.5552E-01 -0.8066E-01
35.00 0.2585E-01
-0.1220 -0.1494E-01
0.5308E-01 -0.7316E-01
36.00 0.2553E-01
-0.1138 -0.9386E-02
0.5129E-01 -0.6684E-01
37.00 0.2516E-01
-0.1030 -0.3173E-02
0.4996E-01 -0.6176E-01
38.00 0.2473E-01
-0.9041E-01 0.3740E-02
0.4889E-01 -0.5796E-01
39.00 0.2425E-01
-0.7672E-01 0.1132E-01
0.4789E-01 -0.5547E-01
40.00 0.2375E-01
-0.6274E-01 0.1946E-01
0.4675E-01 -0.5428E-01
41.00 0.2323E-01
-0.4931E-01 0.2797E-01
0.4527E-01 -0.5441E-01
42.00 0.2270E-01
-0.3723E-01 0.3664E-01
0.4331E-01 -0.5581E-01
43.00 0.2218E-01
-0.2724E-01 0.4516E-01
0.4072E-01 -0.5843E-01
44.00 0.2166E-01
-0.2003E-01 0.5322E-01
0.3743E-01 -0.6217E-01
45.00 0.2117E-01
-0.1612E-01 0.6050E-01
0.3340E-01 -0.6690E-01
46.00 0.2068E-01
-0.1590E-01 0.6670E-01
0.2865E-01 -0.7246E-01
47.00 0.2022E-01
-0.1955E-01 0.7155E-01
0.2326E-01 -0.7865E-01
48.00 0.1978E-01
-0.2707E-01 0.7485E-01
0.1733E-01 -0.8529E-01
49.00 0.1936E-01
-0.3824E-01 0.7645E-01
0.1102E-01 -0.9214E-01
50.00 0.1895E-01
-0.5267E-01 0.7632E-01
0.4502E-02 -0.9899E-01
51.00 0.1856E-01
-0.6983E-01 0.7446E-01
-0.2042E-02 -0.1056
52.00 0.1817E-01
-0.8906E-01 0.7098E-01
-0.8427E-02 -0.1119
53.00 0.1779E-01
-0.1097 0.6604E-01
-0.1448E-01 -0.1175
54.00 0.1741E-01
-0.1309 0.5982E-01
-0.2004E-01 -0.1225
55.00 0.1702E-01
-0.1519 0.5258E-01
-0.2499E-01 -0.1266
56.00 0.1663E-01
-0.1721 0.4457E-01
-0.2921E-01 -0.1298
57.00 0.1623E-01
-0.1909 0.3602E-01
-0.3263E-01 -0.1321
58.00 0.1583E-01
-0.2076 0.2721E-01
-0.3522E-01 -0.1333
59.00 0.1541E-01
-0.2218 0.1835E-01
-0.3693E-01 -0.1335
60.00 0.1499E-01
-0.2331 0.9668E-02
-0.3779E-01 -0.1327
61.00 0.1456E-01
-0.2413 0.1338E-02
-0.3780E-01 -0.1310
62.00 0.1412E-01
-0.2462 -0.6483E-02
-0.3700E-01 -0.1284
63.00 0.1367E-01
-0.2477 -0.1367E-01
-0.3545E-01 -0.1249
64.00 0.1322E-01
-0.2459 -0.2013E-01
-0.3320E-01 -0.1207
65.00 0.1277E-01
-0.2410 -0.2579E-01
-0.3033E-01 -0.1159
66.00 0.1231E-01
-0.2330 -0.3062E-01
-0.2691E-01 -0.1104
67.00 0.1186E-01
-0.2223 -0.3459E-01
-0.2300E-01 -0.1046
68.00 0.1141E-01
-0.2091 -0.3772E-01
-0.1870E-01 -0.9837E-01
69.00 0.1096E-01
-0.1938 -0.4001E-01
-0.1407E-01 -0.9194E-01
70.00 0.1052E-01
-0.1766 -0.4151E-01
-0.9186E-02 -0.8538E-01
71.00 0.1009E-01
-0.1579 -0.4225E-01
-0.4121E-02 -0.7880E-01
72.00 0.9674E-02
-0.1380 -0.4227E-01
0.1055E-02 -0.7230E-01
73.00 0.9268E-02
-0.1173 -0.4163E-01
0.6275E-02 -0.6599E-01
74.00 0.8878E-02
-0.9602E-01 -0.4039E-01
0.1147E-01 -0.5996E-01
75.00 0.8504E-02
-0.7442E-01 -0.3858E-01
0.1659E-01 -0.5429E-01
76.00 0.8148E-02
-0.5275E-01 -0.3628E-01
0.2155E-01 -0.4907E-01
77.00 0.7811E-02
-0.3124E-01 -0.3352E-01
0.2632E-01 -0.4438E-01
78.00 0.7494E-02
-0.1008E-01 -0.3035E-01
0.3082E-01 -0.4030E-01
79.00 0.7198E-02
0.1055E-01 -0.2683E-01
0.3501E-01 -0.3688E-01
80.00 0.6922E-02
0.3050E-01 -0.2301E-01
0.3884E-01 -0.3418E-01
81.00 0.6668E-02
0.4963E-01 -0.1894E-01
0.4227E-01 -0.3224E-01
82.00 0.6435E-02
0.6783E-01 -0.1467E-01
0.4527E-01 -0.3109E-01
83.00 0.6221E-02
0.8502E-01 -0.1026E-01
0.4781E-01 -0.3072E-01
84.00 0.6027E-02
0.1011 -0.5764E-02
0.4988E-01 -0.3113E-01
85.00 0.5851E-02
0.1162 -0.1260E-02
0.5148E-01 -0.3229E-01
86.00 0.5693E-02
0.1302 0.3178E-02
0.5260E-01 -0.3413E-01
87.00 0.5551E-02
0.1431 0.7465E-02
0.5325E-01 -0.3660E-01
88.00 0.5424E-02
0.1552 0.1151E-01
0.5345E-01 -0.3960E-01
89.00 0.5312E-02
0.1665 0.1519E-01
0.5321E-01 -0.4305E-01
90.00 0.5213E-02
0.1773 0.1842E-01
0.5256E-01 -0.4682E-01
91.00 0.5127E-02
0.1878 0.2106E-01
0.5153E-01 -0.5083E-01
92.00 0.5052E-02
0.1982 0.2298E-01
0.5015E-01 -0.5496E-01
93.00 0.4989E-02
0.2089 0.2409E-01
0.4844E-01 -0.5913E-01
94.00 0.4936E-02
0.2200 0.2425E-01
0.4645E-01 -0.6324E-01
95.00 0.4892E-02
0.2319 0.2339E-01
0.4422E-01 -0.6725E-01
96.00 0.4857E-02
0.2448 0.2142E-01
0.4179E-01 -0.7112E-01
97.00 0.4830E-02
0.2587 0.1832E-01
0.3920E-01 -0.7482E-01
98.00 0.4809E-02
0.2738 0.1408E-01
0.3649E-01 -0.7836E-01
99.00 0.4792E-02
0.2900 0.8721E-02
0.3372E-01 -0.8178E-01
100.0 0.4780E-02
0.3074 0.2317E-02
0.3091E-01 -0.8513E-01
101.0 0.4768E-02
0.3256 -0.5041E-02
0.2811E-01 -0.8845E-01
102.0 0.4757E-02
0.3446 -0.1323E-01
0.2535E-01 -0.9181E-01
103.0 0.4743E-02
0.3638 -0.2211E-01
0.2264E-01 -0.9528E-01
104.0 0.4725E-02
0.3830 -0.3154E-01
0.2002E-01 -0.9892E-01
105.0 0.4700E-02
0.4018 -0.4135E-01
0.1748E-01 -0.1028
106.0 0.4668E-02
0.4197 -0.5139E-01
0.1504E-01 -0.1069
107.0 0.4626E-02
0.4362 -0.6151E-01
0.1269E-01 -0.1112
108.0 0.4574E-02
0.4508 -0.7156E-01
0.1042E-01 -0.1158
109.0 0.4511E-02
0.4631 -0.8143E-01
0.8232E-02 -0.1205
110.0 0.4436E-02
0.4726 -0.9099E-01
0.6105E-02 -0.1253
111.0 0.4349E-02
0.4789 -0.1001
0.4031E-02 -0.1302
112.0 0.4252E-02
0.4815 -0.1087
0.2003E-02 -0.1349
113.0 0.4146E-02
0.4801 -0.1168
0.1651E-04 -0.1393
114.0 0.4031E-02
0.4745 -0.1241
-0.1928E-02 -0.1432
115.0 0.3909E-02
0.4645 -0.1307
-0.3822E-02 -0.1463
116.0 0.3783E-02
0.4501 -0.1365
-0.5650E-02 -0.1486
117.0 0.3655E-02
0.4314 -0.1415
-0.7386E-02 -0.1497
118.0 0.3526E-02
0.4089 -0.1457
-0.8998E-02 -0.1495
119.0 0.3399E-02
0.3832 -0.1490
-0.1045E-01 -0.1477
120.0 0.3275E-02
0.3552 -0.1516
-0.1168E-01 -0.1444
121.0 0.3155E-02
0.3259 -0.1534
-0.1266E-01 -0.1395
122.0 0.3041E-02
0.2966 -0.1546
-0.1333E-01 -0.1332
123.0 0.2932E-02
0.2687 -0.1553
-0.1366E-01 -0.1256
124.0 0.2830E-02
0.2436 -0.1557
-0.1363E-01 -0.1171
125.0 0.2733E-02
0.2225 -0.1557
-0.1323E-01 -0.1081
126.0 0.2641E-02
0.2067 -0.1556
-0.1247E-01 -0.9924E-01
127.0 0.2554E-02
0.1968 -0.1554
-0.1139E-01 -0.9097E-01
128.0 0.2469E-02
0.1932 -0.1552
-0.1005E-01 -0.8392E-01
129.0 0.2387E-02
0.1961 -0.1548
-0.8543E-02 -0.7863E-01
130.0 0.2306E-02
0.2050 -0.1543
-0.6962E-02 -0.7563E-01
131.0 0.2226E-02
0.2192 -0.1533
-0.5435E-02 -0.7534E-01
132.0 0.2146E-02
0.2375 -0.1518
-0.4110E-02 -0.7807E-01
133.0 0.2065E-02
0.2585 -0.1492
-0.3151E-02 -0.8405E-01
134.0 0.1985E-02
0.2805 -0.1452
-0.2747E-02 -0.9333E-01
135.0 0.1907E-02
0.3015 -0.1393
-0.3105E-02 -0.1058
136.0 0.1830E-02
0.3195 -0.1309
-0.4450E-02 -0.1211
137.0 0.1757E-02
0.3323 -0.1196
-0.7017E-02 -0.1388
138.0 0.1691E-02
0.3379 -0.1050
-0.1103E-01 -0.1579
139.0 0.1632E-02
0.3346 -0.8672E-01
-0.1667E-01 -0.1773
140.0 0.1583E-02
0.3213 -0.6493E-01
-0.2405E-01 -0.1955
141.0 0.1546E-02
0.2978 -0.4014E-01
-0.3315E-01 -0.2111
142.0 0.1523E-02
0.2653 -0.1337E-01
-0.4381E-01 -0.2225
143.0 0.1516E-02
0.2261 0.1392E-01
-0.5567E-01 -0.2283
144.0 0.1526E-02
0.1835 0.3994E-01
-0.6824E-01 -0.2278
145.0 0.1552E-02
0.1416 0.6285E-01
-0.8095E-01 -0.2210
146.0 0.1596E-02
0.1042 0.8106E-01
-0.9322E-01 -0.2085
147.0 0.1655E-02
0.7430E-01 0.9342E-01
-0.1046 -0.1914
148.0 0.1729E-02
0.5405E-01 0.9936E-01
-0.1147 -0.1713
149.0 0.1815E-02
0.4419E-01 0.9884E-01
-0.1234 -0.1498
150.0 0.1911E-02
0.4446E-01 0.9224E-01
-0.1306 -0.1281
151.0 0.2014E-02
0.5384E-01 0.8020E-01
-0.1363 -0.1075
152.0 0.2121E-02
0.7083E-01 0.6346E-01
-0.1408 -0.8859E-01
153.0 0.2227E-02
0.9373E-01 0.4279E-01
-0.1442 -0.7196E-01
154.0 0.2330E-02
0.1209 0.1888E-01
-0.1466 -0.5783E-01
155.0 0.2426E-02
0.1506 -0.7645E-02
-0.1481 -0.4625E-01
156.0 0.2513E-02
0.1815 -0.3624E-01
-0.1487 -0.3714E-01
157.0 0.2589E-02
0.2122 -0.6642E-01
-0.1487 -0.3035E-01
158.0 0.2651E-02
0.2415 -0.9776E-01
-0.1479 -0.2567E-01
159.0 0.2699E-02
0.2685 -0.1298
-0.1465 -0.2283E-01
160.0 0.2732E-02
0.2922 -0.1622
-0.1443 -0.2158E-01
161.0 0.2751E-02
0.3117 -0.1945
-0.1414 -0.2162E-01
162.0 0.2756E-02
0.3264 -0.2261
-0.1377 -0.2265E-01
163.0 0.2750E-02
0.3357 -0.2566
-0.1331 -0.2435E-01
164.0 0.2733E-02
0.3391 -0.2854
-0.1277 -0.2641E-01
165.0 0.2708E-02
0.3365 -0.3118
-0.1215 -0.2851E-01
166.0 0.2677E-02
0.3278 -0.3353
-0.1144 -0.3036E-01
167.0 0.2643E-02
0.3134 -0.3554
-0.1066 -0.3169E-01
168.0 0.2607E-02
0.2938 -0.3715
-0.9810E-01 -0.3226E-01
169.0 0.2571E-02
0.2697 -0.3834
-0.8909E-01 -0.3193E-01
170.0 0.2537E-02
0.2423 -0.3909
-0.7973E-01 -0.3061E-01
171.0 0.2506E-02
0.2129 -0.3943
-0.7023E-01 -0.2832E-01
172.0 0.2479E-02
0.1825 -0.3940
-0.6079E-01 -0.2517E-01
173.0 0.2456E-02
0.1526 -0.3905
-0.5159E-01 -0.2134E-01
174.0 0.2437E-02
0.1240 -0.3847
-0.4278E-01 -0.1711E-01
175.0 0.2423E-02
0.9763E-01 -0.3775
-0.3448E-01 -0.1278E-01
176.0 0.2411E-02
0.7378E-01 -0.3700
-0.2672E-01 -0.8670E-02
177.0 0.2403E-02
0.5253E-01 -0.3630
-0.1949E-01 -0.5101E-02
178.0 0.2398E-02
0.3358E-01 -0.3574
-0.1271E-01 -0.2341E-02
179.0 0.2395E-02
0.1634E-01 -0.3537
-0.6269E-02 -0.5964E-03
180.0 0.2394E-02
0.000 -0.3525
0.000 0.000
