0.000 18.37
0.000 0.7071
0.000 0.000
1.000 18.86
-0.6761E-01 0.6552
0.1745 0.1890E-01
2.000 20.19
-0.1197 0.5218
0.3083 0.6744E-01
3.000 22.06
-0.1501 0.3534
0.3856 0.1286
4.000 23.99
-0.1618 0.1883
0.4138 0.1883
5.000 25.47
-0.1605 0.4465E-01
0.4082 0.2399
6.000 26.07
-0.1517 -0.7339E-01
0.3823 0.2819
7.000 25.48
-0.1385 -0.1685
0.3450 0.3152
8.000 23.62
-0.1229 -0.2450
0.3009 0.3414
9.000 20.63
-0.1056 -0.3071
0.2516 0.3620
10.00 16.87
-0.8659E-01 -0.3579
0.1967 0.3781
11.00 12.78
-0.6507E-01 -0.3986
0.1333 0.3903
12.00 8.853
-0.3970E-01 -0.4269
0.5572E-01 0.3980
13.00 5.508
-0.8530E-02 -0.4315
-0.4635E-01 0.3988
14.00 3.020
0.2882E-01 -0.3728
-0.1885 0.3839
15.00 1.488
0.5492E-01 -0.1278
-0.3621 0.3284
16.00 0.8360
-0.1895E-01 0.4332
-0.3461 0.2170
17.00 0.8586
-0.1789 0.6398
0.5577E-01 0.1988
18.00 1.282
-0.2224 0.3543
0.2822 0.2737
19.00 1.833
-0.2058 0.1055
0.3156 0.3315
20.00 2.292
-0.1802 -0.5056E-01
0.2906 0.3677
21.00 2.527
-0.1554 -0.1499
0.2498 0.3925
22.00 2.498
-0.1316 -0.2155
0.2032 0.4116
23.00 2.238
-0.1075 -0.2580
0.1518 0.4281
24.00 1.828
-0.8146E-01 -0.2799
0.9376E-01 0.4439
25.00 1.365
-0.5199E-01 -0.2765
0.2603E-01 0.4602
26.00 0.9304
-0.1799E-01 -0.2332
-0.5493E-01 0.4778
27.00 0.5823
0.1854E-01 -0.1177
-0.1488 0.4959
28.00 0.3449
0.4348E-01 0.1216
-0.2340 0.5085
29.00 0.2152
0.1459E-01 0.4779
-0.2265 0.4972
30.00 0.1714
-0.9417E-01 0.6747
-0.4202E-01 0.4500
31.00 0.1832
-0.1915 0.4970
0.1659 0.4058
32.00 0.2204
-0.2187 0.2011
0.2517 0.3902
33.00 0.2589
-0.2045 -0.3415E-01
0.2500 0.3910
34.00 0.2833
-0.1743 -0.1962
0.2090 0.3968
35.00 0.2866
-0.1382 -0.3051
0.1497 0.4025
36.00 0.2692
-0.9915E-01 -0.3752
0.7819E-01 0.4061
37.00 0.2360
-0.5880E-01 -0.4113
-0.4882E-02 0.4055
38.00 0.1942
-0.1957E-01 -0.4101
-0.1008 0.3983
39.00 0.1511
0.1263E-01 -0.3596
-0.2094 0.3799
40.00 0.1127
0.2454E-01 -0.2413
-0.3227 0.3434
41.00 0.8317E-01
-0.8075E-02 -0.4155E-01
-0.4128 0.2813
42.00 0.6405E-01
-0.1110 0.2067
-0.4217 0.1960
43.00 0.5501E-01
-0.2706 0.3833
-0.3001 0.1157
44.00 0.5421E-01
-0.4122 0.3706
-0.9250E-01 0.7858E-01
45.00 0.5895E-01
-0.4772 0.1984
0.9460E-01 0.8828E-01
46.00 0.6637E-01
-0.4728 -0.2609E-01
0.2090 0.1199
47.00 0.7391E-01
-0.4303 -0.2364
0.2585 0.1535
48.00 0.7967E-01
-0.3717 -0.4136
0.2647 0.1807
49.00 0.8247E-01
-0.3080 -0.5588
0.2441 0.1996
50.00 0.8192E-01
-0.2440 -0.6779
0.2059 0.2103
51.00 0.7820E-01
-0.1823 -0.7760
0.1547 0.2132
52.00 0.7197E-01
-0.1250 -0.8568
0.9246E-01 0.2084
53.00 0.6410E-01
-0.7511E-01 -0.9226
0.2019E-01 0.1959
54.00 0.5558E-01
-0.3717E-01 -0.9744
-0.6103E-01 0.1756
55.00 0.4732E-01
-0.1759E-01 -1.013
-0.1481 0.1477
56.00 0.4009E-01
-0.2368E-01 -1.039
-0.2334 0.1142
57.00 0.3441E-01
-0.5976E-01 -1.056
-0.3028 0.7983E-01
58.00 0.3057E-01
-0.1202 -1.067
-0.3378 0.5265E-01
59.00 0.2864E-01
-0.1846 -1.079
-0.3252 0.4072E-01
60.00 0.2846E-01
-0.2255 -1.094
-0.2691 0.4657E-01
61.00 0.2974E-01
-0.2253 -1.111
-0.1901 0.6508E-01
62.00 0.3212E-01
-0.1838 -1.123
-0.1110 0.8760E-01
63.00 0.3520E-01
-0.1123 -1.127
-0.4588E-01 0.1073
64.00 0.3863E-01
-0.2400E-01 -1.117
0.9475E-03 0.1206
65.00 0.4212E-01
0.7094E-01 -1.093
0.3058E-01 0.1269
66.00 0.4542E-01
0.1655 -1.053
0.4608E-01 0.1266
67.00 0.4838E-01
0.2551 -0.9985
0.5067E-01 0.1209
68.00 0.5090E-01
0.3367 -0.9300
0.4710E-01 0.1109
69.00 0.5293E-01
0.4082 -0.8496
0.3754E-01 0.9806E-01
70.00 0.5444E-01
0.4682 -0.7595
0.2367E-01 0.8349E-01
71.00 0.5545E-01
0.5161 -0.6628
0.6787E-02 0.6836E-01
72.00 0.5598E-01
0.5516 -0.5629
-0.1210E-01 0.5373E-01
73.00 0.5608E-01
0.5753 -0.4630
-0.3215E-01 0.4053E-01
74.00 0.5579E-01
0.5882 -0.3665
-0.5258E-01 0.2956E-01
75.00 0.5516E-01
0.5918 -0.2760
-0.7268E-01 0.2142E-01
76.00 0.5426E-01
0.5879 -0.1936
-0.9168E-01 0.1655E-01
77.00 0.5315E-01
0.5784 -0.1206
-0.1089 0.1513E-01
78.00 0.5188E-01
0.5653 -0.5719E-01
-0.1235 0.1712E-01
79.00 0.5051E-01
0.5502 -0.3127E-02
-0.1350 0.2226E-01
80.00 0.4912E-01
0.5345 0.4261E-01
-0.1429 0.3003E-01
81.00 0.4776E-01
0.5194 0.8144E-01
-0.1470 0.3979E-01
82.00 0.4650E-01
0.5053 0.1150
-0.1471 0.5077E-01
83.00 0.4539E-01
0.4926 0.1451
-0.1437 0.6220E-01
84.00 0.4447E-01
0.4811 0.1733
-0.1371 0.7338E-01
85.00 0.4375E-01
0.4704 0.2008
-0.1283 0.8380E-01
86.00 0.4322E-01
0.4599 0.2285
-0.1182 0.9313E-01
87.00 0.4285E-01
0.4491 0.2567
-0.1079 0.1013
88.00 0.4255E-01
0.4378 0.2852
-0.9848E-01 0.1085
89.00 0.4227E-01
0.4258 0.3135
-0.9067E-01 0.1150
90.00 0.4190E-01
0.4130 0.3408
-0.8501E-01 0.1212
91.00 0.4136E-01
0.3997 0.3665
-0.8166E-01 0.1276
92.00 0.4060E-01
0.3862 0.3899
-0.8056E-01 0.1347
93.00 0.3957E-01
0.3726 0.4108
-0.8142E-01 0.1428
94.00 0.3824E-01
0.3592 0.4291
-0.8386E-01 0.1523
95.00 0.3662E-01
0.3460 0.4447
-0.8751E-01 0.1633
96.00 0.3475E-01
0.3333 0.4579
-0.9202E-01 0.1758
97.00 0.3267E-01
0.3209 0.4688
-0.9719E-01 0.1898
98.00 0.3044E-01
0.3091 0.4774
-0.1029 0.2052
99.00 0.2815E-01
0.2979 0.4839
-0.1090 0.2216
100.0 0.2586E-01
0.2874 0.4881
-0.1156 0.2389
101.0 0.2364E-01
0.2777 0.4897
-0.1227 0.2569
102.0 0.2156E-01
0.2689 0.4886
-0.1299 0.2755
103.0 0.1964E-01
0.2612 0.4846
-0.1371 0.2947
104.0 0.1792E-01
0.2546 0.4775
-0.1439 0.3146
105.0 0.1640E-01
0.2490 0.4675
-0.1496 0.3354
106.0 0.1507E-01
0.2440 0.4552
-0.1537 0.3573
107.0 0.1391E-01
0.2395 0.4410
-0.1557 0.3804
108.0 0.1290E-01
0.2350 0.4258
-0.1550 0.4047
109.0 0.1201E-01
0.2302 0.4105
-0.1513 0.4302
110.0 0.1122E-01
0.2248 0.3959
-0.1445 0.4564
111.0 0.1049E-01
0.2187 0.3829
-0.1348 0.4828
112.0 0.9798E-02
0.2120 0.3718
-0.1225 0.5086
113.0 0.9136E-02
0.2049 0.3629
-0.1082 0.5329
114.0 0.8486E-02
0.1976 0.3561
-0.9263E-01 0.5548
115.0 0.7841E-02
0.1908 0.3507
-0.7646E-01 0.5736
116.0 0.7196E-02
0.1847 0.3457
-0.6041E-01 0.5886
117.0 0.6555E-02
0.1797 0.3401
-0.4499E-01 0.5995
118.0 0.5926E-02
0.1760 0.3323
-0.3042E-01 0.6063
119.0 0.5318E-02
0.1735 0.3213
-0.1661E-01 0.6094
120.0 0.4744E-02
0.1717 0.3059
-0.3037E-02 0.6091
121.0 0.4219E-02
0.1699 0.2860
0.1116E-01 0.6063
122.0 0.3754E-02
0.1668 0.2622
0.2711E-01 0.6018
123.0 0.3358E-02
0.1612 0.2367
0.4595E-01 0.5963
124.0 0.3036E-02
0.1519 0.2127
0.6846E-01 0.5904
125.0 0.2789E-02
0.1383 0.1943
0.9466E-01 0.5840
126.0 0.2609E-02
0.1209 0.1849
0.1236 0.5764
127.0 0.2487E-02
0.1015 0.1859
0.1537 0.5666
128.0 0.2407E-02
0.8188E-01 0.1962
0.1831 0.5533
129.0 0.2350E-02
0.6400E-01 0.2124
0.2106 0.5355
130.0 0.2299E-02
0.4885E-01 0.2307
0.2358 0.5128
131.0 0.2234E-02
0.3646E-01 0.2473
0.2593 0.4848
132.0 0.2143E-02
0.2610E-01 0.2594
0.2819 0.4516
133.0 0.2018E-02
0.1641E-01 0.2650
0.3050 0.4128
134.0 0.1858E-02
0.5545E-02 0.2630
0.3299 0.3679
135.0 0.1670E-02
-0.8833E-02 0.2527
0.3575 0.3162
136.0 0.1468E-02
-0.2962E-01 0.2342
0.3881 0.2570
137.0 0.1269E-02
-0.6009E-01 0.2097
0.4204 0.1907
138.0 0.1093E-02
-0.1029 0.1842
0.4495 0.1204
139.0 0.9550E-03
-0.1576 0.1674
0.4666 0.5456E-01
140.0 0.8663E-03
-0.2177 0.1715
0.4607 0.6349E-02
141.0 0.8299E-03
-0.2706 0.2035
0.4263 -0.1284E-01
142.0 0.8410E-03
-0.3054 0.2575
0.3707 -0.3248E-02
143.0 0.8873E-03
-0.3205 0.3183
0.3092 0.2267E-01
144.0 0.9522E-03
-0.3224 0.3721
0.2549 0.4999E-01
145.0 0.1017E-02
-0.3198 0.4117
0.2138 0.6893E-01
146.0 0.1065E-02
-0.3194 0.4351
0.1865 0.7544E-01
147.0 0.1085E-02
-0.3254 0.4423
0.1709 0.6892E-01
148.0 0.1072E-02
-0.3407 0.4334
0.1642 0.5037E-01
149.0 0.1028E-02
-0.3666 0.4075
0.1631 0.2200E-01
150.0 0.9634E-03
-0.4031 0.3641
0.1633 -0.1191E-01
151.0 0.8938E-03
-0.4467 0.3044
0.1588 -0.4344E-01
152.0 0.8362E-03
-0.4890 0.2359
0.1425 -0.6016E-01
153.0 0.8065E-03
-0.5166 0.1742
0.1092 -0.4829E-01
154.0 0.8154E-03
-0.5175 0.1388
0.6066E-01 -0.1907E-02
155.0 0.8660E-03
-0.4907 0.1402
0.6950E-02 0.6977E-01
156.0 0.9524E-03
-0.4469 0.1731
-0.3975E-01 0.1479
157.0 0.1060E-02
-0.4000 0.2228
-0.7237E-01 0.2171
158.0 0.1170E-02
-0.3592 0.2758
-0.8979E-01 0.2706
159.0 0.1260E-02
-0.3282 0.3237
-0.9390E-01 0.3090
160.0 0.1310E-02
-0.3071 0.3625
-0.8694E-01 0.3354
161.0 0.1309E-02
-0.2945 0.3896
-0.7055E-01 0.3535
162.0 0.1254E-02
-0.2887 0.4021
-0.4582E-01 0.3668
163.0 0.1153E-02
-0.2879 0.3945
-0.1420E-01 0.3783
164.0 0.1024E-02
-0.2895 0.3585
0.2066E-01 0.3907
165.0 0.8919E-03
-0.2903 0.2830
0.4940E-01 0.4054
166.0 0.7845E-03
-0.2853 0.1636
0.5337E-01 0.4205
167.0 0.7271E-03
-0.2700 0.2147E-01
0.9158E-02 0.4281
168.0 0.7390E-03
-0.2449 -0.8640E-01
-0.8814E-01 0.4166
169.0 0.8306E-03
-0.2176 -0.1078
-0.2063 0.3822
170.0 0.1002E-02
-0.1957 -0.4518E-01
-0.3031 0.3332
171.0 0.1244E-02
-0.1802 0.6279E-01
-0.3604 0.2805
172.0 0.1539E-02
-0.1685 0.1825
-0.3816 0.2297
173.0 0.1865E-02
-0.1572 0.2968
-0.3761 0.1827
174.0 0.2199E-02
-0.1442 0.3992
-0.3514 0.1398
175.0 0.2517E-02
-0.1282 0.4875
-0.3127 0.1011
176.0 0.2801E-02
-0.1087 0.5610
-0.2632 0.6716E-01
177.0 0.3034E-02
-0.8542E-01 0.6193
-0.2052 0.3903E-01
178.0 0.3207E-02
-0.5897E-01 0.6616
-0.1405 0.1778E-01
179.0 0.3313E-02
-0.3012E-01 0.6873
-0.7143E-01 0.4516E-02
180.0 0.3349E-02
0.000 0.6960
0.000 0.000
