0.000 0.2709
0.000 0.5996E-01
0.000 0.000
1.000 0.2651
0.1641E-01 0.4600E-01
0.6976E-02 0.1624E-01
2.000 0.2505
0.1192E-01 -0.9016E-04
0.1088E-01 0.6528E-01
3.000 0.2357
-0.3690E-01 -0.8648E-01
0.6033E-02 0.1425
4.000 0.2328
-0.1424 -0.2069
-0.1533E-01 0.2236
5.000 0.2554
-0.2735 -0.3187
-0.5401E-01 0.2622
6.000 0.3138
-0.3662 -0.3717
-0.9663E-01 0.2346
7.000 0.4112
-0.3932 -0.3641
-0.1292 0.1672
8.000 0.5402
-0.3739 -0.3266
-0.1494 0.9553E-01
9.000 0.6824
-0.3342 -0.2841
-0.1610 0.3565E-01
10.00 0.8117
-0.2892 -0.2477
-0.1684 -0.1032E-01
11.00 0.9010
-0.2447 -0.2209
-0.1742 -0.4507E-01
12.00 0.9302
-0.2022 -0.2044
-0.1805 -0.7224E-01
13.00 0.8926
-0.1610 -0.1981
-0.1892 -0.9556E-01
14.00 0.7974
-0.1196 -0.2014
-0.2024 -0.1194
15.00 0.6669
-0.7606E-01 -0.2121
-0.2230 -0.1497
16.00 0.5302
-0.2978E-01 -0.2232
-0.2542 -0.1948
17.00 0.4139
0.1514E-01 -0.2169
-0.2968 -0.2634
18.00 0.3350
0.4531E-01 -0.1650
-0.3415 -0.3523
19.00 0.2975
0.4409E-01 -0.5434E-01
-0.3674 -0.4325
20.00 0.2930
0.1269E-01 0.8320E-01
-0.3611 -0.4680
21.00 0.3059
-0.2925E-01 0.2019
-0.3324 -0.4547
22.00 0.3192
-0.6675E-01 0.2860
-0.2982 -0.4122
23.00 0.3199
-0.9633E-01 0.3417
-0.2672 -0.3557
24.00 0.3024
-0.1196 0.3779
-0.2413 -0.2906
25.00 0.2681
-0.1387 0.3994
-0.2192 -0.2164
26.00 0.2236
-0.1537 0.4050
-0.1986 -0.1306
27.00 0.1773
-0.1612 0.3882
-0.1762 -0.3273E-01
28.00 0.1367
-0.1515 0.3368
-0.1469 0.6860E-01
29.00 0.1066
-0.1074 0.2410
-0.1062 0.1460
30.00 0.8837E-01
-0.1467E-01 0.1122
-0.5526E-01 0.1560
31.00 0.8103E-01
0.1156 -0.5297E-02
-0.7142E-02 0.7802E-01
32.00 0.8177E-01
0.2469 -0.6977E-01
0.2275E-01 -0.4979E-01
33.00 0.8732E-01
0.3517 -0.8052E-01
0.3036E-01 -0.1696
34.00 0.9469E-01
0.4268 -0.6202E-01
0.2086E-01 -0.2525
35.00 0.1016
0.4790 -0.3632E-01
0.2358E-03 -0.2970
36.00 0.1068
0.5145 -0.1594E-01
-0.2772E-01 -0.3113
37.00 0.1094
0.5362 -0.6940E-02
-0.6083E-01 -0.3038
38.00 0.1095
0.5444 -0.1215E-01
-0.9759E-01 -0.2812
39.00 0.1072
0.5384 -0.3283E-01
-0.1367 -0.2485
40.00 0.1031
0.5174 -0.6922E-01
-0.1765 -0.2098
41.00 0.9760E-01
0.4814 -0.1205
-0.2157 -0.1683
42.00 0.9129E-01
0.4313 -0.1848
-0.2525 -0.1269
43.00 0.8460E-01
0.3698 -0.2589
-0.2855 -0.8790E-01
44.00 0.7791E-01
0.3006 -0.3387
-0.3134 -0.5308E-01
45.00 0.7149E-01
0.2286 -0.4193
-0.3355 -0.2371E-01
46.00 0.6552E-01
0.1589 -0.4961
-0.3516 -0.4492E-03
47.00 0.6012E-01
0.9609E-01 -0.5654
-0.3623 0.1663E-01
48.00 0.5535E-01
0.4356E-01 -0.6249
-0.3691 0.2788E-01
49.00 0.5124E-01
0.3252E-02 -0.6736
-0.3734 0.3390E-01
50.00 0.4780E-01
-0.2453E-01 -0.7121
-0.3771 0.3533E-01
51.00 0.4503E-01
-0.4090E-01 -0.7416
-0.3815 0.3277E-01
52.00 0.4294E-01
-0.4793E-01 -0.7635
-0.3872 0.2675E-01
53.00 0.4151E-01
-0.4819E-01 -0.7794
-0.3936 0.1779E-01
54.00 0.4069E-01
-0.4410E-01 -0.7909
-0.3997 0.6473E-02
55.00 0.4044E-01
-0.3750E-01 -0.7992
-0.4038 -0.6472E-02
56.00 0.4065E-01
-0.2938E-01 -0.8053
-0.4046 -0.2024E-01
57.00 0.4122E-01
-0.1999E-01 -0.8100
-0.4014 -0.3403E-01
58.00 0.4201E-01
-0.9067E-02 -0.8134
-0.3942 -0.4716E-01
59.00 0.4288E-01
0.3769E-02 -0.8157
-0.3834 -0.5914E-01
60.00 0.4372E-01
0.1882E-01 -0.8165
-0.3699 -0.6972E-01
61.00 0.4442E-01
0.3618E-01 -0.8152
-0.3544 -0.7881E-01
62.00 0.4491E-01
0.5579E-01 -0.8113
-0.3376 -0.8645E-01
63.00 0.4518E-01
0.7743E-01 -0.8042
-0.3198 -0.9278E-01
64.00 0.4522E-01
0.1008 -0.7937
-0.3016 -0.9794E-01
65.00 0.4506E-01
0.1255 -0.7793
-0.2831 -0.1020
66.00 0.4474E-01
0.1510 -0.7613
-0.2647 -0.1051
67.00 0.4429E-01
0.1766 -0.7398
-0.2467 -0.1071
68.00 0.4373E-01
0.2013 -0.7154
-0.2295 -0.1080
69.00 0.4308E-01
0.2243 -0.6891
-0.2134 -0.1074
70.00 0.4233E-01
0.2446 -0.6618
-0.1985 -0.1053
71.00 0.4149E-01
0.2612 -0.6347
-0.1847 -0.1015
72.00 0.4055E-01
0.2738 -0.6087
-0.1719 -0.9601E-01
73.00 0.3954E-01
0.2820 -0.5846
-0.1597 -0.8893E-01
74.00 0.3846E-01
0.2859 -0.5629
-0.1477 -0.8056E-01
75.00 0.3735E-01
0.2862 -0.5441
-0.1354 -0.7126E-01
76.00 0.3622E-01
0.2833 -0.5284
-0.1226 -0.6147E-01
77.00 0.3510E-01
0.2779 -0.5157
-0.1090 -0.5161E-01
78.00 0.3399E-01
0.2708 -0.5058
-0.9450E-01 -0.4205E-01
79.00 0.3289E-01
0.2624 -0.4985
-0.7914E-01 -0.3308E-01
80.00 0.3179E-01
0.2532 -0.4934
-0.6302E-01 -0.2493E-01
81.00 0.3070E-01
0.2439 -0.4898
-0.4635E-01 -0.1779E-01
82.00 0.2962E-01
0.2348 -0.4873
-0.2948E-01 -0.1172E-01
83.00 0.2854E-01
0.2266 -0.4850
-0.1290E-01 -0.6722E-02
84.00 0.2747E-01
0.2196 -0.4823
0.2713E-02 -0.2600E-02
85.00 0.2641E-01
0.2141 -0.4787
0.1663E-01 0.9846E-03
86.00 0.2536E-01
0.2102 -0.4739
0.2813E-01 0.4506E-02
87.00 0.2428E-01
0.2074 -0.4681
0.3670E-01 0.8476E-02
88.00 0.2318E-01
0.2052 -0.4614
0.4208E-01 0.1334E-01
89.00 0.2204E-01
0.2028 -0.4545
0.4432E-01 0.1938E-01
90.00 0.2086E-01
0.1995 -0.4480
0.4376E-01 0.2666E-01
91.00 0.1963E-01
0.1946 -0.4428
0.4102E-01 0.3504E-01
92.00 0.1838E-01
0.1877 -0.4396
0.3683E-01 0.4421E-01
93.00 0.1712E-01
0.1784 -0.4392
0.3203E-01 0.5377E-01
94.00 0.1587E-01
0.1670 -0.4421
0.2748E-01 0.6326E-01
95.00 0.1466E-01
0.1536 -0.4487
0.2401E-01 0.7225E-01
96.00 0.1350E-01
0.1387 -0.4593
0.2231E-01 0.8041E-01
97.00 0.1240E-01
0.1230 -0.4739
0.2287E-01 0.8755E-01
98.00 0.1139E-01
0.1074 -0.4922
0.2584E-01 0.9367E-01
99.00 0.1045E-01
0.9272E-01 -0.5134
0.3100E-01 0.9905E-01
100.0 0.9602E-02
0.7953E-01 -0.5365
0.3770E-01 0.1042
101.0 0.8824E-02
0.6820E-01 -0.5601
0.4496E-01 0.1097
102.0 0.8113E-02
0.5864E-01 -0.5829
0.5166E-01 0.1164
103.0 0.7459E-02
0.5027E-01 -0.6034
0.5674E-01 0.1249
104.0 0.6851E-02
0.4207E-01 -0.6206
0.5934E-01 0.1355
105.0 0.6283E-02
0.3266E-01 -0.6335
0.5902E-01 0.1483
106.0 0.5750E-02
0.2042E-01 -0.6413
0.5581E-01 0.1630
107.0 0.5246E-02
0.3583E-02 -0.6434
0.5030E-01 0.1787
108.0 0.4773E-02
-0.1949E-01 -0.6396
0.4376E-01 0.1945
109.0 0.4330E-02
-0.5009E-01 -0.6297
0.3813E-01 0.2092
110.0 0.3923E-02
-0.8871E-01 -0.6140
0.3601E-01 0.2212
111.0 0.3558E-02
-0.1345 -0.5932
0.4042E-01 0.2288
112.0 0.3240E-02
-0.1848 -0.5690
0.5421E-01 0.2305
113.0 0.2977E-02
-0.2349 -0.5439
0.7913E-01 0.2249
114.0 0.2770E-02
-0.2787 -0.5211
0.1146 0.2117
115.0 0.2619E-02
-0.3107 -0.5037
0.1573 0.1918
116.0 0.2515E-02
-0.3284 -0.4936
0.2015 0.1676
117.0 0.2447E-02
-0.3329 -0.4907
0.2409 0.1415
118.0 0.2402E-02
-0.3290 -0.4931
0.2706 0.1159
119.0 0.2366E-02
-0.3231 -0.4978
0.2882 0.9168E-01
120.0 0.2327E-02
-0.3217 -0.5015
0.2934 0.6859E-01
121.0 0.2279E-02
-0.3299 -0.5011
0.2875 0.4554E-01
122.0 0.2219E-02
-0.3512 -0.4937
0.2728 0.2093E-01
123.0 0.2148E-02
-0.3870 -0.4768
0.2518 -0.6964E-02
124.0 0.2071E-02
-0.4364 -0.4482
0.2279 -0.3964E-01
125.0 0.1993E-02
-0.4954 -0.4062
0.2050 -0.7806E-01
126.0 0.1923E-02
-0.5568 -0.3509
0.1871 -0.1223
127.0 0.1866E-02
-0.6103 -0.2843
0.1783 -0.1710
128.0 0.1828E-02
-0.6448 -0.2113
0.1814 -0.2215
129.0 0.1813E-02
-0.6510 -0.1394
0.1972 -0.2698
130.0 0.1822E-02
-0.6253 -0.7663E-01
0.2233 -0.3113
131.0 0.1852E-02
-0.5712 -0.2948E-01
0.2556 -0.3428
132.0 0.1898E-02
-0.4982 -0.1112E-02
0.2886 -0.3626
133.0 0.1950E-02
-0.4188 0.9117E-02
0.3176 -0.3714
134.0 0.2000E-02
-0.3446 0.4726E-02
0.3392 -0.3713
135.0 0.2040E-02
-0.2848 -0.9250E-02
0.3517 -0.3654
136.0 0.2064E-02
-0.2454 -0.2740E-01
0.3544 -0.3571
137.0 0.2067E-02
-0.2292 -0.4462E-01
0.3477 -0.3496
138.0 0.2048E-02
-0.2367 -0.5639E-01
0.3321 -0.3455
139.0 0.2008E-02
-0.2664 -0.5890E-01
0.3085 -0.3472
140.0 0.1948E-02
-0.3146 -0.4915E-01
0.2777 -0.3562
141.0 0.1872E-02
-0.3761 -0.2512E-01
0.2407 -0.3734
142.0 0.1785E-02
-0.4436 0.1383E-01
0.1988 -0.3990
143.0 0.1693E-02
-0.5081 0.6636E-01
0.1539 -0.4317
144.0 0.1604E-02
-0.5582 0.1284
0.1093 -0.4691
145.0 0.1526E-02
-0.5817 0.1926
0.6919E-01 -0.5069
146.0 0.1468E-02
-0.5680 0.2487
0.3909E-01 -0.5392
147.0 0.1437E-02
-0.5124 0.2861
0.2403E-01 -0.5600
148.0 0.1435E-02
-0.4197 0.2973
0.2670E-01 -0.5649
149.0 0.1463E-02
-0.3047 0.2812
0.4579E-01 -0.5531
150.0 0.1519E-02
-0.1867 0.2438
0.7622E-01 -0.5278
151.0 0.1595E-02
-0.8404E-01 0.1946
0.1110 -0.4941
152.0 0.1685E-02
-0.9034E-02 0.1432
0.1431 -0.4577
153.0 0.1782E-02
0.3237E-01 0.9665E-01
0.1675 -0.4226
154.0 0.1877E-02
0.3935E-01 0.5850E-01
0.1804 -0.3915
155.0 0.1967E-02
0.1435E-01 0.2914E-01
0.1800 -0.3651
156.0 0.2048E-02
-0.3830E-01 0.6697E-02
0.1654 -0.3432
157.0 0.2118E-02
-0.1130 -0.1213E-01
0.1368 -0.3247
158.0 0.2179E-02
-0.2030 -0.3126E-01
0.9541E-01 -0.3083
159.0 0.2236E-02
-0.3001 -0.5460E-01
0.4340E-01 -0.2924
160.0 0.2293E-02
-0.3950 -0.8536E-01
-0.1569E-01 -0.2755
161.0 0.2357E-02
-0.4773 -0.1254
-0.7716E-01 -0.2565
162.0 0.2433E-02
-0.5374 -0.1746
-0.1357 -0.2346
163.0 0.2524E-02
-0.5679 -0.2311
-0.1863 -0.2101
164.0 0.2630E-02
-0.5656 -0.2912
-0.2251 -0.1837
165.0 0.2746E-02
-0.5318 -0.3511
-0.2503 -0.1563
166.0 0.2864E-02
-0.4713 -0.4072
-0.2622 -0.1292
167.0 0.2972E-02
-0.3910 -0.4573
-0.2624 -0.1032
168.0 0.3056E-02
-0.2980 -0.5003
-0.2531 -0.7918E-01
169.0 0.3104E-02
-0.1983 -0.5361
-0.2367 -0.5743E-01
170.0 0.3108E-02
-0.9686E-01 -0.5651
-0.2153 -0.3828E-01
171.0 0.3062E-02
0.2305E-02 -0.5882
-0.1905 -0.2196E-01
172.0 0.2968E-02
0.9555E-01 -0.6061
-0.1635 -0.8663E-02
173.0 0.2831E-02
0.1789 -0.6198
-0.1355 0.1385E-02
174.0 0.2662E-02
0.2475 -0.6304
-0.1077 0.8024E-02
175.0 0.2475E-02
0.2948 -0.6385
-0.8113E-01 0.1121E-01
176.0 0.2287E-02
0.3127 -0.6449
-0.5712E-01 0.1118E-01
177.0 0.2117E-02
0.2929 -0.6497
-0.3683E-01 0.8611E-02
178.0 0.1981E-02
0.2301 -0.6532
-0.2096E-01 0.4762E-02
179.0 0.1893E-02
0.1274 -0.6554
-0.9203E-02 0.1357E-02
180.0 0.1862E-02
0.000 -0.6561
0.000 0.000
