0 0.08756645256
0.5 0.08751018543
1 0.0873423712
1.5 0.08706202272
2 0.08666913999
2.5 0.0861656973
3 0.08554972036
3.5 0.08482515774
4 0.08399102231
4.5 0.08305027547
5 0.08200489153
5.5 0.08085881905
6 0.07961501946
6.5 0.07827842847
7 0.07685595609
7.5 0.07535352515
8 0.07378001996
8.5 0.07214432478
9 0.07045532391
9.5 0.0687258502
10 0.06696577506
10.5 0.06518891851
11 0.06340811338
11.5 0.06163717968
12 0.05988895025
12.5 0.05817823225
13 0.05651884565
13.5 0.05492263618
14 0.05340441096
14.5 0.05197404143
15 0.05064238616
15.5 0.0494203037
16 0.04831470407
16.5 0.04733249725
17 0.04647763182
17.5 0.04575405634
18 0.04516275797
18.5 0.0447017624
19 0.04437008251
19.5 0.04416179544
20 0.04406999118
20.5 0.04408874689
21 0.04420720399
21.5 0.04441351678
22 0.04469781383
22.5 0.045045288
23 0.04544310644
23.5 0.04587646202
24 0.04633153472
24.5 0.04679253029
25 0.04724661585
25.5 0.04767799714
26 0.04807384129
26.5 0.04842328975
27 0.04871252251
27.5 0.04893166815
28 0.04907282953
28.5 0.04912712237
29 0.04908862381
29.5 0.04895239814
30 0.04871548394
30.5 0.04837491976
31 0.04793070562
31.5 0.04738382866
32 0.0467372503
32.5 0.04599393198
33 0.0451588094
33.5 0.04423681827
34 0.04323585574
34.5 0.04216184467
35 0.04102268219
35.5 0.03982823972
36 0.03858542728
36.5 0.03730411627
37 0.03599220385
37.5 0.03465956143
38 0.03331408616
38.5 0.03196367517
39 0.03061721276
39.5 0.02928160892
40 0.02796476078
40.5 0.02667160406
41 0.02540806162
41.5 0.02417906917
42 0.02299054956
42.5 0.02184546423
43 0.02074677459
43.5 0.01969645493
44 0.01869746669
44.5 0.017750797
45 0.01685743301
45.5 0.01601737472
46 0.01523062212
46.5 0.01449717522
47 0.01381505973
47.5 0.0131852628
48 0.01260383584
48.5 0.01207176602
49 0.01158609189
49.5 0.01114483918
50 0.0107460336
50.5 0.010388688
51 0.01006984097
51.5 0.009787320773
52 0.009540140283
52.5 0.009325831639
53 0.009142617985
53.5 0.008988722465
54 0.008862368221
54.5 0.008761877111
55 0.008685669707
55.5 0.008632166582
56 0.00860008445
56.5 0.008587745168
57 0.008594062881
57.5 0.008617556873
58 0.008657141288
58.5 0.008711434128
59 0.008779349534
59.5 0.008859702936
60 0.008951211049
60.5 0.009052886729
61 0.009163446693
61.5 0.009281805082
62 0.009406678613
62.5 0.009537178855
63 0.009671825097
63.5 0.009809728908
64 0.009949409577
64.5 0.01009057096
65 0.0102307452
65.5 0.01036993229
66 0.01050714511
66.5 0.01064040935
67 0.01076873788
67.5 0.01089213069
68 0.01100960066
68.5 0.01111917348
69 0.01122084916
69.5 0.01131364056
70 0.01139656053
70.5 0.01146960908
71 0.01153179905
71.5 0.01158214332
72 0.01162064188
72.5 0.01164729473
73 0.01166210187
73.5 0.01166407615
74 0.01165223044
74.5 0.01162853902
75 0.01159102761
75.5 0.01154167048
76 0.0114794805
76.5 0.01140445767
77 0.01131660198
77.5 0.01121788773
78 0.01110634062
78.5 0.01098492209
79 0.01085165785
79.5 0.01070852218
80 0.01055551509
80.5 0.01039362372
81 0.01022186092
81.5 0.01004318812
82 0.00985642075
82.5 0.009662743385
83 0.009462649594
83.5 0.009256731662
84 0.009045680589
84.5 0.008829989946
85 0.008610252018
85.5 0.008387157806
86 0.008161102166
86.5 0.007932874813
87 0.007702870603
87.5 0.007471681822
88 0.007239900756
88.5 0.007008020975
89 0.006776536051
89.5 0.00654603827
90 0.006317021203
90.5 0.006089879706
91 0.005865206066
91.5 0.005643296425
92 0.005424743068
92.5 0.005209842139
93 0.004998988495
93.5 0.004792675705
94 0.004591298629
94.5 0.004395054694
95 0.004204240042
95.5 0.004019348246
96 0.003840576734
96.5 0.003668122933
97 0.003502381702
97.5 0.003343451755
98 0.003191629233
98.5 0.003046914138
99 0.002909701326
99.5 0.002779990798
100 0.002657881266
100.5 0.002543471447
101 0.002436860054
101.5 0.002337948372
102 0.002246933831
102.5 0.002163619001
103 0.002087905169
103.5 0.002019891048
104 0.001959280497
104.5 0.001905876086
105 0.001859677815
105.5 0.001820389543
106 0.001787813839
106.5 0.001761555848
107 0.00174141814
107.5 0.001727104573
108 0.001718319005
108.5 0.001714666577
109 0.001715851149
109.5 0.001721379147
110 0.001731053144
110.5 0.001744379568
111 0.001760963562
111.5 0.00178041027
112 0.001802423549
112.5 0.001826509826
113 0.001852372961
113.5 0.00187951938
114 0.001907652942
114.5 0.001936477504
115 0.001965598209
115.5 0.001994620199
116 0.002023247333
116.5 0.002051282181
117 0.0020784286
117.5 0.002104390449
118 0.002128871584
118.5 0.002151872005
119 0.002172996855
119.5 0.002192246134
120 0.002209521129
120.5 0.002224624409
121 0.002237457262
121.5 0.002248118402
122 0.002256410399
122.5 0.002262431968
123 0.00226618311
123.5 0.002267663824
124 0.00226687411
124.5 0.002264011396
125 0.002258878255
125.5 0.002251770829
126 0.002242689118
126.5 0.002231731836
127 0.002218997697
127.5 0.002204387987
128 0.00218819885
128.5 0.002170430284
129 0.002151181005
129.5 0.002130451012
130 0.002108339019
130.5 0.002084943741
131 0.002060166464
131.5 0.002034204615
132 0.002007058195
132.5 0.00197862849
133 0.001949112929
133.5 0.001918412796
134 0.001886429378
134.5 0.001853360103
135 0.001819007543
135.5 0.001783371698
136 0.001746551281
136.5 0.00170844758
137 0.001668961878
137.5 0.001628192892
138 0.001586041906
138.5 0.001542410206
139 0.001497495221
139.5 0.001451198236
140 0.001403617966
140.5 0.001354655696
141 0.001304410141
141.5 0.00125307873
142 0.001200562747
142.5 0.001147059622
143 0.001092668068
143.5 0.001037585515
144 0.0009819304191
144.5 0.0009258903376
145 0.0008696725704
145.5 0.0008134745461
146 0.0007575233074
146.5 0.0007020755114
147 0.0006473680723
147.5 0.0005936576471
148 0.0005412206358
148.5 0.0004903136955
149 0.0004412230974
149.5 0.0003942054986
150 0.0003495471705
150.5 0.0003074948986
151 0.0002683152115
151.5 0.0002322450234
152 0.0001995015056
152.5 0.000170311701
153 0.0001448434237
153.5 0.0001232941022
154 0.0001057821937
154.5 9.242812952e-05
155 8.332864967e-05
155.5 7.854002125e-05
156 7.809087139e-05
156.5 8.198120011e-05
157 9.017941884e-05
157.5 0.0001026233376
158 0.000119227075
158.5 0.0001398682253
159 0.0001643987172
159.5 0.0001926507365
160 0.000224436726
160.5 0.0002595197716
161 0.0002976827018
161.5 0.0003386589883
162 0.0003821821026
162.5 0.000427985516
163 0.0004757632146
163.5 0.0005252190554
164 0.0005760568958
164.5 0.0006279805929
165 0.0006806742613
165.5 0.0007338516295
166 0.0007872165547
166.5 0.0008404926371
167 0.0008934133483
167.5 0.0009457121596
168 0.0009971126712
168.5 0.001047555655
169 0.001096616638
169.5 0.001144196908
170 0.00119019775
170.5 0.001234421736
171 0.00127677015
171.5 0.00131714428
172 0.001355346696
172.5 0.001391377398
173 0.001425236387
173.5 0.001456824948
174 0.001486044367
174.5 0.001512993358
175 0.001537573207
175.5 0.001559882629
176 0.001579822908
176.5 0.00159729533
177 0.001612497325
177.5 0.001625428893
178 0.001635892603
178.5 0.001644085886
179 0.001649910027
179.5 0.001653365026
180 0.001654549597
