0.0000 0.88707E-01
0.50000 0.88650E-01
1.0000 0.88480E-01
1.5000 0.88196E-01
2.0000 0.87798E-01
2.5000 0.87288E-01
3.0000 0.86664E-01
3.5000 0.85930E-01
4.0000 0.85085E-01
4.5000 0.84132E-01
5.0000 0.83073E-01
5.5000 0.81912E-01
6.0000 0.80652E-01
6.5000 0.79298E-01
7.0000 0.77857E-01
7.5000 0.76335E-01
8.0000 0.74741E-01
8.5000 0.73084E-01
9.0000 0.71373E-01
9.5000 0.69621E-01
10.000 0.67838E-01
10.500 0.66038E-01
11.000 0.64234E-01
11.500 0.62440E-01
12.000 0.60669E-01
12.500 0.58936E-01
13.000 0.57255E-01
13.500 0.55638E-01
14.000 0.54100E-01
14.500 0.52651E-01
15.000 0.51302E-01
15.500 0.50064E-01
16.000 0.48944E-01
16.500 0.47949E-01
17.000 0.47083E-01
17.500 0.46350E-01
18.000 0.45751E-01
18.500 0.45284E-01
19.000 0.44948E-01
19.500 0.44737E-01
20.000 0.44644E-01
20.500 0.44663E-01
21.000 0.44783E-01
21.500 0.44992E-01
22.000 0.45280E-01
22.500 0.45632E-01
23.000 0.46035E-01
23.500 0.46474E-01
24.000 0.46935E-01
24.500 0.47402E-01
25.000 0.47862E-01
25.500 0.48299E-01
26.000 0.48700E-01
26.500 0.49054E-01
27.000 0.49347E-01
27.500 0.49569E-01
28.000 0.49712E-01
28.500 0.49767E-01
29.000 0.49728E-01
29.500 0.49590E-01
30.000 0.49350E-01
30.500 0.49005E-01
31.000 0.48555E-01
31.500 0.48001E-01
32.000 0.47346E-01
32.500 0.46593E-01
33.000 0.45747E-01
33.500 0.44813E-01
34.000 0.43799E-01
34.500 0.42711E-01
35.000 0.41557E-01
35.500 0.40347E-01
36.000 0.39088E-01
36.500 0.37790E-01
37.000 0.36461E-01
37.500 0.35111E-01
38.000 0.33748E-01
38.500 0.32380E-01
39.000 0.31016E-01
39.500 0.29663E-01
40.000 0.28329E-01
40.500 0.27019E-01
41.000 0.25739E-01
41.500 0.24494E-01
42.000 0.23290E-01
42.500 0.22130E-01
43.000 0.21017E-01
43.500 0.19953E-01
44.000 0.18941E-01
44.500 0.17982E-01
45.000 0.17077E-01
45.500 0.16226E-01
46.000 0.15429E-01
46.500 0.14686E-01
47.000 0.13995E-01
47.500 0.13357E-01
48.000 0.12768E-01
48.500 0.12229E-01
49.000 0.11737E-01
49.500 0.11290E-01
50.000 0.10886E-01
50.500 0.10524E-01
51.000 0.10201E-01
51.500 0.99148E-02
52.000 0.96644E-02
52.500 0.94473E-02
53.000 0.92617E-02
53.500 0.91058E-02
54.000 0.89778E-02
54.500 0.88760E-02
55.000 0.87988E-02
55.500 0.87446E-02
56.000 0.87121E-02
56.500 0.86996E-02
57.000 0.87060E-02
57.500 0.87298E-02
58.000 0.87699E-02
58.500 0.88249E-02
59.000 0.88937E-02
59.500 0.89751E-02
60.000 0.90678E-02
60.500 0.91708E-02
61.000 0.92828E-02
61.500 0.94027E-02
62.000 0.95292E-02
62.500 0.96614E-02
63.000 0.97978E-02
63.500 0.99375E-02
64.000 0.10079E-01
64.500 0.10222E-01
65.000 0.10364E-01
65.500 0.10505E-01
66.000 0.10644E-01
66.500 0.10779E-01
67.000 0.10909E-01
67.500 0.11034E-01
68.000 0.11153E-01
68.500 0.11264E-01
69.000 0.11367E-01
69.500 0.11461E-01
70.000 0.11545E-01
70.500 0.11619E-01
71.000 0.11682E-01
71.500 0.11733E-01
72.000 0.11772E-01
72.500 0.11799E-01
73.000 0.11814E-01
73.500 0.11816E-01
74.000 0.11804E-01
74.500 0.11780E-01
75.000 0.11742E-01
75.500 0.11692E-01
76.000 0.11629E-01
76.500 0.11553E-01
77.000 0.11464E-01
77.500 0.11364E-01
78.000 0.11251E-01
78.500 0.11128E-01
79.000 0.10993E-01
79.500 0.10848E-01
80.000 0.10693E-01
80.500 0.10529E-01
81.000 0.10355E-01
81.500 0.10174E-01
82.000 0.99848E-02
82.500 0.97886E-02
83.000 0.95859E-02
83.500 0.93773E-02
84.000 0.91635E-02
84.500 0.89450E-02
85.000 0.87224E-02
85.500 0.84964E-02
86.000 0.82674E-02
86.500 0.80362E-02
87.000 0.78032E-02
87.500 0.75690E-02
88.000 0.73342E-02
88.500 0.70993E-02
89.000 0.68648E-02
89.500 0.66313E-02
90.000 0.63993E-02
90.500 0.61692E-02
91.000 0.59416E-02
91.500 0.57168E-02
92.000 0.54954E-02
92.500 0.52777E-02
93.000 0.50641E-02
93.500 0.48551E-02
94.000 0.46511E-02
94.500 0.44523E-02
95.000 0.42590E-02
95.500 0.40717E-02
96.000 0.38906E-02
96.500 0.37159E-02
97.000 0.35480E-02
97.500 0.33870E-02
98.000 0.32332E-02
98.500 0.30866E-02
99.000 0.29476E-02
99.500 0.28162E-02
100.00 0.26925E-02
100.50 0.25766E-02
101.00 0.24686E-02
101.50 0.23684E-02
102.00 0.22762E-02
102.50 0.21918E-02
103.00 0.21151E-02
103.50 0.20462E-02
104.00 0.19848E-02
104.50 0.19307E-02
105.00 0.18839E-02
105.50 0.18441E-02
106.00 0.18111E-02
106.50 0.17845E-02
107.00 0.17641E-02
107.50 0.17496E-02
108.00 0.17407E-02
108.50 0.17370E-02
109.00 0.17382E-02
109.50 0.17438E-02
110.00 0.17536E-02
110.50 0.17671E-02
111.00 0.17839E-02
111.50 0.18036E-02
112.00 0.18259E-02
112.50 0.18503E-02
113.00 0.18765E-02
113.50 0.19040E-02
114.00 0.19325E-02
114.50 0.19617E-02
115.00 0.19912E-02
115.50 0.20206E-02
116.00 0.20496E-02
116.50 0.20780E-02
117.00 0.21055E-02
117.50 0.21318E-02
118.00 0.21566E-02
118.50 0.21799E-02
119.00 0.22013E-02
119.50 0.22208E-02
120.00 0.22383E-02
120.50 0.22536E-02
121.00 0.22666E-02
121.50 0.22774E-02
122.00 0.22858E-02
122.50 0.22919E-02
123.00 0.22957E-02
123.50 0.22972E-02
124.00 0.22964E-02
124.50 0.22935E-02
125.00 0.22883E-02
125.50 0.22811E-02
126.00 0.22719E-02
126.50 0.22608E-02
127.00 0.22479E-02
127.50 0.22331E-02
128.00 0.22167E-02
128.50 0.21987E-02
129.00 0.21792E-02
129.50 0.21582E-02
130.00 0.21358E-02
130.50 0.21121E-02
131.00 0.20870E-02
131.50 0.20607E-02
132.00 0.20332E-02
132.50 0.20044E-02
133.00 0.19745E-02
133.50 0.19434E-02
134.00 0.19110E-02
134.50 0.18775E-02
135.00 0.18427E-02
135.50 0.18066E-02
136.00 0.17693E-02
136.50 0.17307E-02
137.00 0.16907E-02
137.50 0.16494E-02
138.00 0.16067E-02
138.50 0.15625E-02
139.00 0.15170E-02
139.50 0.14701E-02
140.00 0.14219E-02
140.50 0.13723E-02
141.00 0.13214E-02
141.50 0.12694E-02
142.00 0.12162E-02
142.50 0.11620E-02
143.00 0.11069E-02
143.50 0.10511E-02
144.00 0.99472E-03
144.50 0.93795E-03
145.00 0.88100E-03
145.50 0.82407E-03
146.00 0.76739E-03
146.50 0.71122E-03
147.00 0.65580E-03
147.50 0.60139E-03
148.00 0.54827E-03
148.50 0.49670E-03
149.00 0.44697E-03
149.50 0.39934E-03
150.00 0.35410E-03
150.50 0.31150E-03
151.00 0.27181E-03
151.50 0.23527E-03
152.00 0.20210E-03
152.50 0.17253E-03
153.00 0.14673E-03
153.50 0.12490E-03
154.00 0.10716E-03
154.50 0.93632E-04
155.00 0.84414E-04
155.50 0.79563E-04
156.00 0.79108E-04
156.50 0.83049E-04
157.00 0.91354E-04
157.50 0.10396E-03
158.00 0.12078E-03
158.50 0.14169E-03
159.00 0.16654E-03
159.50 0.19516E-03
160.00 0.22736E-03
160.50 0.26290E-03
161.00 0.30156E-03
161.50 0.34307E-03
162.00 0.38716E-03
162.50 0.43356E-03
163.00 0.48196E-03
163.50 0.53206E-03
164.00 0.58356E-03
164.50 0.63616E-03
165.00 0.68954E-03
165.50 0.74341E-03
166.00 0.79747E-03
166.50 0.85144E-03
167.00 0.90505E-03
167.50 0.95803E-03
168.00 0.10101E-02
168.50 0.10612E-02
169.00 0.11109E-02
169.50 0.11591E-02
170.00 0.12057E-02
170.50 0.12505E-02
171.00 0.12934E-02
171.50 0.13343E-02
172.00 0.13730E-02
172.50 0.14095E-02
173.00 0.14438E-02
173.50 0.14758E-02
174.00 0.15054E-02
174.50 0.15327E-02
175.00 0.15576E-02
175.50 0.15802E-02
176.00 0.16004E-02
176.50 0.16181E-02
177.00 0.16335E-02
177.50 0.16466E-02
178.00 0.16572E-02
178.50 0.16655E-02
179.00 0.16714E-02
179.50 0.16749E-02
180.00 0.16761E-02
