0 0.09215328618
0.5 0.09209407172
1 0.09191746718
1.5 0.09162243372
2 0.09120897134
2.5 0.09067915773
3 0.09003091519
3.5 0.08926839913
4 0.0883905707
4.5 0.08740054644
5 0.08630040406
5.5 0.08509429896
6 0.08378534769
6.5 0.08237874449
7 0.08088176133
7.5 0.0793006313
8 0.07764470406
8.5 0.07592332925
9 0.07414585653
9.5 0.07232579095
10 0.07047352101
10.5 0.06860359062
11 0.06672950483
11.5 0.06486580754
12 0.0630260038
12.5 0.06122567638
13 0.05947936916
13.5 0.05779954836
14 0.05620179673
14.5 0.05469650277
15 0.05329509382
15.5 0.05200899725
16 0.05084548501
16.5 0.04981182905
17 0.04891218476
17.5 0.04815070755
18 0.04752843627
18.5 0.04704329322
19 0.04669423955
19.5 0.04647504215
20 0.04637842908
20.5 0.04639816723
21 0.04652282926
21.5 0.04673994896
22 0.04703913782
22.5 0.04740481309
23 0.04782346973
23.5 0.04827952498
24 0.04875843493
24.5 0.04924357798
25 0.04972144908
25.5 0.05017542662
26 0.05059200556
26.5 0.05095975854
27 0.05126414165
27.5 0.0514947664
28 0.05164332198
28.5 0.05170045874
29 0.05165994358
29.5 0.05151658225
30 0.0512672582
30.5 0.05090885488
31 0.05044137228
31.5 0.04986584926
32 0.04918540237
32.5 0.04840314815
33 0.04752428087
33.5 0.04655399477
34 0.04550060065
34.5 0.04437033161
35 0.04317149846
35.5 0.0419144897
36 0.04060657728
36.5 0.03925814969
37 0.03787751776
37.5 0.03647506996
38 0.03505911712
38.5 0.03363797002
39 0.03222097832
39.5 0.03081541398
40 0.02942958779
40.5 0.02806869401
41 0.02673896573
41.5 0.02544559721
42 0.02419482155
42.5 0.0229897553
43 0.02183351501
43.5 0.02072817838
44 0.01967686196
44.5 0.0186806046
45 0.01774044515
45.5 0.01685638362
46 0.01602842
46.5 0.01525655428
47 0.01453870878
47.5 0.01387592235
48 0.01326403957
48.5 0.0127040993
49 0.01219298499
49.5 0.01172861895
50 0.01130892346
50.5 0.01093285968
51 0.01059731106
51.5 0.01029999213
52 0.01003986404
52.5 0.009814329653
53 0.009621519053
53.5 0.009459562304
54 0.009326589477
54.5 0.009220834524
55 0.009140635288
55.5 0.009084329606
56 0.009050566974
56.5 0.009037581346
57 0.009044229988
57.5 0.009068954623
58 0.009110612516
58.5 0.009167749278
59 0.009239222173
59.5 0.009323784581
60 0.009420085996
60.5 0.009527087568
61 0.009643438793
61.5 0.009767996934
62 0.009899411486
62.5 0.01003674748
63 0.01017844665
63.5 0.01032357403
64 0.01047057134
64.5 0.01061912692
65 0.01076664365
65.5 0.01091312153
66 0.01105752171
66.5 0.01119776649
67 0.01133281702
67.5 0.01146267329
68 0.01158629647
68.5 0.01170160884
69 0.01180861041
69.5 0.01190626233
70 0.01199352575
70.5 0.01207040067
71 0.01213584823
71.5 0.01218882959
72 0.01222934475
72.5 0.01225739371
73 0.01227297646
73.5 0.01227505416
74 0.01226258796
74.5 0.01223765555
75 0.01219817925
75.5 0.01214623674
76 0.01208078917
76.5 0.01200183655
77 0.01190937889
77.5 0.01180549386
78 0.01168810379
78.5 0.01156032521
79 0.01142008043
79.5 0.01126944715
80 0.01110842537
80.5 0.01093805393
81 0.010757294
81.5 0.01056926211
82 0.01037271164
82.5 0.01016888923
83 0.009958314293
83.5 0.009741610138
84 0.009519503962
84.5 0.009292515189
85 0.009061267131
85.5 0.008826486982
86 0.008588590283
86.5 0.008348408112
87 0.008106356012
87.5 0.007863057291
88 0.00761913526
88.5 0.007375109344
89 0.007131498968
89.5 0.006888927443
90 0.006647914192
90.5 0.006408874758
91 0.006172432448
91.5 0.00593889892
92 0.005708897482
92.5 0.005482739789
93 0.005260841383
93.5 0.005043721688
94 0.004831796243
94.5 0.00462527282
95 0.004424463073
95.5 0.004229886428
96 0.004041750654
96.5 0.003860263521
97 0.003685840569
97.5 0.003518585684
98 0.003358810521
98.5 0.003206515079
99 0.003062114899
99.5 0.002925609981
100 0.002797104209
100.5 0.002676701469
101 0.002564505645
101.5 0.002460412854
102 0.002364630864
102.5 0.002276951905
103 0.002197272094
103.5 0.002125695314
104 0.00206190991
104.5 0.002005708114
105 0.001957089923
105.5 0.001915743685
106 0.001881461628
106.5 0.001853828212
107 0.001832635667
107.5 0.001817572339
108 0.001808326572
108.5 0.001804482827
109 0.001805729447
109.5 0.001811547008
110 0.00182172774
110.5 0.001835752218
111 0.001853204902
111.5 0.001873670251
112 0.001896836611
112.5 0.001922184556
113 0.001949402432
113.5 0.001977970813
114 0.002007578044
114.5 0.00203791247
115 0.002068558552
115.5 0.002099100748
116 0.002129227404
116.5 0.002158730751
117 0.002187299132
117.5 0.002214620892
118 0.002240384378
118.5 0.002264589588
119 0.002286820982
119.5 0.002307078562
120 0.00232525844
120.5 0.002341152849
121 0.002354657901
121.5 0.002365877484
122 0.002374603826
122.5 0.002380940812
123 0.002384888443
123.5 0.002386446718
124 0.002385615638
124.5 0.002382602972
125 0.002377200951
125.5 0.00236972123
126 0.002360163808
126.5 0.00234863257
127 0.002335231402
127.5 0.002319856419
128 0.002302819276
128.5 0.002284119972
129 0.002263862392
129.5 0.002242046538
130 0.002218776293
130.5 0.002194155543
131 0.002168080403
131.5 0.002140758642
132 0.002112190261
132.5 0.002082271375
133 0.002051209753
133.5 0.002018901511
134 0.001985242764
134.5 0.001950441282
135 0.001914289295
135.5 0.001876786802
136 0.001838037689
136.5 0.00179793807
137 0.001756384062
137.5 0.001713479548
138 0.001669120643
138.5 0.001623203464
139 0.001575935779
139.5 0.001527213704
140 0.001477141123
140.5 0.001425614153
141 0.001372736677
141.5 0.001318716465
142 0.001263449634
142.5 0.001207143952
143 0.001149903305
143.5 0.001091935463
144 0.001033365088
144.5 0.0009743895609
145 0.000915227041
145.5 0.0008560852982
146 0.0007972032679
146.5 0.0007388510512
147 0.0006812779722
147.5 0.0006247541319
148 0.0005695704084
148.5 0.0005159969027
149 0.0004643348814
149.5 0.0004148544456
150 0.0003678568618
150.5 0.0003236018425
151 0.0002823698774
151.5 0.0002444102905
152 0.0002099516288
152.5 0.0001792328279
153 0.0001524304923
153.5 0.0001297523921
154 0.0001113231892
154.5 9.72696235e-05
155 8.76935022e-05
155.5 8.26540398e-05
156 8.218136295e-05
156.5 8.627547166e-05
157 9.490312271e-05
157.5 0.0001079988685
158 0.0001254723292
158.5 0.0001471946872
159 0.0001730101151
159.5 0.0002027420083
160 0.0002361929853
160.5 0.000273113722
161 0.0003132756714
161.5 0.0003563983439
162 0.0004022012499
162.5 0.0004504039
163 0.0005006842505
163.5 0.0005527306464
164 0.0006062314325
164.5 0.0006608749539
165 0.0007163287785
165.5 0.0007722916397
166 0.0008284518824
166.5 0.0008845186286
167 0.0009402113887
167.5 0.0009952496732
168 0.001049342604
168.5 0.00110242785
169 0.001154058706
169.5 0.001204131286
170 0.001252541706
170.5 0.001299082196
171 0.00134364887
171.5 0.001386137844
172 0.001426341348
172.5 0.001464259381
173 0.001499891943
173.5 0.00153313515
174 0.001563885116
174.5 0.001592245727
175 0.001618113098
175.5 0.001641591113
176 0.001662575887
176.5 0.001680963536
177 0.001696961829
177.5 0.001710570767
178 0.001721582579
178.5 0.001730205036
179 0.001736334252
179.5 0.001739970228
180 0.001741216848
