0.0000 2.7087
0.50000 2.7027
1.0000 2.6852
1.5000 2.6569
2.0000 2.6191
2.5000 2.5734
3.0000 2.5218
3.5000 2.4662
4.0000 2.4087
4.5000 2.3512
5.0000 2.2952
5.5000 2.2420
6.0000 2.1923
6.5000 2.1465
7.0000 2.1045
7.5000 2.0656
8.0000 2.0290
8.5000 1.9935
9.0000 1.9578
9.5000 1.9207
10.000 1.8809
10.500 1.8373
11.000 1.7893
11.500 1.7364
12.000 1.6787
12.500 1.6163
13.000 1.5500
13.500 1.4806
14.000 1.4094
14.500 1.3374
15.000 1.2660
15.500 1.1962
16.000 1.1292
16.500 1.0656
17.000 1.0062
17.500 0.95105
18.000 0.90029
18.500 0.85370
19.000 0.81085
19.500 0.77120
20.000 0.73414
20.500 0.69902
21.000 0.66528
21.500 0.63242
22.000 0.60013
22.500 0.56821
23.000 0.53666
23.500 0.50562
24.000 0.47539
24.500 0.44634
25.000 0.41890
25.500 0.39350
26.000 0.37056
26.500 0.35039
27.000 0.33320
27.500 0.31906
28.000 0.30791
28.500 0.29956
29.000 0.29367
29.500 0.28983
30.000 0.28754
30.500 0.28630
31.000 0.28560
31.500 0.28497
32.000 0.28403
32.500 0.28246
33.000 0.28010
33.500 0.27685
34.000 0.27275
34.500 0.26791
35.000 0.26253
35.500 0.25684
36.000 0.25109
36.500 0.24554
37.000 0.24038
37.500 0.23577
38.000 0.23181
38.500 0.22851
39.000 0.22581
39.500 0.22358
40.000 0.22165
40.500 0.21979
41.000 0.21779
41.500 0.21541
42.000 0.21245
42.500 0.20876
43.000 0.20424
43.500 0.19886
44.000 0.19264
44.500 0.18569
45.000 0.17815
45.500 0.17022
46.000 0.16212
46.500 0.15409
47.000 0.14635
47.500 0.13909
48.000 0.13250
48.500 0.12667
49.000 0.12167
49.500 0.11751
50.000 0.11414
50.500 0.11147
51.000 0.10937
51.500 0.10767
52.000 0.10623
52.500 0.10487
53.000 0.10345
53.500 0.10185
54.000 0.99982E-01
54.500 0.97805E-01
55.000 0.95312E-01
55.500 0.92538E-01
56.000 0.89549E-01
56.500 0.86440E-01
57.000 0.83321E-01
57.500 0.80311E-01
58.000 0.77523E-01
58.500 0.75057E-01
59.000 0.72990E-01
59.500 0.71372E-01
60.000 0.70221E-01
60.500 0.69521E-01
61.000 0.69226E-01
61.500 0.69262E-01
62.000 0.69531E-01
62.500 0.69925E-01
63.000 0.70327E-01
63.500 0.70626E-01
64.000 0.70722E-01
64.500 0.70530E-01
65.000 0.69993E-01
65.500 0.69079E-01
66.000 0.67785E-01
66.500 0.66135E-01
67.000 0.64179E-01
67.500 0.61987E-01
68.000 0.59643E-01
68.500 0.57237E-01
69.000 0.54861E-01
69.500 0.52600E-01
70.000 0.50525E-01
70.500 0.48692E-01
71.000 0.47134E-01
71.500 0.45861E-01
72.000 0.44865E-01
72.500 0.44112E-01
73.000 0.43557E-01
73.500 0.43138E-01
74.000 0.42790E-01
74.500 0.42442E-01
75.000 0.42032E-01
75.500 0.41504E-01
76.000 0.40816E-01
76.500 0.39941E-01
77.000 0.38870E-01
77.500 0.37611E-01
78.000 0.36188E-01
78.500 0.34637E-01
79.000 0.33007E-01
79.500 0.31350E-01
80.000 0.29722E-01
80.500 0.28174E-01
81.000 0.26752E-01
81.500 0.25494E-01
82.000 0.24423E-01
82.500 0.23551E-01
83.000 0.22876E-01
83.500 0.22383E-01
84.000 0.22046E-01
84.500 0.21832E-01
85.000 0.21700E-01
85.500 0.21608E-01
86.000 0.21516E-01
86.500 0.21387E-01
87.000 0.21189E-01
87.500 0.20900E-01
88.000 0.20508E-01
88.500 0.20008E-01
89.000 0.19408E-01
89.500 0.18723E-01
90.000 0.17973E-01
90.500 0.17187E-01
91.000 0.16393E-01
91.500 0.15620E-01
92.000 0.14896E-01
92.500 0.14245E-01
93.000 0.13684E-01
93.500 0.13224E-01
94.000 0.12870E-01
94.500 0.12618E-01
95.000 0.12460E-01
95.500 0.12381E-01
96.000 0.12361E-01
96.500 0.12378E-01
97.000 0.12412E-01
97.500 0.12438E-01
98.000 0.12439E-01
98.500 0.12397E-01
99.000 0.12301E-01
99.500 0.12144E-01
100.00 0.11925E-01
100.50 0.11646E-01
101.00 0.11318E-01
101.50 0.10951E-01
102.00 0.10560E-01
102.50 0.10164E-01
103.00 0.97790E-02
103.50 0.94225E-02
104.00 0.91098E-02
104.50 0.88537E-02
105.00 0.86633E-02
105.50 0.85437E-02
106.00 0.84956E-02
106.50 0.85153E-02
107.00 0.85949E-02
107.50 0.87228E-02
108.00 0.88844E-02
108.50 0.90631E-02
109.00 0.92416E-02
109.50 0.94027E-02
110.00 0.95305E-02
110.50 0.96119E-02
111.00 0.96371E-02
111.50 0.96008E-02
112.00 0.95020E-02
112.50 0.93447E-02
113.00 0.91376E-02
113.50 0.88931E-02
114.00 0.86268E-02
114.50 0.83562E-02
115.00 0.80994E-02
115.50 0.78736E-02
116.00 0.76937E-02
116.50 0.75709E-02
117.00 0.75120E-02
117.50 0.75185E-02
118.00 0.75864E-02
118.50 0.77063E-02
119.00 0.78645E-02
119.50 0.80433E-02
120.00 0.82233E-02
120.50 0.83845E-02
121.00 0.85079E-02
121.50 0.85778E-02
122.00 0.85828E-02
122.50 0.85171E-02
123.00 0.83809E-02
123.50 0.81809E-02
124.00 0.79298E-02
124.50 0.76448E-02
125.00 0.73471E-02
125.50 0.70591E-02
126.00 0.68030E-02
126.50 0.65987E-02
127.00 0.64617E-02
127.50 0.64019E-02
128.00 0.64223E-02
128.50 0.65188E-02
129.00 0.66803E-02
129.50 0.68896E-02
130.00 0.71250E-02
130.50 0.73622E-02
131.00 0.75765E-02
131.50 0.77453E-02
132.00 0.78500E-02
132.50 0.78784E-02
133.00 0.78256E-02
133.50 0.76949E-02
134.00 0.74977E-02
134.50 0.72524E-02
135.00 0.69834E-02
135.50 0.67184E-02
136.00 0.64863E-02
136.50 0.63139E-02
137.00 0.62239E-02
137.50 0.62323E-02
138.00 0.63467E-02
138.50 0.65651E-02
139.00 0.68762E-02
139.50 0.72599E-02
140.00 0.76887E-02
140.50 0.81306E-02
141.00 0.85515E-02
141.50 0.89185E-02
142.00 0.92031E-02
142.50 0.93837E-02
143.00 0.94484E-02
143.50 0.93957E-02
144.00 0.92353E-02
144.50 0.89874E-02
145.00 0.86813E-02
145.50 0.83523E-02
146.00 0.80391E-02
146.50 0.77798E-02
147.00 0.76086E-02
147.50 0.75521E-02
148.00 0.76268E-02
148.50 0.78372E-02
149.00 0.81751E-02
149.50 0.86200E-02
150.00 0.91411E-02
150.50 0.96995E-02
151.00 0.10253E-01
151.50 0.10757E-01
152.00 0.11175E-01
152.50 0.11476E-01
153.00 0.11640E-01
153.50 0.11664E-01
154.00 0.11556E-01
154.50 0.11342E-01
155.00 0.11058E-01
155.50 0.10751E-01
156.00 0.10471E-01
156.50 0.10270E-01
157.00 0.10196E-01
157.50 0.10285E-01
158.00 0.10562E-01
158.50 0.11031E-01
159.00 0.11684E-01
159.50 0.12490E-01
160.00 0.13407E-01
160.50 0.14376E-01
161.00 0.15336E-01
161.50 0.16222E-01
162.00 0.16976E-01
162.50 0.17551E-01
163.00 0.17914E-01
163.50 0.18055E-01
164.00 0.17986E-01
164.50 0.17740E-01
165.00 0.17372E-01
165.50 0.16954E-01
166.00 0.16566E-01
166.50 0.16295E-01
167.00 0.16222E-01
167.50 0.16417E-01
168.00 0.16933E-01
168.50 0.17797E-01
169.00 0.19009E-01
169.50 0.20538E-01
170.00 0.22327E-01
170.50 0.24289E-01
171.00 0.26321E-01
171.50 0.28304E-01
172.00 0.30116E-01
172.50 0.31639E-01
173.00 0.32771E-01
173.50 0.33430E-01
174.00 0.33564E-01
174.50 0.33155E-01
175.00 0.32220E-01
175.50 0.30813E-01
176.00 0.29021E-01
176.50 0.26958E-01
177.00 0.24759E-01
177.50 0.22567E-01
178.00 0.20529E-01
178.50 0.18781E-01
179.00 0.17441E-01
179.50 0.16599E-01
180.00 0.16311E-01
