0.0000 3.0068
0.50000 2.9954
1.0000 2.9620
1.5000 2.9084
2.0000 2.8377
2.5000 2.7538
3.0000 2.6613
3.5000 2.5649
4.0000 2.4693
4.5000 2.3785
5.0000 2.2960
5.5000 2.2243
6.0000 2.1646
6.5000 2.1172
7.0000 2.0810
7.5000 2.0541
8.0000 2.0339
8.5000 2.0173
9.0000 2.0007
9.5000 1.9812
10.000 1.9556
10.500 1.9219
11.000 1.8786
11.500 1.8250
12.000 1.7614
12.500 1.6889
13.000 1.6094
13.500 1.5249
14.000 1.4382
14.500 1.3519
15.000 1.2682
15.500 1.1895
16.000 1.1171
16.500 1.0521
17.000 0.99479
17.500 0.94494
18.000 0.90171
18.500 0.86389
19.000 0.83001
19.500 0.79850
20.000 0.76788
20.500 0.73687
21.000 0.70452
21.500 0.67027
22.000 0.63403
22.500 0.59609
23.000 0.55712
23.500 0.51806
24.000 0.48003
24.500 0.44417
25.000 0.41155
25.500 0.38307
26.000 0.35934
26.500 0.34066
27.000 0.32698
27.500 0.31793
28.000 0.31284
28.500 0.31082
29.000 0.31085
29.500 0.31189
30.000 0.31293
30.500 0.31313
31.000 0.31183
31.500 0.30863
32.000 0.30342
32.500 0.29633
33.000 0.28772
33.500 0.27812
34.000 0.26817
34.500 0.25855
35.000 0.24989
35.500 0.24271
36.000 0.23737
36.500 0.23406
37.000 0.23271
37.500 0.23312
38.000 0.23485
38.500 0.23737
39.000 0.24008
39.500 0.24233
40.000 0.24353
40.500 0.24321
41.000 0.24102
41.500 0.23676
42.000 0.23045
42.500 0.22226
43.000 0.21252
43.500 0.20169
44.000 0.19029
44.500 0.17888
45.000 0.16798
45.500 0.15805
46.000 0.14947
46.500 0.14244
47.000 0.13704
47.500 0.13323
48.000 0.13080
48.500 0.12946
49.000 0.12884
49.500 0.12855
50.000 0.12818
50.500 0.12739
51.000 0.12590
51.500 0.12353
52.000 0.12021
52.500 0.11597
53.000 0.11095
53.500 0.10537
54.000 0.99505E-01
54.500 0.93673E-01
55.000 0.88182E-01
55.500 0.83310E-01
56.000 0.79286E-01
56.500 0.76263E-01
57.000 0.74308E-01
57.500 0.73403E-01
58.000 0.73444E-01
58.500 0.74257E-01
59.000 0.75614E-01
59.500 0.77255E-01
60.000 0.78912E-01
60.500 0.80332E-01
61.000 0.81298E-01
61.500 0.81647E-01
62.000 0.81279E-01
62.500 0.80163E-01
63.000 0.78337E-01
63.500 0.75899E-01
64.000 0.72996E-01
64.500 0.69808E-01
65.000 0.66531E-01
65.500 0.63357E-01
66.000 0.60459E-01
66.500 0.57973E-01
67.000 0.55993E-01
67.500 0.54563E-01
68.000 0.53671E-01
68.500 0.53261E-01
69.000 0.53234E-01
69.500 0.53464E-01
70.000 0.53805E-01
70.500 0.54110E-01
71.000 0.54243E-01
71.500 0.54089E-01
72.000 0.53565E-01
72.500 0.52624E-01
73.000 0.51258E-01
73.500 0.49500E-01
74.000 0.47412E-01
74.500 0.45086E-01
75.000 0.42628E-01
75.500 0.40153E-01
76.000 0.37771E-01
76.500 0.35583E-01
77.000 0.33665E-01
77.500 0.32072E-01
78.000 0.30829E-01
78.500 0.29932E-01
79.000 0.29349E-01
79.500 0.29029E-01
80.000 0.28903E-01
80.500 0.28891E-01
81.000 0.28912E-01
81.500 0.28890E-01
82.000 0.28758E-01
82.500 0.28468E-01
83.000 0.27986E-01
83.500 0.27302E-01
84.000 0.26424E-01
84.500 0.25378E-01
85.000 0.24204E-01
85.500 0.22952E-01
86.000 0.21680E-01
86.500 0.20443E-01
87.000 0.19292E-01
87.500 0.18272E-01
88.000 0.17416E-01
88.500 0.16741E-01
89.000 0.16253E-01
89.500 0.15943E-01
90.000 0.15789E-01
90.500 0.15762E-01
91.000 0.15822E-01
91.500 0.15929E-01
92.000 0.16040E-01
92.500 0.16117E-01
93.000 0.16127E-01
93.500 0.16045E-01
94.000 0.15855E-01
94.500 0.15550E-01
95.000 0.15135E-01
95.500 0.14623E-01
96.000 0.14034E-01
96.500 0.13394E-01
97.000 0.12731E-01
97.500 0.12077E-01
98.000 0.11460E-01
98.500 0.10906E-01
99.000 0.10437E-01
99.500 0.10068E-01
100.00 0.98057E-02
100.50 0.96524E-02
101.00 0.96020E-02
101.50 0.96426E-02
102.00 0.97570E-02
102.50 0.99245E-02
103.00 0.10122E-01
103.50 0.10325E-01
104.00 0.10511E-01
104.50 0.10660E-01
105.00 0.10754E-01
105.50 0.10781E-01
106.00 0.10734E-01
106.50 0.10611E-01
107.00 0.10416E-01
107.50 0.10159E-01
108.00 0.98527E-02
108.50 0.95147E-02
109.00 0.91643E-02
109.50 0.88218E-02
110.00 0.85070E-02
110.50 0.82380E-02
111.00 0.80297E-02
111.50 0.78930E-02
112.00 0.78340E-02
112.50 0.78536E-02
113.00 0.79473E-02
113.50 0.81056E-02
114.00 0.83145E-02
114.50 0.85566E-02
115.00 0.88123E-02
115.50 0.90611E-02
116.00 0.92828E-02
116.50 0.94593E-02
117.00 0.95756E-02
117.50 0.96207E-02
118.00 0.95889E-02
118.50 0.94796E-02
119.00 0.92977E-02
119.50 0.90534E-02
120.00 0.87608E-02
120.50 0.84377E-02
121.00 0.81040E-02
121.50 0.77799E-02
122.00 0.74852E-02
122.50 0.72374E-02
123.00 0.70505E-02
123.50 0.69341E-02
124.00 0.68928E-02
124.50 0.69257E-02
125.00 0.70265E-02
125.50 0.71843E-02
126.00 0.73840E-02
126.50 0.76076E-02
127.00 0.78355E-02
127.50 0.80483E-02
128.00 0.82275E-02
128.50 0.83575E-02
129.00 0.84268E-02
129.50 0.84282E-02
130.00 0.83603E-02
130.50 0.82268E-02
131.00 0.80367E-02
131.50 0.78039E-02
132.00 0.75455E-02
132.50 0.72812E-02
133.00 0.70317E-02
133.50 0.68170E-02
134.00 0.66552E-02
134.50 0.65607E-02
135.00 0.65436E-02
135.50 0.66087E-02
136.00 0.67546E-02
136.50 0.69746E-02
137.00 0.72564E-02
137.50 0.75832E-02
138.00 0.79348E-02
138.50 0.82894E-02
139.00 0.86247E-02
139.50 0.89200E-02
140.00 0.91576E-02
140.50 0.93243E-02
141.00 0.94126E-02
141.50 0.94211E-02
142.00 0.93549E-02
142.50 0.92252E-02
143.00 0.90488E-02
143.50 0.88466E-02
144.00 0.86420E-02
144.50 0.84592E-02
145.00 0.83212E-02
145.50 0.82479E-02
146.00 0.82543E-02
146.50 0.83494E-02
147.00 0.85351E-02
147.50 0.88057E-02
148.00 0.91486E-02
148.50 0.95450E-02
149.00 0.99710E-02
149.50 0.10400E-01
150.00 0.10805E-01
150.50 0.11160E-01
151.00 0.11443E-01
151.50 0.11640E-01
152.00 0.11742E-01
152.50 0.11750E-01
153.00 0.11674E-01
153.50 0.11533E-01
154.00 0.11353E-01
154.50 0.11167E-01
155.00 0.11008E-01
155.50 0.10912E-01
156.00 0.10910E-01
156.50 0.11029E-01
157.00 0.11285E-01
157.50 0.11686E-01
158.00 0.12227E-01
158.50 0.12890E-01
159.00 0.13649E-01
159.50 0.14467E-01
160.00 0.15301E-01
160.50 0.16106E-01
161.00 0.16836E-01
161.50 0.17455E-01
162.00 0.17931E-01
162.50 0.18248E-01
163.00 0.18404E-01
163.50 0.18413E-01
164.00 0.18304E-01
164.50 0.18121E-01
165.00 0.17920E-01
165.50 0.17761E-01
166.00 0.17710E-01
166.50 0.17828E-01
167.00 0.18168E-01
167.50 0.18770E-01
168.00 0.19654E-01
168.50 0.20824E-01
169.00 0.22256E-01
169.50 0.23909E-01
170.00 0.25719E-01
170.50 0.27607E-01
171.00 0.29483E-01
171.50 0.31251E-01
172.00 0.32815E-01
172.50 0.34088E-01
173.00 0.34997E-01
173.50 0.35490E-01
174.00 0.35537E-01
174.50 0.35137E-01
175.00 0.34313E-01
175.50 0.33119E-01
176.00 0.31630E-01
176.50 0.29939E-01
177.00 0.28155E-01
177.50 0.26392E-01
178.00 0.24763E-01
178.50 0.23373E-01
179.00 0.22310E-01
179.50 0.21643E-01
180.00 0.21416E-01
