0.0000 0.26240E-01
0.50000 0.26241E-01
1.0000 0.26243E-01
1.5000 0.26247E-01
2.0000 0.26252E-01
2.5000 0.26259E-01
3.0000 0.26268E-01
3.5000 0.26277E-01
4.0000 0.26288E-01
4.5000 0.26301E-01
5.0000 0.26314E-01
5.5000 0.26328E-01
6.0000 0.26343E-01
6.5000 0.26358E-01
7.0000 0.26375E-01
7.5000 0.26391E-01
8.0000 0.26408E-01
8.5000 0.26425E-01
9.0000 0.26441E-01
9.5000 0.26458E-01
10.000 0.26473E-01
10.500 0.26488E-01
11.000 0.26503E-01
11.500 0.26516E-01
12.000 0.26527E-01
12.500 0.26537E-01
13.000 0.26545E-01
13.500 0.26552E-01
14.000 0.26556E-01
14.500 0.26557E-01
15.000 0.26556E-01
15.500 0.26552E-01
16.000 0.26545E-01
16.500 0.26535E-01
17.000 0.26521E-01
17.500 0.26504E-01
18.000 0.26483E-01
18.500 0.26457E-01
19.000 0.26428E-01
19.500 0.26394E-01
20.000 0.26355E-01
20.500 0.26312E-01
21.000 0.26264E-01
21.500 0.26211E-01
22.000 0.26153E-01
22.500 0.26090E-01
23.000 0.26021E-01
23.500 0.25947E-01
24.000 0.25868E-01
24.500 0.25783E-01
25.000 0.25692E-01
25.500 0.25596E-01
26.000 0.25494E-01
26.500 0.25386E-01
27.000 0.25273E-01
27.500 0.25154E-01
28.000 0.25030E-01
28.500 0.24899E-01
29.000 0.24764E-01
29.500 0.24622E-01
30.000 0.24475E-01
30.500 0.24323E-01
31.000 0.24166E-01
31.500 0.24003E-01
32.000 0.23836E-01
32.500 0.23663E-01
33.000 0.23486E-01
33.500 0.23304E-01
34.000 0.23118E-01
34.500 0.22927E-01
35.000 0.22732E-01
35.500 0.22533E-01
36.000 0.22331E-01
36.500 0.22125E-01
37.000 0.21915E-01
37.500 0.21702E-01
38.000 0.21487E-01
38.500 0.21269E-01
39.000 0.21048E-01
39.500 0.20825E-01
40.000 0.20600E-01
40.500 0.20373E-01
41.000 0.20145E-01
41.500 0.19915E-01
42.000 0.19684E-01
42.500 0.19453E-01
43.000 0.19221E-01
43.500 0.18988E-01
44.000 0.18756E-01
44.500 0.18524E-01
45.000 0.18292E-01
45.500 0.18060E-01
46.000 0.17830E-01
46.500 0.17601E-01
47.000 0.17372E-01
47.500 0.17146E-01
48.000 0.16921E-01
48.500 0.16698E-01
49.000 0.16478E-01
49.500 0.16260E-01
50.000 0.16044E-01
50.500 0.15831E-01
51.000 0.15621E-01
51.500 0.15414E-01
52.000 0.15211E-01
52.500 0.15011E-01
53.000 0.14814E-01
53.500 0.14622E-01
54.000 0.14433E-01
54.500 0.14248E-01
55.000 0.14067E-01
55.500 0.13891E-01
56.000 0.13719E-01
56.500 0.13551E-01
57.000 0.13388E-01
57.500 0.13230E-01
58.000 0.13076E-01
58.500 0.12927E-01
59.000 0.12783E-01
59.500 0.12644E-01
60.000 0.12510E-01
60.500 0.12380E-01
61.000 0.12256E-01
61.500 0.12136E-01
62.000 0.12022E-01
62.500 0.11913E-01
63.000 0.11808E-01
63.500 0.11709E-01
64.000 0.11614E-01
64.500 0.11524E-01
65.000 0.11440E-01
65.500 0.11360E-01
66.000 0.11284E-01
66.500 0.11214E-01
67.000 0.11148E-01
67.500 0.11087E-01
68.000 0.11031E-01
68.500 0.10978E-01
69.000 0.10931E-01
69.500 0.10887E-01
70.000 0.10848E-01
70.500 0.10812E-01
71.000 0.10781E-01
71.500 0.10754E-01
72.000 0.10730E-01
72.500 0.10710E-01
73.000 0.10694E-01
73.500 0.10681E-01
74.000 0.10671E-01
74.500 0.10665E-01
75.000 0.10661E-01
75.500 0.10661E-01
76.000 0.10663E-01
76.500 0.10668E-01
77.000 0.10676E-01
77.500 0.10686E-01
78.000 0.10698E-01
78.500 0.10712E-01
79.000 0.10729E-01
79.500 0.10747E-01
80.000 0.10768E-01
80.500 0.10789E-01
81.000 0.10813E-01
81.500 0.10837E-01
82.000 0.10863E-01
82.500 0.10890E-01
83.000 0.10918E-01
83.500 0.10947E-01
84.000 0.10977E-01
84.500 0.11007E-01
85.000 0.11038E-01
85.500 0.11069E-01
86.000 0.11101E-01
86.500 0.11133E-01
87.000 0.11164E-01
87.500 0.11196E-01
88.000 0.11228E-01
88.500 0.11259E-01
89.000 0.11291E-01
89.500 0.11321E-01
90.000 0.11351E-01
90.500 0.11381E-01
91.000 0.11410E-01
91.500 0.11438E-01
92.000 0.11466E-01
92.500 0.11492E-01
93.000 0.11518E-01
93.500 0.11543E-01
94.000 0.11566E-01
94.500 0.11588E-01
95.000 0.11610E-01
95.500 0.11630E-01
96.000 0.11648E-01
96.500 0.11666E-01
97.000 0.11682E-01
97.500 0.11696E-01
98.000 0.11710E-01
98.500 0.11721E-01
99.000 0.11732E-01
99.500 0.11740E-01
100.00 0.11748E-01
100.50 0.11753E-01
101.00 0.11758E-01
101.50 0.11760E-01
102.00 0.11762E-01
102.50 0.11761E-01
103.00 0.11759E-01
103.50 0.11756E-01
104.00 0.11751E-01
104.50 0.11744E-01
105.00 0.11736E-01
105.50 0.11727E-01
106.00 0.11716E-01
106.50 0.11704E-01
107.00 0.11690E-01
107.50 0.11675E-01
108.00 0.11658E-01
108.50 0.11640E-01
109.00 0.11621E-01
109.50 0.11600E-01
110.00 0.11578E-01
110.50 0.11555E-01
111.00 0.11531E-01
111.50 0.11506E-01
112.00 0.11479E-01
112.50 0.11452E-01
113.00 0.11423E-01
113.50 0.11393E-01
114.00 0.11363E-01
114.50 0.11331E-01
115.00 0.11299E-01
115.50 0.11266E-01
116.00 0.11232E-01
116.50 0.11197E-01
117.00 0.11161E-01
117.50 0.11125E-01
118.00 0.11088E-01
118.50 0.11051E-01
119.00 0.11013E-01
119.50 0.10975E-01
120.00 0.10936E-01
120.50 0.10896E-01
121.00 0.10857E-01
121.50 0.10816E-01
122.00 0.10776E-01
122.50 0.10735E-01
123.00 0.10694E-01
123.50 0.10653E-01
124.00 0.10612E-01
124.50 0.10570E-01
125.00 0.10528E-01
125.50 0.10486E-01
126.00 0.10445E-01
126.50 0.10403E-01
127.00 0.10361E-01
127.50 0.10319E-01
128.00 0.10277E-01
128.50 0.10235E-01
129.00 0.10193E-01
129.50 0.10151E-01
130.00 0.10110E-01
130.50 0.10068E-01
131.00 0.10027E-01
131.50 0.99853E-02
132.00 0.99442E-02
132.50 0.99033E-02
133.00 0.98625E-02
133.50 0.98220E-02
134.00 0.97816E-02
134.50 0.97415E-02
135.00 0.97015E-02
135.50 0.96618E-02
136.00 0.96223E-02
136.50 0.95830E-02
137.00 0.95440E-02
137.50 0.95052E-02
138.00 0.94666E-02
138.50 0.94283E-02
139.00 0.93902E-02
139.50 0.93523E-02
140.00 0.93147E-02
140.50 0.92773E-02
141.00 0.92402E-02
141.50 0.92033E-02
142.00 0.91666E-02
142.50 0.91302E-02
143.00 0.90940E-02
143.50 0.90580E-02
144.00 0.90222E-02
144.50 0.89867E-02
145.00 0.89514E-02
145.50 0.89163E-02
146.00 0.88814E-02
146.50 0.88467E-02
147.00 0.88123E-02
147.50 0.87781E-02
148.00 0.87441E-02
148.50 0.87103E-02
149.00 0.86767E-02
149.50 0.86433E-02
150.00 0.86102E-02
150.50 0.85772E-02
151.00 0.85445E-02
151.50 0.85120E-02
152.00 0.84798E-02
152.50 0.84478E-02
153.00 0.84160E-02
153.50 0.83844E-02
154.00 0.83532E-02
154.50 0.83221E-02
155.00 0.82914E-02
155.50 0.82609E-02
156.00 0.82307E-02
156.50 0.82007E-02
157.00 0.81711E-02
157.50 0.81418E-02
158.00 0.81128E-02
158.50 0.80842E-02
159.00 0.80558E-02
159.50 0.80279E-02
160.00 0.80003E-02
160.50 0.79731E-02
161.00 0.79464E-02
161.50 0.79200E-02
162.00 0.78941E-02
162.50 0.78686E-02
163.00 0.78436E-02
163.50 0.78190E-02
164.00 0.77950E-02
164.50 0.77715E-02
165.00 0.77485E-02
165.50 0.77260E-02
166.00 0.77041E-02
166.50 0.76828E-02
167.00 0.76621E-02
167.50 0.76420E-02
168.00 0.76226E-02
168.50 0.76037E-02
169.00 0.75856E-02
169.50 0.75681E-02
170.00 0.75514E-02
170.50 0.75353E-02
171.00 0.75200E-02
171.50 0.75054E-02
172.00 0.74915E-02
172.50 0.74785E-02
173.00 0.74662E-02
173.50 0.74547E-02
174.00 0.74440E-02
174.50 0.74341E-02
175.00 0.74250E-02
175.50 0.74168E-02
176.00 0.74094E-02
176.50 0.74029E-02
177.00 0.73972E-02
177.50 0.73924E-02
178.00 0.73885E-02
178.50 0.73854E-02
179.00 0.73832E-02
179.50 0.73819E-02
180.00 0.73815E-02
