0.0000 20.241
0.50000 20.241
1.0000 20.240
1.5000 20.238
2.0000 20.236
2.5000 20.232
3.0000 20.227
3.5000 20.221
4.0000 20.213
4.5000 20.202
5.0000 20.189
5.5000 20.174
6.0000 20.155
6.5000 20.132
7.0000 20.106
7.5000 20.075
8.0000 20.040
8.5000 20.000
9.0000 19.955
9.5000 19.905
10.000 19.850
10.500 19.790
11.000 19.724
11.500 19.653
12.000 19.578
12.500 19.497
13.000 19.412
13.500 19.322
14.000 19.227
14.500 19.129
15.000 19.027
15.500 18.922
16.000 18.813
16.500 18.701
17.000 18.587
17.500 18.470
18.000 18.351
18.500 18.229
19.000 18.105
19.500 17.980
20.000 17.852
20.500 17.723
21.000 17.592
21.500 17.458
22.000 17.323
22.500 17.185
23.000 17.046
23.500 16.903
24.000 16.759
24.500 16.612
25.000 16.462
25.500 16.309
26.000 16.153
26.500 15.994
27.000 15.832
27.500 15.668
28.000 15.500
28.500 15.329
29.000 15.155
29.500 14.978
30.000 14.798
30.500 14.616
31.000 14.431
31.500 14.243
32.000 14.054
32.500 13.862
33.000 13.669
33.500 13.474
34.000 13.278
34.500 13.080
35.000 12.882
35.500 12.684
36.000 12.485
36.500 12.286
37.000 12.088
37.500 11.891
38.000 11.694
38.500 11.499
39.000 11.305
39.500 11.113
40.000 10.924
40.500 10.737
41.000 10.553
41.500 10.372
42.000 10.194
42.500 10.021
43.000 9.8513
43.500 9.6862
44.000 9.5259
44.500 9.3706
45.000 9.2207
45.500 9.0763
46.000 8.9377
46.500 8.8053
47.000 8.6792
47.500 8.5596
48.000 8.4467
48.500 8.3407
49.000 8.2416
49.500 8.1497
50.000 8.0649
50.500 7.9874
51.000 7.9170
51.500 7.8539
52.000 7.7979
52.500 7.7490
53.000 7.7069
53.500 7.6717
54.000 7.6431
54.500 7.6209
55.000 7.6048
55.500 7.5947
56.000 7.5902
56.500 7.5910
57.000 7.5968
57.500 7.6072
58.000 7.6220
58.500 7.6408
59.000 7.6631
59.500 7.6886
60.000 7.7170
60.500 7.7478
61.000 7.7807
61.500 7.8153
62.000 7.8512
62.500 7.8881
63.000 7.9256
63.500 7.9633
64.000 8.0009
64.500 8.0381
65.000 8.0746
65.500 8.1100
66.000 8.1440
66.500 8.1764
67.000 8.2070
67.500 8.2354
68.000 8.2614
68.500 8.2848
69.000 8.3053
69.500 8.3229
70.000 8.3373
70.500 8.3484
71.000 8.3560
71.500 8.3600
72.000 8.3603
72.500 8.3568
73.000 8.3494
73.500 8.3381
74.000 8.3228
74.500 8.3036
75.000 8.2803
75.500 8.2530
76.000 8.2217
76.500 8.1865
77.000 8.1474
77.500 8.1044
78.000 8.0577
78.500 8.0074
79.000 7.9535
79.500 7.8961
80.000 7.8354
80.500 7.7715
81.000 7.7046
81.500 7.6348
82.000 7.5623
82.500 7.4872
83.000 7.4097
83.500 7.3300
84.000 7.2482
84.500 7.1646
85.000 7.0793
85.500 6.9925
86.000 6.9044
86.500 6.8153
87.000 6.7252
87.500 6.6343
88.000 6.5429
88.500 6.4512
89.000 6.3592
89.500 6.2672
90.000 6.1754
90.500 6.0840
91.000 5.9930
91.500 5.9027
92.000 5.8132
92.500 5.7246
93.000 5.6372
93.500 5.5510
94.000 5.4662
94.500 5.3829
95.000 5.3013
95.500 5.2214
96.000 5.1434
96.500 5.0674
97.000 4.9935
97.500 4.9218
98.000 4.8524
98.500 4.7853
99.000 4.7207
99.500 4.6587
100.00 4.5992
100.50 4.5424
101.00 4.4884
101.50 4.4371
102.00 4.3887
102.50 4.3432
103.00 4.3006
103.50 4.2609
104.00 4.2242
104.50 4.1905
105.00 4.1599
105.50 4.1323
106.00 4.1077
106.50 4.0862
107.00 4.0678
107.50 4.0524
108.00 4.0400
108.50 4.0306
109.00 4.0242
109.50 4.0208
110.00 4.0204
110.50 4.0228
111.00 4.0281
111.50 4.0363
112.00 4.0472
112.50 4.0608
113.00 4.0771
113.50 4.0960
114.00 4.1175
114.50 4.1415
115.00 4.1679
115.50 4.1966
116.00 4.2277
116.50 4.2609
117.00 4.2963
117.50 4.3338
118.00 4.3732
118.50 4.4145
119.00 4.4576
119.50 4.5025
120.00 4.5490
120.50 4.5971
121.00 4.6467
121.50 4.6977
122.00 4.7500
122.50 4.8035
123.00 4.8582
123.50 4.9140
124.00 4.9707
124.50 5.0283
125.00 5.0868
125.50 5.1460
126.00 5.2059
126.50 5.2663
127.00 5.3273
127.50 5.3887
128.00 5.4505
128.50 5.5127
129.00 5.5750
129.50 5.6375
130.00 5.7002
130.50 5.7628
131.00 5.8255
131.50 5.8882
132.00 5.9507
132.50 6.0131
133.00 6.0754
133.50 6.1374
134.00 6.1991
134.50 6.2606
135.00 6.3217
135.50 6.3825
136.00 6.4430
136.50 6.5031
137.00 6.5629
137.50 6.6222
138.00 6.6812
138.50 6.7398
139.00 6.7981
139.50 6.8560
140.00 6.9136
140.50 6.9708
141.00 7.0278
141.50 7.0845
142.00 7.1410
142.50 7.1973
143.00 7.2534
143.50 7.3093
144.00 7.3652
144.50 7.4210
145.00 7.4768
145.50 7.5326
146.00 7.5884
146.50 7.6443
147.00 7.7004
147.50 7.7566
148.00 7.8131
148.50 7.8697
149.00 7.9267
149.50 7.9839
150.00 8.0415
150.50 8.0994
151.00 8.1576
151.50 8.2162
152.00 8.2753
152.50 8.3347
153.00 8.3946
153.50 8.4548
154.00 8.5155
154.50 8.5765
155.00 8.6380
155.50 8.6998
156.00 8.7620
156.50 8.8245
157.00 8.8873
157.50 8.9504
158.00 9.0137
158.50 9.0773
159.00 9.1409
159.50 9.2047
160.00 9.2685
160.50 9.3323
161.00 9.3961
161.50 9.4597
162.00 9.5231
162.50 9.5863
163.00 9.6491
163.50 9.7114
164.00 9.7733
164.50 9.8346
165.00 9.8952
165.50 9.9551
166.00 10.014
166.50 10.072
167.00 10.129
167.50 10.185
168.00 10.240
168.50 10.293
169.00 10.345
169.50 10.396
170.00 10.445
170.50 10.492
171.00 10.537
171.50 10.581
172.00 10.623
172.50 10.662
173.00 10.700
173.50 10.735
174.00 10.768
174.50 10.798
175.00 10.826
175.50 10.852
176.00 10.875
176.50 10.896
177.00 10.914
177.50 10.929
178.00 10.941
178.50 10.951
179.00 10.958
179.50 10.962
180.00 10.964
