0.0000 1.0071
0.50000 1.0091
1.0000 1.0153
1.5000 1.0256
2.0000 1.0400
2.5000 1.0584
3.0000 1.0808
3.5000 1.1071
4.0000 1.1372
4.5000 1.1712
5.0000 1.2087
5.5000 1.2499
6.0000 1.2945
6.5000 1.3425
7.0000 1.3937
7.5000 1.4479
8.0000 1.5051
8.5000 1.5650
9.0000 1.6276
9.5000 1.6926
10.000 1.7599
10.500 1.8293
11.000 1.9008
11.500 1.9739
12.000 2.0487
12.500 2.1249
13.000 2.2024
13.500 2.2809
14.000 2.3603
14.500 2.4404
15.000 2.5211
15.500 2.6021
16.000 2.6833
16.500 2.7646
17.000 2.8457
17.500 2.9265
18.000 3.0069
18.500 3.0867
19.000 3.1658
19.500 3.2440
20.000 3.3212
20.500 3.3973
21.000 3.4722
21.500 3.5457
22.000 3.6178
22.500 3.6883
23.000 3.7572
23.500 3.8244
24.000 3.8898
24.500 3.9533
25.000 4.0149
25.500 4.0746
26.000 4.1322
26.500 4.1877
27.000 4.2412
27.500 4.2925
28.000 4.3417
28.500 4.3887
29.000 4.4335
29.500 4.4761
30.000 4.5165
30.500 4.5547
31.000 4.5906
31.500 4.6244
32.000 4.6560
32.500 4.6854
33.000 4.7126
33.500 4.7376
34.000 4.7605
34.500 4.7813
35.000 4.7999
35.500 4.8165
36.000 4.8309
36.500 4.8433
37.000 4.8537
37.500 4.8620
38.000 4.8683
38.500 4.8726
39.000 4.8749
39.500 4.8752
40.000 4.8736
40.500 4.8700
41.000 4.8645
41.500 4.8571
42.000 4.8478
42.500 4.8366
43.000 4.8234
43.500 4.8085
44.000 4.7916
44.500 4.7729
45.000 4.7523
45.500 4.7300
46.000 4.7058
46.500 4.6798
47.000 4.6520
47.500 4.6225
48.000 4.5913
48.500 4.5583
49.000 4.5237
49.500 4.4874
50.000 4.4495
50.500 4.4099
51.000 4.3689
51.500 4.3263
52.000 4.2823
52.500 4.2368
53.000 4.1900
53.500 4.1418
54.000 4.0923
54.500 4.0417
55.000 3.9899
55.500 3.9370
56.000 3.8830
56.500 3.8282
57.000 3.7724
57.500 3.7157
58.000 3.6584
58.500 3.6003
59.000 3.5416
59.500 3.4824
60.000 3.4228
60.500 3.3627
61.000 3.3023
61.500 3.2417
62.000 3.1810
62.500 3.1201
63.000 3.0593
63.500 2.9985
64.000 2.9378
64.500 2.8774
65.000 2.8172
65.500 2.7574
66.000 2.6980
66.500 2.6391
67.000 2.5807
67.500 2.5230
68.000 2.4659
68.500 2.4096
69.000 2.3540
69.500 2.2994
70.000 2.2456
70.500 2.1928
71.000 2.1410
71.500 2.0902
72.000 2.0406
72.500 1.9921
73.000 1.9448
73.500 1.8988
74.000 1.8540
74.500 1.8105
75.000 1.7683
75.500 1.7275
76.000 1.6881
76.500 1.6501
77.000 1.6135
77.500 1.5784
78.000 1.5448
78.500 1.5126
79.000 1.4820
79.500 1.4528
80.000 1.4252
80.500 1.3991
81.000 1.3745
81.500 1.3514
82.000 1.3299
82.500 1.3098
83.000 1.2913
83.500 1.2742
84.000 1.2586
84.500 1.2445
85.000 1.2318
85.500 1.2205
86.000 1.2106
86.500 1.2021
87.000 1.1950
87.500 1.1891
88.000 1.1845
88.500 1.1812
89.000 1.1791
89.500 1.1781
90.000 1.1783
90.500 1.1795
91.000 1.1818
91.500 1.1851
92.000 1.1894
92.500 1.1945
93.000 1.2005
93.500 1.2074
94.000 1.2150
94.500 1.2233
95.000 1.2323
95.500 1.2419
96.000 1.2520
96.500 1.2627
97.000 1.2739
97.500 1.2854
98.000 1.2973
98.500 1.3095
99.000 1.3220
99.500 1.3347
100.00 1.3476
100.50 1.3605
101.00 1.3736
101.50 1.3866
102.00 1.3997
102.50 1.4127
103.00 1.4255
103.50 1.4382
104.00 1.4508
104.50 1.4631
105.00 1.4751
105.50 1.4868
106.00 1.4982
106.50 1.5092
107.00 1.5199
107.50 1.5301
108.00 1.5398
108.50 1.5491
109.00 1.5578
109.50 1.5661
110.00 1.5738
110.50 1.5809
111.00 1.5874
111.50 1.5933
112.00 1.5987
112.50 1.6034
113.00 1.6074
113.50 1.6109
114.00 1.6136
114.50 1.6158
115.00 1.6173
115.50 1.6181
116.00 1.6183
116.50 1.6178
117.00 1.6167
117.50 1.6149
118.00 1.6125
118.50 1.6095
119.00 1.6059
119.50 1.6016
120.00 1.5968
120.50 1.5914
121.00 1.5855
121.50 1.5790
122.00 1.5720
122.50 1.5645
123.00 1.5565
123.50 1.5481
124.00 1.5392
124.50 1.5299
125.00 1.5202
125.50 1.5102
126.00 1.4998
126.50 1.4892
127.00 1.4782
127.50 1.4670
128.00 1.4556
128.50 1.4440
129.00 1.4322
129.50 1.4203
130.00 1.4083
130.50 1.3962
131.00 1.3840
131.50 1.3719
132.00 1.3598
132.50 1.3477
133.00 1.3357
133.50 1.3238
134.00 1.3120
134.50 1.3004
135.00 1.2890
135.50 1.2778
136.00 1.2668
136.50 1.2561
137.00 1.2458
137.50 1.2357
138.00 1.2260
138.50 1.2167
139.00 1.2077
139.50 1.1992
140.00 1.1911
140.50 1.1835
141.00 1.1763
141.50 1.1697
142.00 1.1635
142.50 1.1579
143.00 1.1528
143.50 1.1482
144.00 1.1443
144.50 1.1408
145.00 1.1380
145.50 1.1357
146.00 1.1341
146.50 1.1330
147.00 1.1326
147.50 1.1327
148.00 1.1334
148.50 1.1348
149.00 1.1367
149.50 1.1392
150.00 1.1423
150.50 1.1460
151.00 1.1503
151.50 1.1551
152.00 1.1605
152.50 1.1664
153.00 1.1729
153.50 1.1798
154.00 1.1873
154.50 1.1953
155.00 1.2037
155.50 1.2125
156.00 1.2218
156.50 1.2315
157.00 1.2416
157.50 1.2520
158.00 1.2628
158.50 1.2738
159.00 1.2852
159.50 1.2968
160.00 1.3087
160.50 1.3208
161.00 1.3330
161.50 1.3454
162.00 1.3579
162.50 1.3706
163.00 1.3832
163.50 1.3960
164.00 1.4087
164.50 1.4214
165.00 1.4341
165.50 1.4466
166.00 1.4591
166.50 1.4714
167.00 1.4836
167.50 1.4956
168.00 1.5073
168.50 1.5188
169.00 1.5301
169.50 1.5410
170.00 1.5516
170.50 1.5619
171.00 1.5718
171.50 1.5813
172.00 1.5903
172.50 1.5990
173.00 1.6071
173.50 1.6148
174.00 1.6220
174.50 1.6287
175.00 1.6349
175.50 1.6405
176.00 1.6455
176.50 1.6500
177.00 1.6539
177.50 1.6573
178.00 1.6600
178.50 1.6621
179.00 1.6637
179.50 1.6646
180.00 1.6649
