0.0000 7.4484
0.50000 7.4470
1.0000 7.4427
1.5000 7.4356
2.0000 7.4256
2.5000 7.4128
3.0000 7.3972
3.5000 7.3787
4.0000 7.3574
4.5000 7.3332
5.0000 7.3063
5.5000 7.2765
6.0000 7.2440
6.5000 7.2087
7.0000 7.1706
7.5000 7.1298
8.0000 7.0862
8.5000 7.0400
9.0000 6.9911
9.5000 6.9395
10.000 6.8853
10.500 6.8285
11.000 6.7691
11.500 6.7072
12.000 6.6428
12.500 6.5759
13.000 6.5067
13.500 6.4351
14.000 6.3611
14.500 6.2849
15.000 6.2065
15.500 6.1260
16.000 6.0434
16.500 5.9588
17.000 5.8722
17.500 5.7837
18.000 5.6935
18.500 5.6015
19.000 5.5078
19.500 5.4126
20.000 5.3160
20.500 5.2179
21.000 5.1186
21.500 5.0180
22.000 4.9164
22.500 4.8137
23.000 4.7102
23.500 4.6058
24.000 4.5008
24.500 4.3952
25.000 4.2891
25.500 4.1826
26.000 4.0759
26.500 3.9690
27.000 3.8622
27.500 3.7554
28.000 3.6488
28.500 3.5426
29.000 3.4368
29.500 3.3316
30.000 3.2271
30.500 3.1234
31.000 3.0206
31.500 2.9188
32.000 2.8182
32.500 2.7188
33.000 2.6207
33.500 2.5242
34.000 2.4292
34.500 2.3358
35.000 2.2442
35.500 2.1545
36.000 2.0667
36.500 1.9809
37.000 1.8972
37.500 1.8156
38.000 1.7362
38.500 1.6592
39.000 1.5844
39.500 1.5120
40.000 1.4420
40.500 1.3745
41.000 1.3094
41.500 1.2469
42.000 1.1868
42.500 1.1292
43.000 1.0741
43.500 1.0215
44.000 0.97135
44.500 0.92368
45.000 0.87844
45.500 0.83560
46.000 0.79513
46.500 0.75698
47.000 0.72110
47.500 0.68745
48.000 0.65597
48.500 0.62660
49.000 0.59929
49.500 0.57397
50.000 0.55057
50.500 0.52902
51.000 0.50926
51.500 0.49121
52.000 0.47481
52.500 0.45997
53.000 0.44662
53.500 0.43470
54.000 0.42413
54.500 0.41482
55.000 0.40672
55.500 0.39975
56.000 0.39384
56.500 0.38892
57.000 0.38492
57.500 0.38178
58.000 0.37942
58.500 0.37779
59.000 0.37682
59.500 0.37646
60.000 0.37664
60.500 0.37731
61.000 0.37841
61.500 0.37990
62.000 0.38172
62.500 0.38382
63.000 0.38616
63.500 0.38869
64.000 0.39137
64.500 0.39416
65.000 0.39701
65.500 0.39990
66.000 0.40279
66.500 0.40565
67.000 0.40844
67.500 0.41113
68.000 0.41370
68.500 0.41612
69.000 0.41838
69.500 0.42044
70.000 0.42229
70.500 0.42391
71.000 0.42529
71.500 0.42640
72.000 0.42725
72.500 0.42781
73.000 0.42808
73.500 0.42806
74.000 0.42773
74.500 0.42710
75.000 0.42616
75.500 0.42491
76.000 0.42336
76.500 0.42150
77.000 0.41935
77.500 0.41690
78.000 0.41417
78.500 0.41116
79.000 0.40789
79.500 0.40437
80.000 0.40060
80.500 0.39660
81.000 0.39240
81.500 0.38799
82.000 0.38340
82.500 0.37864
83.000 0.37374
83.500 0.36871
84.000 0.36356
84.500 0.35833
85.000 0.35301
85.500 0.34765
86.000 0.34225
86.500 0.33683
87.000 0.33141
87.500 0.32602
88.000 0.32067
88.500 0.31538
89.000 0.31017
89.500 0.30506
90.000 0.30005
90.500 0.29518
91.000 0.29046
91.500 0.28590
92.000 0.28152
92.500 0.27734
93.000 0.27336
93.500 0.26960
94.000 0.26607
94.500 0.26279
95.000 0.25976
95.500 0.25701
96.000 0.25452
96.500 0.25232
97.000 0.25042
97.500 0.24881
98.000 0.24751
98.500 0.24652
99.000 0.24585
99.500 0.24551
100.00 0.24548
100.50 0.24579
101.00 0.24642
101.50 0.24739
102.00 0.24869
102.50 0.25032
103.00 0.25229
103.50 0.25459
104.00 0.25722
104.50 0.26018
105.00 0.26346
105.50 0.26707
106.00 0.27100
106.50 0.27525
107.00 0.27980
107.50 0.28467
108.00 0.28984
108.50 0.29530
109.00 0.30106
109.50 0.30710
110.00 0.31342
110.50 0.32001
111.00 0.32687
111.50 0.33398
112.00 0.34135
112.50 0.34895
113.00 0.35679
113.50 0.36486
114.00 0.37314
114.50 0.38164
115.00 0.39033
115.50 0.39921
116.00 0.40828
116.50 0.41752
117.00 0.42693
117.50 0.43649
118.00 0.44620
118.50 0.45604
119.00 0.46602
119.50 0.47611
120.00 0.48631
120.50 0.49661
121.00 0.50700
121.50 0.51748
122.00 0.52803
122.50 0.53864
123.00 0.54931
123.50 0.56002
124.00 0.57077
124.50 0.58156
125.00 0.59236
125.50 0.60317
126.00 0.61400
126.50 0.62481
127.00 0.63562
127.50 0.64641
128.00 0.65717
128.50 0.66790
129.00 0.67859
129.50 0.68923
130.00 0.69982
130.50 0.71035
131.00 0.72082
131.50 0.73121
132.00 0.74152
132.50 0.75175
133.00 0.76189
133.50 0.77194
134.00 0.78189
134.50 0.79173
135.00 0.80147
135.50 0.81110
136.00 0.82061
136.50 0.83000
137.00 0.83927
137.50 0.84841
138.00 0.85742
138.50 0.86630
139.00 0.87505
139.50 0.88365
140.00 0.89212
140.50 0.90045
141.00 0.90863
141.50 0.91667
142.00 0.92456
142.50 0.93230
143.00 0.93990
143.50 0.94734
144.00 0.95464
144.50 0.96178
145.00 0.96877
145.50 0.97561
146.00 0.98230
146.50 0.98884
147.00 0.99522
147.50 1.0015
148.00 1.0075
148.50 1.0135
149.00 1.0193
149.50 1.0249
150.00 1.0304
150.50 1.0357
151.00 1.0409
151.50 1.0460
152.00 1.0509
152.50 1.0557
153.00 1.0603
153.50 1.0648
154.00 1.0692
154.50 1.0734
155.00 1.0775
155.50 1.0815
156.00 1.0853
156.50 1.0891
157.00 1.0927
157.50 1.0961
158.00 1.0995
158.50 1.1027
159.00 1.1058
159.50 1.1089
160.00 1.1117
160.50 1.1145
161.00 1.1172
161.50 1.1198
162.00 1.1223
162.50 1.1247
163.00 1.1269
163.50 1.1291
164.00 1.1312
164.50 1.1332
165.00 1.1351
165.50 1.1370
166.00 1.1387
166.50 1.1404
167.00 1.1420
167.50 1.1435
168.00 1.1449
168.50 1.1463
169.00 1.1475
169.50 1.1488
170.00 1.1499
170.50 1.1510
171.00 1.1520
171.50 1.1529
172.00 1.1538
172.50 1.1547
173.00 1.1554
173.50 1.1561
174.00 1.1568
174.50 1.1574
175.00 1.1579
175.50 1.1584
176.00 1.1588
176.50 1.1592
177.00 1.1595
177.50 1.1598
178.00 1.1600
178.50 1.1602
179.00 1.1603
179.50 1.1604
180.00 1.1604
