0.0000 0.96613E-02
0.50000 0.96597E-02
1.0000 0.96550E-02
1.5000 0.96471E-02
2.0000 0.96362E-02
2.5000 0.96221E-02
3.0000 0.96049E-02
3.5000 0.95846E-02
4.0000 0.95613E-02
4.5000 0.95350E-02
5.0000 0.95057E-02
5.5000 0.94735E-02
6.0000 0.94384E-02
6.5000 0.94005E-02
7.0000 0.93598E-02
7.5000 0.93164E-02
8.0000 0.92703E-02
8.5000 0.92216E-02
9.0000 0.91704E-02
9.5000 0.91167E-02
10.000 0.90606E-02
10.500 0.90022E-02
11.000 0.89416E-02
11.500 0.88788E-02
12.000 0.88139E-02
12.500 0.87470E-02
13.000 0.86782E-02
13.500 0.86076E-02
14.000 0.85352E-02
14.500 0.84612E-02
15.000 0.83856E-02
15.500 0.83085E-02
16.000 0.82301E-02
16.500 0.81504E-02
17.000 0.80695E-02
17.500 0.79874E-02
18.000 0.79044E-02
18.500 0.78205E-02
19.000 0.77357E-02
19.500 0.76501E-02
20.000 0.75639E-02
20.500 0.74772E-02
21.000 0.73900E-02
21.500 0.73023E-02
22.000 0.72144E-02
22.500 0.71262E-02
23.000 0.70379E-02
23.500 0.69495E-02
24.000 0.68611E-02
24.500 0.67727E-02
25.000 0.66845E-02
25.500 0.65966E-02
26.000 0.65089E-02
26.500 0.64215E-02
27.000 0.63346E-02
27.500 0.62481E-02
28.000 0.61622E-02
28.500 0.60768E-02
29.000 0.59921E-02
29.500 0.59080E-02
30.000 0.58247E-02
30.500 0.57421E-02
31.000 0.56603E-02
31.500 0.55794E-02
32.000 0.54994E-02
32.500 0.54203E-02
33.000 0.53421E-02
33.500 0.52649E-02
34.000 0.51887E-02
34.500 0.51135E-02
35.000 0.50394E-02
35.500 0.49663E-02
36.000 0.48943E-02
36.500 0.48234E-02
37.000 0.47537E-02
37.500 0.46850E-02
38.000 0.46175E-02
38.500 0.45511E-02
39.000 0.44858E-02
39.500 0.44217E-02
40.000 0.43587E-02
40.500 0.42969E-02
41.000 0.42363E-02
41.500 0.41767E-02
42.000 0.41184E-02
42.500 0.40612E-02
43.000 0.40051E-02
43.500 0.39501E-02
44.000 0.38963E-02
44.500 0.38436E-02
45.000 0.37921E-02
45.500 0.37416E-02
46.000 0.36923E-02
46.500 0.36440E-02
47.000 0.35968E-02
47.500 0.35508E-02
48.000 0.35057E-02
48.500 0.34618E-02
49.000 0.34189E-02
49.500 0.33770E-02
50.000 0.33362E-02
50.500 0.32964E-02
51.000 0.32576E-02
51.500 0.32199E-02
52.000 0.31831E-02
52.500 0.31473E-02
53.000 0.31126E-02
53.500 0.30788E-02
54.000 0.30459E-02
54.500 0.30141E-02
55.000 0.29832E-02
55.500 0.29532E-02
56.000 0.29242E-02
56.500 0.28962E-02
57.000 0.28690E-02
57.500 0.28428E-02
58.000 0.28175E-02
58.500 0.27932E-02
59.000 0.27697E-02
59.500 0.27472E-02
60.000 0.27256E-02
60.500 0.27048E-02
61.000 0.26850E-02
61.500 0.26660E-02
62.000 0.26480E-02
62.500 0.26308E-02
63.000 0.26145E-02
63.500 0.25990E-02
64.000 0.25845E-02
64.500 0.25707E-02
65.000 0.25579E-02
65.500 0.25459E-02
66.000 0.25347E-02
66.500 0.25244E-02
67.000 0.25149E-02
67.500 0.25062E-02
68.000 0.24983E-02
68.500 0.24913E-02
69.000 0.24850E-02
69.500 0.24795E-02
70.000 0.24748E-02
70.500 0.24709E-02
71.000 0.24678E-02
71.500 0.24653E-02
72.000 0.24637E-02
72.500 0.24627E-02
73.000 0.24625E-02
73.500 0.24629E-02
74.000 0.24641E-02
74.500 0.24659E-02
75.000 0.24683E-02
75.500 0.24714E-02
76.000 0.24751E-02
76.500 0.24795E-02
77.000 0.24844E-02
77.500 0.24898E-02
78.000 0.24958E-02
78.500 0.25023E-02
79.000 0.25094E-02
79.500 0.25169E-02
80.000 0.25248E-02
80.500 0.25332E-02
81.000 0.25421E-02
81.500 0.25513E-02
82.000 0.25608E-02
82.500 0.25707E-02
83.000 0.25810E-02
83.500 0.25915E-02
84.000 0.26023E-02
84.500 0.26133E-02
85.000 0.26245E-02
85.500 0.26359E-02
86.000 0.26475E-02
86.500 0.26592E-02
87.000 0.26710E-02
87.500 0.26829E-02
88.000 0.26948E-02
88.500 0.27068E-02
89.000 0.27188E-02
89.500 0.27307E-02
90.000 0.27426E-02
90.500 0.27544E-02
91.000 0.27661E-02
91.500 0.27777E-02
92.000 0.27891E-02
92.500 0.28003E-02
93.000 0.28113E-02
93.500 0.28221E-02
94.000 0.28327E-02
94.500 0.28430E-02
95.000 0.28530E-02
95.500 0.28627E-02
96.000 0.28720E-02
96.500 0.28810E-02
97.000 0.28896E-02
97.500 0.28979E-02
98.000 0.29057E-02
98.500 0.29131E-02
99.000 0.29201E-02
99.500 0.29266E-02
100.00 0.29327E-02
100.50 0.29383E-02
101.00 0.29434E-02
101.50 0.29481E-02
102.00 0.29522E-02
102.50 0.29559E-02
103.00 0.29590E-02
103.50 0.29616E-02
104.00 0.29637E-02
104.50 0.29653E-02
105.00 0.29664E-02
105.50 0.29670E-02
106.00 0.29670E-02
106.50 0.29666E-02
107.00 0.29656E-02
107.50 0.29642E-02
108.00 0.29622E-02
108.50 0.29598E-02
109.00 0.29569E-02
109.50 0.29536E-02
110.00 0.29498E-02
110.50 0.29456E-02
111.00 0.29409E-02
111.50 0.29359E-02
112.00 0.29305E-02
112.50 0.29247E-02
113.00 0.29185E-02
113.50 0.29121E-02
114.00 0.29053E-02
114.50 0.28982E-02
115.00 0.28909E-02
115.50 0.28834E-02
116.00 0.28756E-02
116.50 0.28677E-02
117.00 0.28596E-02
117.50 0.28513E-02
118.00 0.28430E-02
118.50 0.28345E-02
119.00 0.28261E-02
119.50 0.28176E-02
120.00 0.28091E-02
120.50 0.28007E-02
121.00 0.27923E-02
121.50 0.27840E-02
122.00 0.27759E-02
122.50 0.27679E-02
123.00 0.27601E-02
123.50 0.27526E-02
124.00 0.27453E-02
124.50 0.27383E-02
125.00 0.27316E-02
125.50 0.27252E-02
126.00 0.27192E-02
126.50 0.27137E-02
127.00 0.27085E-02
127.50 0.27039E-02
128.00 0.26997E-02
128.50 0.26961E-02
129.00 0.26929E-02
129.50 0.26904E-02
130.00 0.26885E-02
130.50 0.26872E-02
131.00 0.26865E-02
131.50 0.26865E-02
132.00 0.26872E-02
132.50 0.26886E-02
133.00 0.26908E-02
133.50 0.26937E-02
134.00 0.26973E-02
134.50 0.27018E-02
135.00 0.27070E-02
135.50 0.27131E-02
136.00 0.27200E-02
136.50 0.27277E-02
137.00 0.27363E-02
137.50 0.27457E-02
138.00 0.27561E-02
138.50 0.27672E-02
139.00 0.27793E-02
139.50 0.27922E-02
140.00 0.28060E-02
140.50 0.28207E-02
141.00 0.28363E-02
141.50 0.28527E-02
142.00 0.28700E-02
142.50 0.28882E-02
143.00 0.29072E-02
143.50 0.29271E-02
144.00 0.29478E-02
144.50 0.29693E-02
145.00 0.29916E-02
145.50 0.30148E-02
146.00 0.30387E-02
146.50 0.30634E-02
147.00 0.30888E-02
147.50 0.31149E-02
148.00 0.31417E-02
148.50 0.31692E-02
149.00 0.31974E-02
149.50 0.32262E-02
150.00 0.32555E-02
150.50 0.32855E-02
151.00 0.33159E-02
151.50 0.33469E-02
152.00 0.33784E-02
152.50 0.34103E-02
153.00 0.34426E-02
153.50 0.34753E-02
154.00 0.35083E-02
154.50 0.35416E-02
155.00 0.35752E-02
155.50 0.36090E-02
156.00 0.36430E-02
156.50 0.36772E-02
157.00 0.37115E-02
157.50 0.37458E-02
158.00 0.37802E-02
158.50 0.38145E-02
159.00 0.38488E-02
159.50 0.38830E-02
160.00 0.39171E-02
160.50 0.39510E-02
161.00 0.39847E-02
161.50 0.40181E-02
162.00 0.40513E-02
162.50 0.40840E-02
163.00 0.41164E-02
163.50 0.41484E-02
164.00 0.41800E-02
164.50 0.42110E-02
165.00 0.42414E-02
165.50 0.42713E-02
166.00 0.43006E-02
166.50 0.43292E-02
167.00 0.43572E-02
167.50 0.43844E-02
168.00 0.44108E-02
168.50 0.44365E-02
169.00 0.44613E-02
169.50 0.44852E-02
170.00 0.45083E-02
170.50 0.45304E-02
171.00 0.45516E-02
171.50 0.45718E-02
172.00 0.45910E-02
172.50 0.46091E-02
173.00 0.46262E-02
173.50 0.46422E-02
174.00 0.46571E-02
174.50 0.46709E-02
175.00 0.46836E-02
175.50 0.46951E-02
176.00 0.47054E-02
176.50 0.47146E-02
177.00 0.47226E-02
177.50 0.47293E-02
178.00 0.47348E-02
178.50 0.47392E-02
179.00 0.47422E-02
179.50 0.47441E-02
180.00 0.47447E-02
