0.10000E-01 1.0000
0.50000 1.0043
1.0000 1.0128
1.5000 1.0050
2.0000 0.97658
2.5000 0.93107
3.0000 0.87463
3.5000 0.81379
4.0000 0.75448
4.5000 0.70155
5.0000 0.65866
5.5000 0.62826
6.0000 0.61163
6.5000 0.60896
7.0000 0.61952
7.5000 0.64180
8.0000 0.67362
8.5000 0.71238
9.0000 0.75515
9.5000 0.79888
10.000 0.84054
10.500 0.87727
11.000 0.90652
11.500 0.92615
12.000 0.93451
12.500 0.93053
13.000 0.91373
13.500 0.88425
14.000 0.84282
14.500 0.79074
15.000 0.72976
15.500 0.66207
16.000 0.59013
16.500 0.51661
17.000 0.44424
17.500 0.37571
18.000 0.31354
18.500 0.25998
19.000 0.21693
19.500 0.18584
20.000 0.16767
20.500 0.16286
21.000 0.17131
21.500 0.19239
22.000 0.22497
22.500 0.26748
23.000 0.31799
23.500 0.37428
24.000 0.43390
24.500 0.49435
25.000 0.55310
25.500 0.60774
26.000 0.65605
26.500 0.69608
27.000 0.72623
27.500 0.74532
28.000 0.75257
28.500 0.74769
29.000 0.73083
29.500 0.70260
30.000 0.66400
30.500 0.61640
31.000 0.56148
31.500 0.50115
32.000 0.43749
32.500 0.37263
33.000 0.30875
33.500 0.24791
34.000 0.19205
34.500 0.14289
35.000 0.10188
35.500 0.70168E-01
36.000 0.48571E-01
36.500 0.37541E-01
37.000 0.37173E-01
37.500 0.47211E-01
38.000 0.67067E-01
38.500 0.95852E-01
39.000 0.13242
39.500 0.17540
40.000 0.22327
40.500 0.27439
41.000 0.32709
41.500 0.37968
42.000 0.43054
42.500 0.47816
43.000 0.52118
43.500 0.55842
44.000 0.58891
44.500 0.61193
45.000 0.62699
45.500 0.63386
46.000 0.63255
46.500 0.62330
47.000 0.60655
47.500 0.58296
48.000 0.55332
48.500 0.51856
49.000 0.47969
49.500 0.43778
50.000 0.39393
50.500 0.34920
51.000 0.30465
51.500 0.26122
52.000 0.21977
52.500 0.18107
53.000 0.14572
53.500 0.11420
54.000 0.86840E-01
54.500 0.63826E-01
55.000 0.45203E-01
55.500 0.30884E-01
56.000 0.20664E-01
56.500 0.14234E-01
57.000 0.11198E-01
57.500 0.11092E-01
58.000 0.13410E-01
58.500 0.17615E-01
59.000 0.23165E-01
59.500 0.29534E-01
60.000 0.36222E-01
60.500 0.42778E-01
61.000 0.48809E-01
61.500 0.53990E-01
62.000 0.58077E-01
62.500 0.60907E-01
63.000 0.62399E-01
63.500 0.62561E-01
64.000 0.61479E-01
64.500 0.59314E-01
65.000 0.56298E-01
65.500 0.52717E-01
66.000 0.48910E-01
66.500 0.45250E-01
67.000 0.42133E-01
67.500 0.39969E-01
68.000 0.39164E-01
68.500 0.40114E-01
69.000 0.43188E-01
69.500 0.48721E-01
70.000 0.57004E-01
70.500 0.68274E-01
71.000 0.82712E-01
71.500 0.10043
72.000 0.12149
72.500 0.14587
73.000 0.17347
73.500 0.20416
74.000 0.23771
74.500 0.27385
75.000 0.31226
75.500 0.35256
76.000 0.39435
76.500 0.43717
77.000 0.48057
77.500 0.52406
78.000 0.56715
78.500 0.60936
79.000 0.65023
79.500 0.68930
80.000 0.72613
80.500 0.76035
81.000 0.79159
81.500 0.81954
82.000 0.84395
82.500 0.86462
83.000 0.88138
83.500 0.89414
84.000 0.90287
84.500 0.90759
85.000 0.90836
85.500 0.90534
86.000 0.89870
86.500 0.88867
87.000 0.87554
87.500 0.85964
88.000 0.84131
88.500 0.82096
89.000 0.79901
89.500 0.77588
90.000 0.75204
90.500 0.72795
91.000 0.70407
91.500 0.68087
92.000 0.65881
92.500 0.63831
93.000 0.61980
93.500 0.60368
94.000 0.59030
94.500 0.57999
95.000 0.57304
95.500 0.56970
96.000 0.57018
96.500 0.57461
97.000 0.58310
97.500 0.59571
98.000 0.61242
98.500 0.63319
99.000 0.65791
99.500 0.68642
100.00 0.71850
100.50 0.75391
101.00 0.79235
101.50 0.83346
102.00 0.87688
102.50 0.92219
103.00 0.96895
103.50 1.0167
104.00 1.0650
104.50 1.1133
105.00 1.1612
105.50 1.2081
106.00 1.2536
106.50 1.2972
107.00 1.3385
107.50 1.3771
108.00 1.4126
108.50 1.4446
109.00 1.4730
109.50 1.4975
110.00 1.5179
110.50 1.5341
111.00 1.5460
111.50 1.5538
112.00 1.5574
112.50 1.5571
113.00 1.5530
113.50 1.5455
114.00 1.5349
114.50 1.5216
115.00 1.5061
115.50 1.4888
116.00 1.4704
116.50 1.4513
117.00 1.4321
117.50 1.4135
118.00 1.3959
118.50 1.3801
119.00 1.3664
119.50 1.3555
120.00 1.3477
120.50 1.3434
121.00 1.3430
121.50 1.3467
122.00 1.3547
122.50 1.3669
123.00 1.3834
123.50 1.4040
124.00 1.4284
124.50 1.4564
125.00 1.4873
125.50 1.5208
126.00 1.5560
126.50 1.5924
127.00 1.6292
127.50 1.6654
128.00 1.7003
128.50 1.7328
129.00 1.7623
129.50 1.7877
130.00 1.8083
130.50 1.8232
131.00 1.8319
131.50 1.8336
132.00 1.8280
132.50 1.8148
133.00 1.7937
133.50 1.7647
134.00 1.7281
134.50 1.6841
135.00 1.6332
135.50 1.5763
136.00 1.5141
136.50 1.4478
137.00 1.3785
137.50 1.3075
138.00 1.2364
138.50 1.1667
139.00 1.0999
139.50 1.0378
140.00 0.98183
140.50 0.93375
141.00 0.89502
141.50 0.86704
142.00 0.85107
142.50 0.84819
143.00 0.85926
143.50 0.88490
144.00 0.92544
144.50 0.98095
145.00 1.0512
145.50 1.1355
146.00 1.2332
146.50 1.3429
147.00 1.4631
147.50 1.5920
148.00 1.7276
148.50 1.8676
149.00 2.0094
149.50 2.1504
150.00 2.2878
150.50 2.4188
151.00 2.5406
151.50 2.6504
152.00 2.7457
152.50 2.8239
153.00 2.8830
153.50 2.9211
154.00 2.9367
154.50 2.9287
155.00 2.8966
155.50 2.8401
156.00 2.7599
156.50 2.6568
157.00 2.5324
157.50 2.3889
158.00 2.2289
158.50 2.0556
159.00 1.8727
159.50 1.6844
160.00 1.4952
160.50 1.3101
161.00 1.1341
161.50 0.97256
162.00 0.83089
162.50 0.71449
163.00 0.62863
163.50 0.57841
164.00 0.56858
164.50 0.60352
165.00 0.68711
165.50 0.82263
166.00 1.0127
166.50 1.2593
167.00 1.5633
167.50 1.9252
168.00 2.3442
168.50 2.8188
169.00 3.3465
169.50 3.9241
170.00 4.5472
170.50 5.2109
171.00 5.9092
171.50 6.6357
172.00 7.3832
172.50 8.1439
173.00 8.9098
173.50 9.6725
174.00 10.423
174.50 11.154
175.00 11.855
175.50 12.519
176.00 13.137
176.50 13.702
177.00 14.207
177.50 14.646
178.00 15.013
178.50 15.303
179.00 15.513
179.50 15.641
179.99 15.683
