0 0.301280396
0.5 0.3011269066
1 0.3006760317
1.5 0.2999277711
2 0.2988725319
2.5 0.297519907
3 0.2958698966
3.5 0.2939129075
4 0.2916681258
4.5 0.2891163655
5 0.2862768126
5.5 0.2831494672
6 0.2797343293
6.5 0.2760313989
7 0.272050269
7.5 0.2678005328
8 0.2632917833
8.5 0.2585240206
9 0.2535164308
9.5 0.2482690138
10 0.242810549
10.5 0.2371506295
11 0.2312988482
11.5 0.2252743915
12 0.2191060385
12.5 0.2128033823
13 0.2063952022
13.5 0.1999006843
14 0.1933294218
14.5 0.18672938
15 0.180110152
15.5 0.1735005171
16 0.1669196615
16.5 0.1603963644
17 0.153949812
17.5 0.1476087834
18 0.141392465
18.5 0.1353200428
19 0.1294107031
19.5 0.123683632
20 0.1181580156
20.5 0.112843447
21 0.1077495194
21.5 0.1028954189
22 0.09828114554
22.5 0.09391821094
23 0.08980565583
23.5 0.08594731744
24 0.08234127717
24.5 0.07898561639
25 0.07587457925
25.5 0.07300145059
26 0.07035855595
26.5 0.06793630224
27 0.06572221845
27.5 0.06370479289
28 0.06187059523
28.5 0.06020427654
29 0.0586924065
29.5 0.05731963618
30 0.05607157596
30.5 0.05493095827
31 0.05388531211
31.5 0.05291832925
32 0.05201753866
32.5 0.05116855072
33 0.05035985374
33.5 0.04957993602
34 0.04881824515
34.5 0.04806518805
35 0.04731213096
35.5 0.04655235871
36 0.04578011544
36.5 0.04498964532
37 0.04417711111
37.5 0.04334059418
38 0.04247817593
38.5 0.04158697843
39 0.0406698796
39.5 0.03972496083
40 0.03875605934
40.5 0.03776317515
41 0.03674918617
41.5 0.03571888895
42 0.03467324279
42.5 0.03361800355
43 0.03255508985
43.5 0.03148929822
44 0.0304254252
44.5 0.02936730804
45 0.02831686534
45.5 0.02728081227
46 0.02626010813
46.5 0.02525954947
47 0.02428297352
47.5 0.02333133959
48 0.02240848491
48.5 0.02151632809
49 0.02065678777
49.5 0.01983082324
50 0.01904035311
50.5 0.01828633671
51 0.01756877403
51.5 0.01688862437
52 0.01624492844
52.5 0.01563768622
53 0.01506593842
53.5 0.01452968502
54 0.01402796673
54.5 0.01355790561
55 0.01311950167
55.5 0.0127117956
56 0.01233095017
56.5 0.01197792468
57 0.0116488819
57.5 0.01134382182
58 0.01105986654
58.5 0.01079605673
59 0.01055047378
59.5 0.01032119907
60 0.01010919191
60.5 0.009910615076
61 0.009725468555
61.5 0.009552984905
62 0.009392300748
62.5 0.009242840499
63 0.009104124504
63.5 0.008975864971
64 0.008857965969
64.5 0.008750331567
65 0.008653249557
65.5 0.00856681587
66 0.00849141423
66.5 0.00842752429
67 0.008375433844
67.5 0.008335718476
68 0.008308953772
68.5 0.008295619385
69 0.00829619497
69.5 0.008311160181
70 0.008340994673
70.5 0.008385986237
71 0.008446422666
71.5 0.008522495822
72 0.008614301636
72.5 0.008721840107
73 0.008844919375
73.5 0.008983347577
74 0.00913674099
74.5 0.00930461996
75 0.009486408902
75.5 0.009681340369
76 0.009888550983
76.5 0.0101072733
77 0.01033750731
77.5 0.01057637511
78 0.01082291736
78.5 0.0110780934
79 0.01133806597
79.5 0.0116037944
80 0.01187240075
80.5 0.01214292572
81 0.01241441
81.5 0.01268589428
82 0.01295545994
82.5 0.01322310698
83 0.01348595748
83.5 0.01374305213
84 0.01399439093
84.5 0.01423805527
85 0.01447404513
85.5 0.01470044192
86 0.0149162863
86.5 0.0151215783
87 0.01531439929
87.5 0.01549570858
88 0.01566454686
88.5 0.01581995482
89 0.01596097315
89.5 0.01608856117
90 0.01620080025
90.5 0.01629960902
91 0.01638402816
91.5 0.01645309836
92 0.01650777894
92.5 0.0165490292
93 0.01657493053
93.5 0.01658740154
94 0.01658548292
94.5 0.01657109329
95 0.01654423266
95.5 0.01650394171
96 0.01645309836
96.5 0.01638978401
97 0.01631687657
97.5 0.01623341674
98 0.01614132313
98.5 0.01603963644
99 0.01593123459
99.5 0.01581515828
100 0.0156923668
100.5 0.01556477878
101 0.01543239422
101.5 0.01529617243
102 0.0151561134
102.5 0.01501413576
103 0.0148702395
103.5 0.01472538393
104 0.01457956906
104.5 0.01443471349
105 0.01428985792
105.5 0.01414692097
106 0.01400686194
106.5 0.01386872153
107 0.01373345905
107.5 0.0136020338
108 0.01347444578
108.5 0.013350695
109 0.01323174076
109.5 0.01311758306
110 0.01300918121
110.5 0.0129055759
111 0.01280676713
111.5 0.01271371422
112 0.01262641716
112.5 0.01254391663
113 0.01246717196
113.5 0.01239618314
114 0.01233095017
114.5 0.01226955443
115 0.01221487385
115.5 0.01216403051
116 0.0121179837
116.5 0.01207577413
117 0.01203932041
117.5 0.01200574462
118 0.01197600606
118.5 0.01194914543
119 0.01192516272
119.5 0.01190501724
120 0.01188583107
120.5 0.01186952283
121 0.0118551332
121.5 0.01184170288
122 0.01182923188
122.5 0.01181772017
123 0.01180620847
123.5 0.01179469677
124 0.01178318507
124.5 0.01177071406
125 0.01175728375
125.5 0.01174289412
126 0.01172754518
126.5 0.01170931833
127 0.01169013216
127.5 0.01166902737
128 0.01164504466
128.5 0.01161818403
129 0.01158940478
129.5 0.0115577476
130 0.0115232125
130.5 0.01148579947
131 0.01144550852
131.5 0.01140233964
132 0.01135629283
132.5 0.01130736811
133 0.01125556545
133.5 0.01120088487
134 0.01114428568
134.5 0.01108576787
135 0.01102437213
135.5 0.01096105777
136 0.01089678411
136.5 0.01083059183
137 0.01076344024
137.5 0.01069532935
138 0.01062721845
138.5 0.01055814825
139 0.01049003735
139.5 0.01042288576
140 0.01035669348
140.5 0.01029146051
141 0.01022910546
141.5 0.01016770973
142 0.01011015122
142.5 0.01005451134
143 0.01000270868
143.5 0.009955702571
144 0.009911574384
144.5 0.00987224274
145 0.009837707638
145.5 0.009808928386
146 0.009784945676
146.5 0.009766718816
147 0.009754247807
147.5 0.009748491956
148 0.009747532648
148.5 0.009753288498
149 0.009765759508
149.5 0.009784945676
150 0.009809887694
150.5 0.009840585563
151 0.00987799859
151.5 0.009921167468
152 0.009970092197
152.5 0.01002573208
153 0.0100852092
153.5 0.01015044218
154 0.01022047169
154.5 0.01029529774
155 0.01037396103
155.5 0.01045550225
156 0.01054088069
156.5 0.01062913707
157 0.01071931206
157.5 0.01081140566
158 0.01090445858
158.5 0.0109984708
159 0.01109344233
159.5 0.01118841386
160 0.01128242609
160.5 0.01137451969
161 0.0114666133
161.5 0.01155582898
162 0.01164312605
162.5 0.01172754518
163 0.01181004571
163.5 0.01188774969
164 0.01196257574
164.5 0.01203356456
165 0.01210071615
165.5 0.01216403051
166 0.01222254832
166.5 0.0122772289
167 0.01232711293
167.5 0.01237220043
168 0.01241345069
168.5 0.01244990441
169 0.0124825209
169.5 0.01251130015
170 0.01253624217
170.5 0.01255734695
171 0.01257557381
171.5 0.01258996344
172 0.01260147514
172.5 0.01261106822
173 0.01261778338
173.5 0.01262257992
174 0.01262545785
174.5 0.01262641716
175 0.01262641716
175.5 0.01262545785
176 0.01262449854
176.5 0.01262257992
177 0.0126206613
177.5 0.01261778338
178 0.01261586476
178.5 0.01261394615
179 0.01261298684
179.5 0.01261202753
180 0.01261202753
