0.0000 0.31406
0.50000 0.31390
1.0000 0.31343
1.5000 0.31265
2.0000 0.31155
2.5000 0.31014
3.0000 0.30842
3.5000 0.30638
4.0000 0.30404
4.5000 0.30138
5.0000 0.29842
5.5000 0.29516
6.0000 0.29160
6.5000 0.28774
7.0000 0.28359
7.5000 0.27916
8.0000 0.27446
8.5000 0.26949
9.0000 0.26427
9.5000 0.25880
10.000 0.25311
10.500 0.24721
11.000 0.24111
11.500 0.23483
12.000 0.22840
12.500 0.22183
13.000 0.21515
13.500 0.20838
14.000 0.20153
14.500 0.19465
15.000 0.18775
15.500 0.18086
16.000 0.17400
16.500 0.16720
17.000 0.16048
17.500 0.15387
18.000 0.14739
18.500 0.14106
19.000 0.13490
19.500 0.12893
20.000 0.12317
20.500 0.11763
21.000 0.11232
21.500 0.10726
22.000 0.10245
22.500 0.97902E-01
23.000 0.93615E-01
23.500 0.89593E-01
24.000 0.85834E-01
24.500 0.82336E-01
25.000 0.79093E-01
25.500 0.76098E-01
26.000 0.73343E-01
26.500 0.70818E-01
27.000 0.68510E-01
27.500 0.66407E-01
28.000 0.64495E-01
28.500 0.62758E-01
29.000 0.61182E-01
29.500 0.59751E-01
30.000 0.58450E-01
30.500 0.57261E-01
31.000 0.56171E-01
31.500 0.55163E-01
32.000 0.54224E-01
32.500 0.53339E-01
33.000 0.52496E-01
33.500 0.51683E-01
34.000 0.50889E-01
34.500 0.50104E-01
35.000 0.49319E-01
35.500 0.48527E-01
36.000 0.47722E-01
36.500 0.46898E-01
37.000 0.46051E-01
37.500 0.45179E-01
38.000 0.44280E-01
38.500 0.43351E-01
39.000 0.42395E-01
39.500 0.41410E-01
40.000 0.40400E-01
40.500 0.39365E-01
41.000 0.38308E-01
41.500 0.37234E-01
42.000 0.36144E-01
42.500 0.35044E-01
43.000 0.33936E-01
43.500 0.32825E-01
44.000 0.31716E-01
44.500 0.30613E-01
45.000 0.29518E-01
45.500 0.28438E-01
46.000 0.27374E-01
46.500 0.26331E-01
47.000 0.25313E-01
47.500 0.24321E-01
48.000 0.23359E-01
48.500 0.22429E-01
49.000 0.21533E-01
49.500 0.20672E-01
50.000 0.19848E-01
50.500 0.19062E-01
51.000 0.18314E-01
51.500 0.17605E-01
52.000 0.16934E-01
52.500 0.16301E-01
53.000 0.15705E-01
53.500 0.15146E-01
54.000 0.14623E-01
54.500 0.14133E-01
55.000 0.13676E-01
55.500 0.13251E-01
56.000 0.12854E-01
56.500 0.12486E-01
57.000 0.12143E-01
57.500 0.11825E-01
58.000 0.11529E-01
58.500 0.11254E-01
59.000 0.10998E-01
59.500 0.10759E-01
60.000 0.10538E-01
60.500 0.10331E-01
61.000 0.10138E-01
61.500 0.99582E-02
62.000 0.97907E-02
62.500 0.96349E-02
63.000 0.94903E-02
63.500 0.93566E-02
64.000 0.92337E-02
64.500 0.91215E-02
65.000 0.90203E-02
65.500 0.89302E-02
66.000 0.88516E-02
66.500 0.87850E-02
67.000 0.87307E-02
67.500 0.86893E-02
68.000 0.86614E-02
68.500 0.86475E-02
69.000 0.86481E-02
69.500 0.86637E-02
70.000 0.86948E-02
70.500 0.87417E-02
71.000 0.88047E-02
71.500 0.88840E-02
72.000 0.89797E-02
72.500 0.90918E-02
73.000 0.92201E-02
73.500 0.93644E-02
74.000 0.95243E-02
74.500 0.96993E-02
75.000 0.98888E-02
75.500 0.10092E-01
76.000 0.10308E-01
76.500 0.10536E-01
77.000 0.10776E-01
77.500 0.11025E-01
78.000 0.11282E-01
78.500 0.11548E-01
79.000 0.11819E-01
79.500 0.12096E-01
80.000 0.12376E-01
80.500 0.12658E-01
81.000 0.12941E-01
81.500 0.13224E-01
82.000 0.13505E-01
82.500 0.13784E-01
83.000 0.14058E-01
83.500 0.14326E-01
84.000 0.14588E-01
84.500 0.14842E-01
85.000 0.15088E-01
85.500 0.15324E-01
86.000 0.15549E-01
86.500 0.15763E-01
87.000 0.15964E-01
87.500 0.16153E-01
88.000 0.16329E-01
88.500 0.16491E-01
89.000 0.16638E-01
89.500 0.16771E-01
90.000 0.16888E-01
90.500 0.16991E-01
91.000 0.17079E-01
91.500 0.17151E-01
92.000 0.17208E-01
92.500 0.17251E-01
93.000 0.17278E-01
93.500 0.17291E-01
94.000 0.17289E-01
94.500 0.17274E-01
95.000 0.17246E-01
95.500 0.17204E-01
96.000 0.17151E-01
96.500 0.17085E-01
97.000 0.17009E-01
97.500 0.16922E-01
98.000 0.16826E-01
98.500 0.16720E-01
99.000 0.16607E-01
99.500 0.16486E-01
100.00 0.16358E-01
100.50 0.16225E-01
101.00 0.16087E-01
101.50 0.15945E-01
102.00 0.15799E-01
102.50 0.15651E-01
103.00 0.15501E-01
103.50 0.15350E-01
104.00 0.15198E-01
104.50 0.15047E-01
105.00 0.14896E-01
105.50 0.14747E-01
106.00 0.14601E-01
106.50 0.14457E-01
107.00 0.14316E-01
107.50 0.14179E-01
108.00 0.14046E-01
108.50 0.13917E-01
109.00 0.13793E-01
109.50 0.13674E-01
110.00 0.13561E-01
110.50 0.13453E-01
111.00 0.13350E-01
111.50 0.13253E-01
112.00 0.13162E-01
112.50 0.13076E-01
113.00 0.12996E-01
113.50 0.12922E-01
114.00 0.12854E-01
114.50 0.12790E-01
115.00 0.12733E-01
115.50 0.12680E-01
116.00 0.12632E-01
116.50 0.12588E-01
117.00 0.12550E-01
117.50 0.12515E-01
118.00 0.12484E-01
118.50 0.12456E-01
119.00 0.12431E-01
119.50 0.12410E-01
120.00 0.12390E-01
120.50 0.12373E-01
121.00 0.12358E-01
121.50 0.12344E-01
122.00 0.12331E-01
122.50 0.12319E-01
123.00 0.12307E-01
123.50 0.12295E-01
124.00 0.12283E-01
124.50 0.12270E-01
125.00 0.12256E-01
125.50 0.12241E-01
126.00 0.12225E-01
126.50 0.12206E-01
127.00 0.12186E-01
127.50 0.12164E-01
128.00 0.12139E-01
128.50 0.12111E-01
129.00 0.12081E-01
129.50 0.12048E-01
130.00 0.12012E-01
130.50 0.11973E-01
131.00 0.11931E-01
131.50 0.11886E-01
132.00 0.11838E-01
132.50 0.11787E-01
133.00 0.11733E-01
133.50 0.11676E-01
134.00 0.11617E-01
134.50 0.11556E-01
135.00 0.11492E-01
135.50 0.11426E-01
136.00 0.11359E-01
136.50 0.11290E-01
137.00 0.11220E-01
137.50 0.11149E-01
138.00 0.11078E-01
138.50 0.11006E-01
139.00 0.10935E-01
139.50 0.10865E-01
140.00 0.10796E-01
140.50 0.10728E-01
141.00 0.10663E-01
141.50 0.10599E-01
142.00 0.10539E-01
142.50 0.10481E-01
143.00 0.10427E-01
143.50 0.10378E-01
144.00 0.10332E-01
144.50 0.10291E-01
145.00 0.10255E-01
145.50 0.10225E-01
146.00 0.10200E-01
146.50 0.10181E-01
147.00 0.10168E-01
147.50 0.10162E-01
148.00 0.10161E-01
148.50 0.10167E-01
149.00 0.10180E-01
149.50 0.10200E-01
150.00 0.10226E-01
150.50 0.10258E-01
151.00 0.10297E-01
151.50 0.10342E-01
152.00 0.10393E-01
152.50 0.10451E-01
153.00 0.10513E-01
153.50 0.10581E-01
154.00 0.10654E-01
154.50 0.10732E-01
155.00 0.10814E-01
155.50 0.10899E-01
156.00 0.10988E-01
156.50 0.11080E-01
157.00 0.11174E-01
157.50 0.11270E-01
158.00 0.11367E-01
158.50 0.11465E-01
159.00 0.11564E-01
159.50 0.11663E-01
160.00 0.11761E-01
160.50 0.11857E-01
161.00 0.11953E-01
161.50 0.12046E-01
162.00 0.12137E-01
162.50 0.12225E-01
163.00 0.12311E-01
163.50 0.12392E-01
164.00 0.12470E-01
164.50 0.12544E-01
165.00 0.12614E-01
165.50 0.12680E-01
166.00 0.12741E-01
166.50 0.12798E-01
167.00 0.12850E-01
167.50 0.12897E-01
168.00 0.12940E-01
168.50 0.12978E-01
169.00 0.13012E-01
169.50 0.13042E-01
170.00 0.13068E-01
170.50 0.13090E-01
171.00 0.13109E-01
171.50 0.13124E-01
172.00 0.13136E-01
172.50 0.13146E-01
173.00 0.13153E-01
173.50 0.13158E-01
174.00 0.13161E-01
174.50 0.13162E-01
175.00 0.13162E-01
175.50 0.13161E-01
176.00 0.13160E-01
176.50 0.13158E-01
177.00 0.13156E-01
177.50 0.13153E-01
178.00 0.13151E-01
178.50 0.13149E-01
179.00 0.13148E-01
179.50 0.13147E-01
180.00 0.13147E-01
