0 0.3281041793
0.5 0.3279370244
1 0.3274460069
1.5 0.3266311267
2 0.3254819368
2.5 0.3240088842
3 0.322211969
3.5 0.320080744
4 0.3176361035
4.5 0.3148571533
5 0.3117647876
5.5 0.3083590064
6 0.3046398099
6.5 0.3006071978
7 0.2962716175
7.5 0.2916435162
8 0.2867333409
8.5 0.2815410918
9 0.2760876631
9.5 0.2703730548
10 0.2644286086
10.5 0.2582647716
11 0.2518919909
11.5 0.245331161
12 0.2386136234
12.5 0.2317498252
13 0.224771108
13.5 0.2176983662
14 0.2105420469
14.5 0.2033543861
15 0.1961458309
15.5 0.1889477229
16 0.1817809565
16.5 0.1746768731
17 0.1676563672
17.5 0.1607507803
18 0.1539810068
18.5 0.1473679409
19 0.1409324772
19.5 0.1346955099
20 0.1286779334
20.5 0.1228901949
21 0.1173427416
21.5 0.1120564678
22 0.1070313735
22.5 0.1022799954
23 0.09780128875
23.5 0.09359943239
24 0.0896723369
24.5 0.08601791284
25 0.08262989191
25.5 0.07950096108
26 0.0766227626
26.5 0.07398484929
27 0.07157363982
27.5 0.06937659757
28 0.06737909649
28.5 0.06556442108
29 0.06391794529
29.5 0.06242295363
30 0.06106377533
30.5 0.05982160546
31 0.05868286269
31.5 0.0576297868
32 0.05664879647
32.5 0.05572422091
33 0.05484352352
33.5 0.05399416767
34 0.05316466147
34.5 0.05234455773
35 0.05152445399
35.5 0.05069703722
36 0.04985603911
36.5 0.04899519137
37 0.0481103151
37.5 0.04719932088
38 0.04626011927
38.5 0.04528957612
39 0.04429082558
39.5 0.04326177821
40 0.04220661289
40.5 0.04112532961
41 0.04002106254
41.5 0.03889903525
42 0.03776029248
42.5 0.03661110253
43 0.03545355483
43.5 0.03429287297
44 0.03313428055
44.5 0.03198195644
45 0.03083799008
45.5 0.02970969449
46 0.02859811439
46.5 0.02750847336
47 0.0264449503
47.5 0.0254085899
48 0.02440357105
48.5 0.02343198318
49 0.02249591573
49.5 0.02159641341
50 0.02073556566
50.5 0.0199144172
51 0.01913296803
51.5 0.01839226287
52 0.017691257
52.5 0.01702995041
53 0.0164072984
53.5 0.01582330096
54 0.01527691337
54.5 0.01476500148
55 0.01428756529
55.5 0.01384356008
56 0.01342880698
56.5 0.01304435071
57 0.01268601238
57.5 0.01235379201
58 0.01204455545
58.5 0.01175725796
59 0.01148981011
59.5 0.01124012248
60 0.01100923977
60.5 0.01079298311
61 0.01059135251
61.5 0.01040351219
62 0.0102285219
62.5 0.01006575481
63 0.009914688571
63.5 0.009775009756
64 0.009646613897
64.5 0.009529396521
65 0.009423671045
65.5 0.009329541941
66 0.009247427095
66.5 0.009177848867
67 0.009121120672
67.5 0.009077869341
68 0.009048721705
68.5 0.009034200122
69 0.009034826953
69.5 0.009051124556
70 0.00908361529
70.5 0.009132612571
71 0.009198429814
71.5 0.009281275963
72 0.009381255489
72.5 0.009498368392
73 0.00963240573
73.5 0.009783158558
74 0.009950208988
74.5 0.01013303466
75 0.01033100875
75.5 0.01054329548
76 0.0107689546
76.5 0.01100715033
77 0.01125788269
77.5 0.0115180175
78 0.01178651006
78.5 0.01206440509
79 0.01234752371
79.5 0.01263691063
80 0.01292943171
80.5 0.01322404223
81 0.01351969746
81.5 0.01381535269
82 0.01410891849
82.5 0.01440039485
83 0.01468664762
83.5 0.01496663208
84 0.01524034824
84.5 0.01550570665
85 0.01576270731
85.5 0.01600926079
86 0.01624432237
86.5 0.01646789205
87 0.0166778804
87.5 0.01687533213
88 0.01705920252
88.5 0.01722844686
89 0.01738202043
89.5 0.01752096794
90 0.01764319996
90.5 0.01775080593
91 0.01784274113
91.5 0.01791796083
92 0.01797750977
92.5 0.01802243265
93 0.01805064004
93.5 0.01806422137
94 0.01806213194
94.5 0.01804646116
95 0.01801720906
95.5 0.01797333089
96 0.01791796083
96.5 0.01784900944
97 0.01776961086
97.5 0.01767872038
98 0.01757842744
98.5 0.01746768731
99 0.01734963416
99.5 0.01722322327
100 0.01708949935
100.5 0.01695055183
101 0.01680638073
101.5 0.01665803075
102 0.01650550191
102.5 0.01635088362
103 0.0161941759
103.5 0.01603642346
104 0.0158776263
104.5 0.01571987386
105 0.01556212143
105.5 0.01540645842
106 0.01525392957
106.5 0.01510349016
107 0.0149561849
107.5 0.01481305852
108 0.01467411101
108.5 0.01453934237
109 0.01440979732
109.5 0.01428547586
110 0.01416742271
110.5 0.01405459315
111 0.01394698718
111.5 0.01384564952
112 0.01375058017
112.5 0.01366073441
113 0.01357715696
113.5 0.01349984782
114 0.01342880698
114.5 0.01336194502
115 0.01330239609
115.5 0.01324702603
116 0.01319687955
116.5 0.01315091196
117 0.01311121267
117.5 0.01307464753
118 0.01304226127
118.5 0.01301300916
119 0.01298689121
119.5 0.01296495213
120 0.01294405776
120.5 0.01292629756
121 0.01291062678
121.5 0.01289600073
122 0.01288241939
122.5 0.01286988278
123 0.01285734616
123.5 0.01284480954
124 0.01283227292
124.5 0.01281869159
125 0.01280406553
125.5 0.01278839476
126 0.01277167927
126.5 0.01275182963
127 0.01273093526
127.5 0.01270795146
128 0.01268183351
128.5 0.0126525814
129 0.01262123986
129.5 0.01258676416
130 0.01254915431
130.5 0.0125084103
131 0.01246453214
131.5 0.01241751982
132 0.01236737335
132.5 0.01231409273
133 0.01225767795
133.5 0.01219812901
134 0.01213649064
134.5 0.01207276283
135 0.01200590087
135.5 0.01193694948
136 0.01186695336
136.5 0.01179486781
137 0.01172173754
137.5 0.01164756255
138 0.01157338756
138.5 0.01149816786
139 0.01142399287
139.5 0.0113508626
140 0.01127877705
140.5 0.01120773621
141 0.01113982954
141.5 0.01107296757
142 0.01101028449
142.5 0.01094969083
143 0.01089327605
143.5 0.01084208487
144 0.01079402783
144.5 0.01075119439
145 0.01071358453
145.5 0.01068224299
146 0.01065612504
146.5 0.01063627539
147 0.01062269406
147.5 0.01061642575
148 0.01061538103
148.5 0.01062164934
149 0.01063523067
149.5 0.01065612504
150 0.01068328771
150.5 0.01071671869
151 0.0107574627
151.5 0.01080447501
152 0.01085775564
152.5 0.01091834929
153 0.01098312181
153.5 0.01105416265
154 0.01113042707
154.5 0.01121191509
155 0.01129758197
155.5 0.01138638302
156 0.01147936293
156.5 0.011575477
157 0.01167368051
157.5 0.01177397345
158 0.01187531111
158.5 0.01197769348
159 0.01208112058
159.5 0.01218454768
160 0.01228693005
160.5 0.012387223
161 0.01248751594
161.5 0.01258467472
162 0.01267974407
162.5 0.01277167927
163 0.01286152503
163.5 0.0129461472
164 0.01302763522
164.5 0.01310494436
165 0.01317807463
165.5 0.01324702603
166 0.01331075383
166.5 0.01337030277
167 0.01342462811
167.5 0.01347372986
168 0.01351865274
168.5 0.01355835203
169 0.01359387245
169.5 0.01362521399
170 0.01365237666
170.5 0.01367536046
171 0.01369521011
171.5 0.01371088088
172 0.0137234175
172.5 0.01373386468
173 0.01374117771
173.5 0.0137464013
174 0.01374953545
174.5 0.01375058017
175 0.01375058017
175.5 0.01374953545
176 0.01374849073
176.5 0.0137464013
177 0.01374431186
177.5 0.01374117771
178 0.01373908827
178.5 0.01373699883
179 0.01373595411
179.5 0.0137349094
180 0.0137349094
