0.0000 2.3114
0.50000 2.3128
1.0000 2.3170
1.5000 2.3231
2.0000 2.3301
2.5000 2.3366
3.0000 2.3410
3.5000 2.3417
4.0000 2.3370
4.5000 2.3258
5.0000 2.3072
5.5000 2.2804
6.0000 2.2456
6.5000 2.2031
7.0000 2.1536
7.5000 2.0983
8.0000 2.0386
8.5000 1.9760
9.0000 1.9119
9.5000 1.8478
10.000 1.7847
10.500 1.7236
11.000 1.6649
11.500 1.6087
12.000 1.5550
12.500 1.5032
13.000 1.4527
13.500 1.4029
14.000 1.3528
14.500 1.3020
15.000 1.2498
15.500 1.1959
16.000 1.1405
16.500 1.0837
17.000 1.0260
17.500 0.96801
18.000 0.91060
18.500 0.85460
19.000 0.80083
19.500 0.75002
20.000 0.70275
20.500 0.65939
21.000 0.62011
21.500 0.58483
22.000 0.55330
22.500 0.52509
23.000 0.49968
23.500 0.47648
24.000 0.45494
24.500 0.43456
25.000 0.41496
25.500 0.39592
26.000 0.37736
26.500 0.35934
27.000 0.34207
27.500 0.32583
28.000 0.31097
28.500 0.29782
29.000 0.28668
29.500 0.27773
30.000 0.27105
30.500 0.26657
31.000 0.26410
31.500 0.26329
32.000 0.26370
32.500 0.26484
33.000 0.26618
33.500 0.26722
34.000 0.26752
34.500 0.26675
35.000 0.26470
35.500 0.26131
36.000 0.25664
36.500 0.25089
37.000 0.24436
37.500 0.23739
38.000 0.23038
38.500 0.22369
39.000 0.21763
39.500 0.21241
40.000 0.20816
40.500 0.20488
41.000 0.20245
41.500 0.20065
42.000 0.19920
42.500 0.19774
43.000 0.19595
43.500 0.19349
44.000 0.19011
44.500 0.18564
45.000 0.18001
45.500 0.17326
46.000 0.16555
46.500 0.15712
47.000 0.14830
47.500 0.13946
48.000 0.13095
48.500 0.12313
49.000 0.11628
49.500 0.11062
50.000 0.10626
50.500 0.10320
51.000 0.10135
51.500 0.10051
52.000 0.10042
52.500 0.10078
53.000 0.10125
53.500 0.10153
54.000 0.10135
54.500 0.10049
55.000 0.98835E-01
55.500 0.96350E-01
56.000 0.93090E-01
56.500 0.89195E-01
57.000 0.84870E-01
57.500 0.80366E-01
58.000 0.75956E-01
58.500 0.71906E-01
59.000 0.68453E-01
59.500 0.65780E-01
60.000 0.64003E-01
60.500 0.63160E-01
61.000 0.63209E-01
61.500 0.64032E-01
62.000 0.65448E-01
62.500 0.67230E-01
63.000 0.69124E-01
63.500 0.70876E-01
64.000 0.72248E-01
64.500 0.73043E-01
65.000 0.73121E-01
65.500 0.72405E-01
66.000 0.70890E-01
66.500 0.68639E-01
67.000 0.65775E-01
67.500 0.62469E-01
68.000 0.58923E-01
68.500 0.55351E-01
69.000 0.51960E-01
69.500 0.48932E-01
70.000 0.46409E-01
70.500 0.44483E-01
71.000 0.43189E-01
71.500 0.42505E-01
72.000 0.42355E-01
72.500 0.42622E-01
73.000 0.43156E-01
73.500 0.43790E-01
74.000 0.44358E-01
74.500 0.44708E-01
75.000 0.44713E-01
75.500 0.44286E-01
76.000 0.43383E-01
76.500 0.42005E-01
77.000 0.40197E-01
77.500 0.38044E-01
78.000 0.35658E-01
78.500 0.33170E-01
79.000 0.30717E-01
79.500 0.28430E-01
80.000 0.26420E-01
80.500 0.24777E-01
81.000 0.23552E-01
81.500 0.22764E-01
82.000 0.22396E-01
82.500 0.22394E-01
83.000 0.22682E-01
83.500 0.23162E-01
84.000 0.23725E-01
84.500 0.24263E-01
85.000 0.24676E-01
85.500 0.24880E-01
86.000 0.24813E-01
86.500 0.24442E-01
87.000 0.23761E-01
87.500 0.22792E-01
88.000 0.21580E-01
88.500 0.20193E-01
89.000 0.18709E-01
89.500 0.17215E-01
90.000 0.15795E-01
90.500 0.14527E-01
91.000 0.13473E-01
91.500 0.12679E-01
92.000 0.12170E-01
92.500 0.11945E-01
93.000 0.11988E-01
93.500 0.12257E-01
94.000 0.12701E-01
94.500 0.13254E-01
95.000 0.13847E-01
95.500 0.14411E-01
96.000 0.14883E-01
96.500 0.15207E-01
97.000 0.15346E-01
97.500 0.15274E-01
98.000 0.14984E-01
98.500 0.14486E-01
99.000 0.13806E-01
99.500 0.12982E-01
100.00 0.12062E-01
100.50 0.11102E-01
101.00 0.10157E-01
101.50 0.92822E-02
102.00 0.85277E-02
102.50 0.79334E-02
103.00 0.75289E-02
103.50 0.73302E-02
104.00 0.73400E-02
104.50 0.75469E-02
105.00 0.79270E-02
105.50 0.84449E-02
106.00 0.90569E-02
106.50 0.97133E-02
107.00 0.10362E-01
107.50 0.10952E-01
108.00 0.11436E-01
108.50 0.11775E-01
109.00 0.11939E-01
109.50 0.11913E-01
110.00 0.11692E-01
110.50 0.11288E-01
111.00 0.10724E-01
111.50 0.10038E-01
112.00 0.92746E-02
112.50 0.84871E-02
113.00 0.77310E-02
113.50 0.70608E-02
114.00 0.65255E-02
114.50 0.61656E-02
115.00 0.60089E-02
115.50 0.60685E-02
116.00 0.63413E-02
116.50 0.68075E-02
117.00 0.74320E-02
117.50 0.81665E-02
118.00 0.89529E-02
118.50 0.97275E-02
119.00 0.10426E-01
119.50 0.10989E-01
120.00 0.11366E-01
120.50 0.11521E-01
121.00 0.11434E-01
121.50 0.11104E-01
122.00 0.10552E-01
122.50 0.98155E-02
123.00 0.89477E-02
123.50 0.80148E-02
124.00 0.70896E-02
124.50 0.62454E-02
125.00 0.55507E-02
125.50 0.50627E-02
126.00 0.48227E-02
126.50 0.48521E-02
127.00 0.51504E-02
127.50 0.56945E-02
128.00 0.64406E-02
128.50 0.73272E-02
129.00 0.82803E-02
129.50 0.92193E-02
130.00 0.10064E-01
130.50 0.10742E-01
131.00 0.11193E-01
131.50 0.11378E-01
132.00 0.11279E-01
132.50 0.10903E-01
133.00 0.10282E-01
133.50 0.94695E-02
134.00 0.85380E-02
134.50 0.75706E-02
135.00 0.66551E-02
135.50 0.58769E-02
136.00 0.53104E-02
136.50 0.50132E-02
137.00 0.50203E-02
137.50 0.53410E-02
138.00 0.59575E-02
138.50 0.68263E-02
139.00 0.78819E-02
139.50 0.90419E-02
140.00 0.10215E-01
140.50 0.11306E-01
141.00 0.12231E-01
141.50 0.12916E-01
142.00 0.13311E-01
142.50 0.13392E-01
143.00 0.13160E-01
143.50 0.12649E-01
144.00 0.11916E-01
144.50 0.11039E-01
145.00 0.10112E-01
145.50 0.92310E-02
146.00 0.84915E-02
146.50 0.79757E-02
147.00 0.77464E-02
147.50 0.78399E-02
148.00 0.82635E-02
148.50 0.89931E-02
149.00 0.99760E-02
149.50 0.11135E-01
150.00 0.12376E-01
150.50 0.13595E-01
151.00 0.14689E-01
151.50 0.15567E-01
152.00 0.16156E-01
152.50 0.16414E-01
153.00 0.16327E-01
153.50 0.15919E-01
154.00 0.15245E-01
154.50 0.14391E-01
155.00 0.13466E-01
155.50 0.12588E-01
156.00 0.11880E-01
156.50 0.11454E-01
157.00 0.11399E-01
157.50 0.11776E-01
158.00 0.12607E-01
158.50 0.13872E-01
159.00 0.15512E-01
159.50 0.17428E-01
160.00 0.19494E-01
160.50 0.21561E-01
161.00 0.23477E-01
161.50 0.25096E-01
162.00 0.26295E-01
162.50 0.26983E-01
163.00 0.27116E-01
163.50 0.26700E-01
164.00 0.25793E-01
164.50 0.24507E-01
165.00 0.22994E-01
165.50 0.21444E-01
166.00 0.20061E-01
166.50 0.19054E-01
167.00 0.18615E-01
167.50 0.18904E-01
168.00 0.20032E-01
168.50 0.22053E-01
169.00 0.24953E-01
169.50 0.28648E-01
170.00 0.32991E-01
170.50 0.37776E-01
171.00 0.42754E-01
171.50 0.47649E-01
172.00 0.52178E-01
172.50 0.56071E-01
173.00 0.59092E-01
173.50 0.61054E-01
174.00 0.61840E-01
174.50 0.61405E-01
175.00 0.59788E-01
175.50 0.57104E-01
176.00 0.53543E-01
176.50 0.49354E-01
177.00 0.44828E-01
177.50 0.40280E-01
178.00 0.36028E-01
178.50 0.32368E-01
179.00 0.29554E-01
179.50 0.27783E-01
180.00 0.27179E-01
