0.0000 0.88849E-01
0.50000 0.88792E-01
1.0000 0.88621E-01
1.5000 0.88336E-01
2.0000 0.87938E-01
2.5000 0.87427E-01
3.0000 0.86803E-01
3.5000 0.86067E-01
4.0000 0.85221E-01
4.5000 0.84267E-01
5.0000 0.83206E-01
5.5000 0.82043E-01
6.0000 0.80781E-01
6.5000 0.79425E-01
7.0000 0.77982E-01
7.5000 0.76458E-01
8.0000 0.74861E-01
8.5000 0.73201E-01
9.0000 0.71488E-01
9.5000 0.69732E-01
10.000 0.67947E-01
10.500 0.66144E-01
11.000 0.64337E-01
11.500 0.62539E-01
12.000 0.60766E-01
12.500 0.59030E-01
13.000 0.57346E-01
13.500 0.55727E-01
14.000 0.54186E-01
14.500 0.52735E-01
15.000 0.51384E-01
15.500 0.50144E-01
16.000 0.49022E-01
16.500 0.48026E-01
17.000 0.47159E-01
17.500 0.46424E-01
18.000 0.45824E-01
18.500 0.45357E-01
19.000 0.45020E-01
19.500 0.44808E-01
20.000 0.44716E-01
20.500 0.44734E-01
21.000 0.44854E-01
21.500 0.45064E-01
22.000 0.45353E-01
22.500 0.45705E-01
23.000 0.46109E-01
23.500 0.46549E-01
24.000 0.47010E-01
24.500 0.47478E-01
25.000 0.47938E-01
25.500 0.48376E-01
26.000 0.48778E-01
26.500 0.49132E-01
27.000 0.49426E-01
27.500 0.49649E-01
28.000 0.49792E-01
28.500 0.49847E-01
29.000 0.49808E-01
29.500 0.49670E-01
30.000 0.49429E-01
30.500 0.49083E-01
31.000 0.48633E-01
31.500 0.48078E-01
32.000 0.47422E-01
32.500 0.46668E-01
33.000 0.45820E-01
33.500 0.44885E-01
34.000 0.43869E-01
34.500 0.42779E-01
35.000 0.41624E-01
35.500 0.40411E-01
36.000 0.39150E-01
36.500 0.37850E-01
37.000 0.36519E-01
37.500 0.35167E-01
38.000 0.33802E-01
38.500 0.32432E-01
39.000 0.31066E-01
39.500 0.29711E-01
40.000 0.28374E-01
40.500 0.27062E-01
41.000 0.25780E-01
41.500 0.24534E-01
42.000 0.23328E-01
42.500 0.22165E-01
43.000 0.21050E-01
43.500 0.19985E-01
44.000 0.18971E-01
44.500 0.18011E-01
45.000 0.17104E-01
45.500 0.16252E-01
46.000 0.15453E-01
46.500 0.14709E-01
47.000 0.14018E-01
47.500 0.13378E-01
48.000 0.12789E-01
48.500 0.12249E-01
49.000 0.11756E-01
49.500 0.11308E-01
50.000 0.10903E-01
50.500 0.10541E-01
51.000 0.10217E-01
51.500 0.99307E-02
52.000 0.96799E-02
52.500 0.94624E-02
53.000 0.92766E-02
53.500 0.91204E-02
54.000 0.89922E-02
54.500 0.88902E-02
55.000 0.88129E-02
55.500 0.87586E-02
56.000 0.87260E-02
56.500 0.87135E-02
57.000 0.87199E-02
57.500 0.87438E-02
58.000 0.87839E-02
58.500 0.88391E-02
59.000 0.89080E-02
59.500 0.89895E-02
60.000 0.90824E-02
60.500 0.91855E-02
61.000 0.92977E-02
61.500 0.94178E-02
62.000 0.95445E-02
62.500 0.96768E-02
63.000 0.98135E-02
63.500 0.99534E-02
64.000 0.10095E-01
64.500 0.10238E-01
65.000 0.10381E-01
65.500 0.10522E-01
66.000 0.10661E-01
66.500 0.10796E-01
67.000 0.10927E-01
67.500 0.11052E-01
68.000 0.11171E-01
68.500 0.11282E-01
69.000 0.11385E-01
69.500 0.11479E-01
70.000 0.11564E-01
70.500 0.11637E-01
71.000 0.11700E-01
71.500 0.11752E-01
72.000 0.11791E-01
72.500 0.11818E-01
73.000 0.11833E-01
73.500 0.11835E-01
74.000 0.11823E-01
74.500 0.11799E-01
75.000 0.11761E-01
75.500 0.11711E-01
76.000 0.11647E-01
76.500 0.11571E-01
77.000 0.11482E-01
77.500 0.11382E-01
78.000 0.11269E-01
78.500 0.11145E-01
79.000 0.11011E-01
79.500 0.10865E-01
80.000 0.10710E-01
80.500 0.10546E-01
81.000 0.10372E-01
81.500 0.10190E-01
82.000 0.10001E-01
82.500 0.98044E-02
83.000 0.96014E-02
83.500 0.93925E-02
84.000 0.91783E-02
84.500 0.89594E-02
85.000 0.87364E-02
85.500 0.85100E-02
86.000 0.82806E-02
86.500 0.80490E-02
87.000 0.78156E-02
87.500 0.75810E-02
88.000 0.73458E-02
88.500 0.71105E-02
89.000 0.68757E-02
89.500 0.66419E-02
90.000 0.64095E-02
90.500 0.61791E-02
91.000 0.59511E-02
91.500 0.57260E-02
92.000 0.55042E-02
92.500 0.52862E-02
93.000 0.50723E-02
93.500 0.48630E-02
94.000 0.46586E-02
94.500 0.44595E-02
95.000 0.42659E-02
95.500 0.40783E-02
96.000 0.38968E-02
96.500 0.37219E-02
97.000 0.35536E-02
97.500 0.33923E-02
98.000 0.32382E-02
98.500 0.30915E-02
99.000 0.29522E-02
99.500 0.28206E-02
100.00 0.26967E-02
100.50 0.25807E-02
101.00 0.24725E-02
101.50 0.23723E-02
102.00 0.22799E-02
102.50 0.21954E-02
103.00 0.21186E-02
103.50 0.20495E-02
104.00 0.19880E-02
104.50 0.19339E-02
105.00 0.18870E-02
105.50 0.18471E-02
106.00 0.18140E-02
106.50 0.17873E-02
107.00 0.17669E-02
107.50 0.17524E-02
108.00 0.17434E-02
108.50 0.17397E-02
109.00 0.17409E-02
109.50 0.17465E-02
110.00 0.17563E-02
110.50 0.17699E-02
111.00 0.17867E-02
111.50 0.18065E-02
112.00 0.18288E-02
112.50 0.18533E-02
113.00 0.18795E-02
113.50 0.19071E-02
114.00 0.19357E-02
114.50 0.19649E-02
115.00 0.19944E-02
115.50 0.20239E-02
116.00 0.20529E-02
116.50 0.20813E-02
117.00 0.21088E-02
117.50 0.21351E-02
118.00 0.21600E-02
118.50 0.21833E-02
119.00 0.22048E-02
119.50 0.22243E-02
120.00 0.22418E-02
120.50 0.22572E-02
121.00 0.22702E-02
121.50 0.22810E-02
122.00 0.22895E-02
122.50 0.22956E-02
123.00 0.22994E-02
123.50 0.23009E-02
124.00 0.23002E-02
124.50 0.22972E-02
125.00 0.22920E-02
125.50 0.22848E-02
126.00 0.22756E-02
126.50 0.22644E-02
127.00 0.22514E-02
127.50 0.22367E-02
128.00 0.22202E-02
128.50 0.22022E-02
129.00 0.21826E-02
129.50 0.21616E-02
130.00 0.21392E-02
130.50 0.21154E-02
131.00 0.20903E-02
131.50 0.20640E-02
132.00 0.20365E-02
132.50 0.20077E-02
133.00 0.19777E-02
133.50 0.19465E-02
134.00 0.19141E-02
134.50 0.18805E-02
135.00 0.18457E-02
135.50 0.18096E-02
136.00 0.17722E-02
136.50 0.17335E-02
137.00 0.16934E-02
137.50 0.16520E-02
138.00 0.16092E-02
138.50 0.15650E-02
139.00 0.15194E-02
139.50 0.14724E-02
140.00 0.14241E-02
140.50 0.13744E-02
141.00 0.13235E-02
141.50 0.12714E-02
142.00 0.12181E-02
142.50 0.11638E-02
143.00 0.11087E-02
143.50 0.10528E-02
144.00 0.99635E-03
144.50 0.93950E-03
145.00 0.88245E-03
145.50 0.82543E-03
146.00 0.76866E-03
146.50 0.71239E-03
147.00 0.65687E-03
147.50 0.60236E-03
148.00 0.54914E-03
148.50 0.49748E-03
149.00 0.44766E-03
149.50 0.39995E-03
150.00 0.35463E-03
150.50 0.31197E-03
151.00 0.27221E-03
151.50 0.23561E-03
152.00 0.20240E-03
152.50 0.17278E-03
153.00 0.14696E-03
153.50 0.12509E-03
154.00 0.10732E-03
154.50 0.93783E-04
155.00 0.84554E-04
155.50 0.79697E-04
156.00 0.79243E-04
156.50 0.83192E-04
157.00 0.91512E-04
157.50 0.10414E-03
158.00 0.12099E-03
158.50 0.14194E-03
159.00 0.16683E-03
159.50 0.19550E-03
160.00 0.22775E-03
160.50 0.26336E-03
161.00 0.30208E-03
161.50 0.34365E-03
162.00 0.38782E-03
162.50 0.43428E-03
163.00 0.48274E-03
163.50 0.53291E-03
164.00 0.58448E-03
164.50 0.63714E-03
165.00 0.69059E-03
165.50 0.74452E-03
166.00 0.79865E-03
166.50 0.85270E-03
167.00 0.90638E-03
167.50 0.95945E-03
168.00 0.10117E-02
168.50 0.10628E-02
169.00 0.11126E-02
169.50 0.11610E-02
170.00 0.12077E-02
170.50 0.12526E-02
171.00 0.12956E-02
171.50 0.13366E-02
172.00 0.13754E-02
172.50 0.14120E-02
173.00 0.14463E-02
173.50 0.14784E-02
174.00 0.15080E-02
174.50 0.15353E-02
175.00 0.15602E-02
175.50 0.15827E-02
176.00 0.16028E-02
176.50 0.16205E-02
177.00 0.16358E-02
177.50 0.16488E-02
178.00 0.16594E-02
178.50 0.16676E-02
179.00 0.16734E-02
179.50 0.16769E-02
180.00 0.16781E-02
