# 361 angles,  3 tensor ranks for 0=projectile
@subtitle   "9Be(6Li,d)13C"                                                                 
@legend ON
@legend x1 0.2
@legend y1 0.8
@g0 type LOGY
@yaxis ticklabel format power
@legend string   0 "Lab energy =   32.0000"
#legend string   0 "Partition=  2 Excit=  1 near/far= 1"
#  Theta       sigma       iT11        T20         T21         T22         Kyy for projectile
   0.000      0.6842E-01   0.000     -0.3385E-02   0.000       0.000    
  0.5000      0.6837E-01 -0.1602E-03 -0.3385E-02 -0.1362E-03  0.4206E-06
   1.000      0.6820E-01 -0.3197E-03 -0.3384E-02 -0.2724E-03  0.1687E-05
   1.500      0.6793E-01 -0.4776E-03 -0.3383E-02 -0.4085E-03  0.3812E-05
   2.000      0.6756E-01 -0.6333E-03 -0.3381E-02 -0.5445E-03  0.6818E-05
   2.500      0.6708E-01 -0.7859E-03 -0.3378E-02 -0.6803E-03  0.1074E-04
   3.000      0.6649E-01 -0.9347E-03 -0.3374E-02 -0.8160E-03  0.1560E-04
   3.500      0.6581E-01 -0.1079E-02 -0.3369E-02 -0.9514E-03  0.2146E-04
   4.000      0.6504E-01 -0.1217E-02 -0.3362E-02 -0.1087E-02  0.2836E-04
   4.500      0.6417E-01 -0.1349E-02 -0.3354E-02 -0.1221E-02  0.3636E-04
   5.000      0.6321E-01 -0.1474E-02 -0.3345E-02 -0.1355E-02  0.4552E-04
   5.500      0.6218E-01 -0.1590E-02 -0.3333E-02 -0.1489E-02  0.5591E-04
   6.000      0.6107E-01 -0.1696E-02 -0.3319E-02 -0.1622E-02  0.6759E-04
   6.500      0.5990E-01 -0.1792E-02 -0.3302E-02 -0.1754E-02  0.8066E-04
   7.000      0.5866E-01 -0.1876E-02 -0.3281E-02 -0.1884E-02  0.9519E-04
   7.500      0.5737E-01 -0.1948E-02 -0.3256E-02 -0.2013E-02  0.1113E-03
   8.000      0.5605E-01 -0.2005E-02 -0.3227E-02 -0.2140E-02  0.1290E-03
   8.500      0.5468E-01 -0.2046E-02 -0.3192E-02 -0.2264E-02  0.1486E-03
   9.000      0.5330E-01 -0.2072E-02 -0.3150E-02 -0.2386E-02  0.1699E-03
   9.500      0.5190E-01 -0.2079E-02 -0.3102E-02 -0.2503E-02  0.1933E-03
   10.00      0.5050E-01 -0.2067E-02 -0.3045E-02 -0.2616E-02  0.2188E-03
   10.50      0.4911E-01 -0.2035E-02 -0.2979E-02 -0.2723E-02  0.2465E-03
   11.00      0.4773E-01 -0.1982E-02 -0.2903E-02 -0.2823E-02  0.2765E-03
   11.50      0.4639E-01 -0.1907E-02 -0.2815E-02 -0.2916E-02  0.3089E-03
   12.00      0.4508E-01 -0.1809E-02 -0.2714E-02 -0.2998E-02  0.3436E-03
   12.50      0.4383E-01 -0.1688E-02 -0.2600E-02 -0.3070E-02  0.3806E-03
   13.00      0.4263E-01 -0.1544E-02 -0.2471E-02 -0.3130E-02  0.4199E-03
   13.50      0.4151E-01 -0.1377E-02 -0.2327E-02 -0.3175E-02  0.4613E-03
   14.00      0.4045E-01 -0.1188E-02 -0.2168E-02 -0.3205E-02  0.5044E-03
   14.50      0.3948E-01 -0.9782E-03 -0.1994E-02 -0.3218E-02  0.5491E-03
   15.00      0.3860E-01 -0.7502E-03 -0.1804E-02 -0.3213E-02  0.5948E-03
   15.50      0.3782E-01 -0.5064E-03 -0.1601E-02 -0.3188E-02  0.6410E-03
   16.00      0.3713E-01 -0.2499E-03 -0.1384E-02 -0.3144E-02  0.6873E-03
   16.50      0.3654E-01  0.1569E-04 -0.1156E-02 -0.3080E-02  0.7330E-03
   17.00      0.3605E-01  0.2862E-03 -0.9191E-03 -0.2997E-02  0.7774E-03
   17.50      0.3566E-01  0.5573E-03 -0.6757E-03 -0.2895E-02  0.8201E-03
   18.00      0.3536E-01  0.8247E-03 -0.4283E-03 -0.2775E-02  0.8604E-03
   18.50      0.3517E-01  0.1084E-02 -0.1800E-03 -0.2641E-02  0.8979E-03
   19.00      0.3506E-01  0.1331E-02  0.6656E-04 -0.2492E-02  0.9322E-03
   19.50      0.3504E-01  0.1563E-02  0.3086E-03 -0.2333E-02  0.9629E-03
   20.00      0.3509E-01  0.1776E-02  0.5438E-03 -0.2165E-02  0.9901E-03
   20.50      0.3522E-01  0.1969E-02  0.7700E-03 -0.1991E-02  0.1014E-02
   21.00      0.3540E-01  0.2138E-02  0.9855E-03 -0.1813E-02  0.1034E-02
   21.50      0.3564E-01  0.2284E-02  0.1189E-02 -0.1634E-02  0.1050E-02
   22.00      0.3592E-01  0.2407E-02  0.1380E-02 -0.1456E-02  0.1063E-02
   22.50      0.3623E-01  0.2505E-02  0.1557E-02 -0.1280E-02  0.1073E-02
   23.00      0.3656E-01  0.2580E-02  0.1721E-02 -0.1108E-02  0.1081E-02
   23.50      0.3690E-01  0.2634E-02  0.1871E-02 -0.9413E-03  0.1086E-02
   24.00      0.3724E-01  0.2666E-02  0.2009E-02 -0.7807E-03  0.1090E-02
   24.50      0.3757E-01  0.2680E-02  0.2134E-02 -0.6268E-03  0.1091E-02
   25.00      0.3787E-01  0.2675E-02  0.2247E-02 -0.4799E-03  0.1092E-02
   25.50      0.3814E-01  0.2654E-02  0.2350E-02 -0.3402E-03  0.1091E-02
   26.00      0.3837E-01  0.2619E-02  0.2443E-02 -0.2078E-03  0.1089E-02
   26.50      0.3855E-01  0.2571E-02  0.2526E-02 -0.8260E-04  0.1087E-02
   27.00      0.3867E-01  0.2511E-02  0.2601E-02  0.3570E-04  0.1084E-02
   27.50      0.3873E-01  0.2441E-02  0.2668E-02  0.1474E-03  0.1081E-02
   28.00      0.3872E-01  0.2362E-02  0.2729E-02  0.2527E-03  0.1078E-02
   28.50      0.3863E-01  0.2274E-02  0.2784E-02  0.3521E-03  0.1076E-02
   29.00      0.3847E-01  0.2180E-02  0.2833E-02  0.4459E-03  0.1074E-02
   29.50      0.3823E-01  0.2079E-02  0.2878E-02  0.5344E-03  0.1072E-02
   30.00      0.3791E-01  0.1972E-02  0.2918E-02  0.6182E-03  0.1072E-02
   30.50      0.3752E-01  0.1860E-02  0.2955E-02  0.6974E-03  0.1072E-02
   31.00      0.3704E-01  0.1744E-02  0.2988E-02  0.7725E-03  0.1073E-02
   31.50      0.3648E-01  0.1623E-02  0.3018E-02  0.8437E-03  0.1076E-02
   32.00      0.3586E-01  0.1498E-02  0.3046E-02  0.9112E-03  0.1080E-02
   32.50      0.3516E-01  0.1370E-02  0.3071E-02  0.9753E-03  0.1085E-02
   33.00      0.3439E-01  0.1238E-02  0.3094E-02  0.1036E-02  0.1093E-02
   33.50      0.3357E-01  0.1103E-02  0.3115E-02  0.1094E-02  0.1102E-02
   34.00      0.3269E-01  0.9640E-03  0.3134E-02  0.1149E-02  0.1113E-02
   34.50      0.3177E-01  0.8224E-03  0.3151E-02  0.1200E-02  0.1127E-02
   35.00      0.3080E-01  0.6780E-03  0.3167E-02  0.1249E-02  0.1143E-02
   35.50      0.2980E-01  0.5309E-03  0.3180E-02  0.1295E-02  0.1162E-02
   36.00      0.2876E-01  0.3816E-03  0.3191E-02  0.1337E-02  0.1184E-02
   36.50      0.2771E-01  0.2303E-03  0.3201E-02  0.1376E-02  0.1209E-02
   37.00      0.2664E-01  0.7752E-04  0.3208E-02  0.1411E-02  0.1238E-02
   37.50      0.2557E-01 -0.7607E-04  0.3213E-02  0.1442E-02  0.1271E-02
   38.00      0.2449E-01 -0.2297E-03  0.3215E-02  0.1469E-02  0.1308E-02
   38.50      0.2342E-01 -0.3826E-03  0.3215E-02  0.1491E-02  0.1351E-02
   39.00      0.2235E-01 -0.5334E-03  0.3213E-02  0.1507E-02  0.1398E-02
   39.50      0.2131E-01 -0.6810E-03  0.3207E-02  0.1517E-02  0.1451E-02
   40.00      0.2028E-01 -0.8236E-03  0.3199E-02  0.1519E-02  0.1511E-02
   40.50      0.1928E-01 -0.9595E-03  0.3187E-02  0.1514E-02  0.1578E-02
   41.00      0.1831E-01 -0.1086E-02  0.3173E-02  0.1499E-02  0.1652E-02
   41.50      0.1737E-01 -0.1202E-02  0.3155E-02  0.1475E-02  0.1735E-02
   42.00      0.1646E-01 -0.1303E-02  0.3135E-02  0.1439E-02  0.1826E-02
   42.50      0.1559E-01 -0.1387E-02  0.3111E-02  0.1391E-02  0.1927E-02
   43.00      0.1477E-01 -0.1450E-02  0.3085E-02  0.1329E-02  0.2038E-02
   43.50      0.1398E-01 -0.1488E-02  0.3057E-02  0.1251E-02  0.2159E-02
   44.00      0.1324E-01 -0.1497E-02  0.3026E-02  0.1157E-02  0.2291E-02
   44.50      0.1254E-01 -0.1473E-02  0.2994E-02  0.1046E-02  0.2435E-02
   45.00      0.1189E-01 -0.1411E-02  0.2962E-02  0.9153E-03  0.2589E-02
   45.50      0.1128E-01 -0.1307E-02  0.2930E-02  0.7649E-03  0.2754E-02
   46.00      0.1071E-01 -0.1156E-02  0.2898E-02  0.5937E-03  0.2930E-02
   46.50      0.1018E-01 -0.9533E-03  0.2869E-02  0.4014E-03  0.3116E-02
   47.00      0.9700E-02 -0.6957E-03  0.2843E-02  0.1879E-03  0.3311E-02
   47.50      0.9258E-02 -0.3797E-03  0.2822E-02 -0.4648E-04  0.3513E-02
   48.00      0.8855E-02 -0.2646E-05  0.2807E-02 -0.3009E-03  0.3721E-02
   48.50      0.8491E-02  0.4370E-03  0.2800E-02 -0.5741E-03  0.3933E-02
   49.00      0.8163E-02  0.9395E-03  0.2801E-02 -0.8640E-03  0.4146E-02
   49.50      0.7871E-02  0.1504E-02  0.2811E-02 -0.1168E-02  0.4358E-02
   50.00      0.7612E-02  0.2128E-02  0.2832E-02 -0.1484E-02  0.4566E-02
   50.50      0.7385E-02  0.2808E-02  0.2864E-02 -0.1808E-02  0.4766E-02
   51.00      0.7188E-02  0.3538E-02  0.2908E-02 -0.2136E-02  0.4957E-02
   51.50      0.7020E-02  0.4313E-02  0.2962E-02 -0.2464E-02  0.5134E-02
   52.00      0.6878E-02  0.5124E-02  0.3027E-02 -0.2789E-02  0.5295E-02
   52.50      0.6762E-02  0.5964E-02  0.3101E-02 -0.3107E-02  0.5437E-02
   53.00      0.6669E-02  0.6823E-02  0.3185E-02 -0.3414E-02  0.5559E-02
   53.50      0.6598E-02  0.7693E-02  0.3275E-02 -0.3707E-02  0.5658E-02
   54.00      0.6547E-02  0.8565E-02  0.3371E-02 -0.3983E-02  0.5734E-02
   54.50      0.6516E-02  0.9431E-02  0.3471E-02 -0.4239E-02  0.5784E-02
   55.00      0.6502E-02  0.1028E-01  0.3573E-02 -0.4473E-02  0.5810E-02
   55.50      0.6505E-02  0.1111E-01  0.3675E-02 -0.4685E-02  0.5811E-02
   56.00      0.6523E-02  0.1192E-01  0.3775E-02 -0.4873E-02  0.5789E-02
   56.50      0.6554E-02  0.1269E-01  0.3873E-02 -0.5037E-02  0.5743E-02
   57.00      0.6598E-02  0.1342E-01  0.3966E-02 -0.5177E-02  0.5675E-02
   57.50      0.6654E-02  0.1412E-01  0.4053E-02 -0.5294E-02  0.5586E-02
   58.00      0.6719E-02  0.1477E-01  0.4133E-02 -0.5387E-02  0.5479E-02
   58.50      0.6795E-02  0.1539E-01  0.4206E-02 -0.5459E-02  0.5355E-02
   59.00      0.6878E-02  0.1596E-01  0.4270E-02 -0.5511E-02  0.5215E-02
   59.50      0.6968E-02  0.1649E-01  0.4325E-02 -0.5543E-02  0.5062E-02
   60.00      0.7065E-02  0.1697E-01  0.4371E-02 -0.5557E-02  0.4897E-02
   60.50      0.7166E-02  0.1742E-01  0.4407E-02 -0.5555E-02  0.4722E-02
   61.00      0.7272E-02  0.1783E-01  0.4434E-02 -0.5539E-02  0.4538E-02
   61.50      0.7381E-02  0.1820E-01  0.4452E-02 -0.5509E-02  0.4346E-02
   62.00      0.7493E-02  0.1854E-01  0.4460E-02 -0.5466E-02  0.4149E-02
   62.50      0.7606E-02  0.1885E-01  0.4459E-02 -0.5413E-02  0.3946E-02
   63.00      0.7720E-02  0.1913E-01  0.4449E-02 -0.5351E-02  0.3739E-02
   63.50      0.7833E-02  0.1938E-01  0.4430E-02 -0.5280E-02  0.3529E-02
   64.00      0.7945E-02  0.1961E-01  0.4404E-02 -0.5203E-02  0.3316E-02
   64.50      0.8055E-02  0.1981E-01  0.4370E-02 -0.5118E-02  0.3102E-02
   65.00      0.8162E-02  0.1999E-01  0.4328E-02 -0.5029E-02  0.2887E-02
   65.50      0.8265E-02  0.2016E-01  0.4280E-02 -0.4935E-02  0.2671E-02
   66.00      0.8365E-02  0.2031E-01  0.4226E-02 -0.4837E-02  0.2455E-02
   66.50      0.8459E-02  0.2044E-01  0.4166E-02 -0.4735E-02  0.2240E-02
   67.00      0.8547E-02  0.2056E-01  0.4101E-02 -0.4631E-02  0.2025E-02
   67.50      0.8629E-02  0.2067E-01  0.4031E-02 -0.4524E-02  0.1811E-02
   68.00      0.8704E-02  0.2077E-01  0.3957E-02 -0.4416E-02  0.1599E-02
   68.50      0.8772E-02  0.2086E-01  0.3880E-02 -0.4306E-02  0.1389E-02
   69.00      0.8831E-02  0.2094E-01  0.3799E-02 -0.4194E-02  0.1180E-02
   69.50      0.8882E-02  0.2102E-01  0.3715E-02 -0.4082E-02  0.9729E-03
   70.00      0.8924E-02  0.2109E-01  0.3629E-02 -0.3968E-02  0.7680E-03
   70.50      0.8957E-02  0.2116E-01  0.3541E-02 -0.3854E-02  0.5651E-03
   71.00      0.8980E-02  0.2122E-01  0.3452E-02 -0.3739E-02  0.3643E-03
   71.50      0.8993E-02  0.2128E-01  0.3361E-02 -0.3624E-02  0.1656E-03
   72.00      0.8997E-02  0.2134E-01  0.3269E-02 -0.3507E-02 -0.3123E-04
   72.50      0.8990E-02  0.2140E-01  0.3176E-02 -0.3390E-02 -0.2261E-03
   73.00      0.8973E-02  0.2145E-01  0.3083E-02 -0.3273E-02 -0.4193E-03
   73.50      0.8946E-02  0.2151E-01  0.2989E-02 -0.3155E-02 -0.6109E-03
   74.00      0.8909E-02  0.2156E-01  0.2894E-02 -0.3036E-02 -0.8011E-03
   74.50      0.8862E-02  0.2162E-01  0.2800E-02 -0.2916E-02 -0.9900E-03
   75.00      0.8804E-02  0.2167E-01  0.2705E-02 -0.2795E-02 -0.1178E-02
   75.50      0.8737E-02  0.2173E-01  0.2610E-02 -0.2672E-02 -0.1365E-02
   76.00      0.8661E-02  0.2178E-01  0.2515E-02 -0.2549E-02 -0.1551E-02
   76.50      0.8575E-02  0.2184E-01  0.2421E-02 -0.2424E-02 -0.1737E-02
   77.00      0.8480E-02  0.2190E-01  0.2326E-02 -0.2298E-02 -0.1922E-02
   77.50      0.8377E-02  0.2196E-01  0.2232E-02 -0.2170E-02 -0.2107E-02
   78.00      0.8265E-02  0.2202E-01  0.2138E-02 -0.2040E-02 -0.2292E-02
   78.50      0.8146E-02  0.2208E-01  0.2045E-02 -0.1907E-02 -0.2478E-02
   79.00      0.8019E-02  0.2214E-01  0.1953E-02 -0.1773E-02 -0.2663E-02
   79.50      0.7884E-02  0.2220E-01  0.1861E-02 -0.1636E-02 -0.2848E-02
   80.00      0.7744E-02  0.2226E-01  0.1770E-02 -0.1496E-02 -0.3034E-02
   80.50      0.7597E-02  0.2233E-01  0.1680E-02 -0.1353E-02 -0.3220E-02
   81.00      0.7445E-02  0.2239E-01  0.1591E-02 -0.1207E-02 -0.3406E-02
   81.50      0.7287E-02  0.2245E-01  0.1503E-02 -0.1058E-02 -0.3593E-02
   82.00      0.7125E-02  0.2252E-01  0.1417E-02 -0.9049E-03 -0.3780E-02
   82.50      0.6958E-02  0.2258E-01  0.1332E-02 -0.7480E-03 -0.3968E-02
   83.00      0.6788E-02  0.2264E-01  0.1248E-02 -0.5869E-03 -0.4156E-02
   83.50      0.6615E-02  0.2270E-01  0.1166E-02 -0.4215E-03 -0.4345E-02
   84.00      0.6439E-02  0.2276E-01  0.1085E-02 -0.2514E-03 -0.4535E-02
   84.50      0.6261E-02  0.2282E-01  0.1005E-02 -0.7648E-04 -0.4726E-02
   85.00      0.6081E-02  0.2288E-01  0.9272E-03  0.1036E-03 -0.4918E-02
   85.50      0.5900E-02  0.2293E-01  0.8505E-03  0.2892E-03 -0.5111E-02
   86.00      0.5718E-02  0.2298E-01  0.7750E-03  0.4804E-03 -0.5305E-02
   86.50      0.5535E-02  0.2303E-01  0.7007E-03  0.6776E-03 -0.5501E-02
   87.00      0.5353E-02  0.2307E-01  0.6274E-03  0.8811E-03 -0.5698E-02
   87.50      0.5171E-02  0.2310E-01  0.5550E-03  0.1091E-02 -0.5897E-02
   88.00      0.4990E-02  0.2313E-01  0.4833E-03  0.1308E-02 -0.6098E-02
   88.50      0.4811E-02  0.2315E-01  0.4122E-03  0.1531E-02 -0.6301E-02
   89.00      0.4633E-02  0.2316E-01  0.3414E-03  0.1762E-02 -0.6505E-02
   89.50      0.4457E-02  0.2316E-01  0.2709E-03  0.2000E-02 -0.6711E-02
   90.00      0.4284E-02  0.2314E-01  0.2003E-03  0.2246E-02 -0.6918E-02
   90.50      0.4114E-02  0.2311E-01  0.1294E-03  0.2500E-02 -0.7127E-02
   91.00      0.3946E-02  0.2306E-01  0.5796E-04  0.2761E-02 -0.7336E-02
   91.50      0.3782E-02  0.2299E-01 -0.1430E-04  0.3030E-02 -0.7546E-02
   92.00      0.3622E-02  0.2289E-01 -0.8775E-04  0.3307E-02 -0.7756E-02
   92.50      0.3465E-02  0.2276E-01 -0.1628E-03  0.3592E-02 -0.7965E-02
   93.00      0.3313E-02  0.2260E-01 -0.2399E-03  0.3883E-02 -0.8173E-02
   93.50      0.3166E-02  0.2240E-01 -0.3196E-03  0.4182E-02 -0.8379E-02
   94.00      0.3023E-02  0.2215E-01 -0.4026E-03  0.4486E-02 -0.8581E-02
   94.50      0.2885E-02  0.2186E-01 -0.4896E-03  0.4796E-02 -0.8779E-02
   95.00      0.2753E-02  0.2151E-01 -0.5814E-03  0.5110E-02 -0.8971E-02
   95.50      0.2625E-02  0.2110E-01 -0.6790E-03  0.5426E-02 -0.9155E-02
   96.00      0.2504E-02  0.2062E-01 -0.7834E-03  0.5744E-02 -0.9330E-02
   96.50      0.2387E-02  0.2006E-01 -0.8957E-03  0.6060E-02 -0.9494E-02
   97.00      0.2277E-02  0.1942E-01 -0.1017E-02  0.6372E-02 -0.9645E-02
   97.50      0.2173E-02  0.1869E-01 -0.1149E-02  0.6678E-02 -0.9779E-02
   98.00      0.2074E-02  0.1787E-01 -0.1292E-02  0.6974E-02 -0.9895E-02
   98.50      0.1982E-02  0.1693E-01 -0.1448E-02  0.7255E-02 -0.9988E-02
   99.00      0.1896E-02  0.1589E-01 -0.1617E-02  0.7518E-02 -0.1006E-01
   99.50      0.1816E-02  0.1473E-01 -0.1800E-02  0.7757E-02 -0.1010E-01
   100.0      0.1742E-02  0.1346E-01 -0.1998E-02  0.7969E-02 -0.1011E-01
   100.5      0.1675E-02  0.1207E-01 -0.2211E-02  0.8147E-02 -0.1008E-01
   101.0      0.1614E-02  0.1056E-01 -0.2439E-02  0.8287E-02 -0.1001E-01
   101.5      0.1558E-02  0.8951E-02 -0.2681E-02  0.8384E-02 -0.9909E-02
   102.0      0.1509E-02  0.7241E-02 -0.2936E-02  0.8433E-02 -0.9762E-02
   102.5      0.1466E-02  0.5448E-02 -0.3202E-02  0.8431E-02 -0.9571E-02
   103.0      0.1429E-02  0.3587E-02 -0.3477E-02  0.8374E-02 -0.9337E-02
   103.5      0.1397E-02  0.1678E-02 -0.3759E-02  0.8262E-02 -0.9061E-02
   104.0      0.1371E-02 -0.2552E-03 -0.4044E-02  0.8094E-02 -0.8744E-02
   104.5      0.1351E-02 -0.2189E-02 -0.4331E-02  0.7872E-02 -0.8392E-02
   105.0      0.1335E-02 -0.4097E-02 -0.4615E-02  0.7598E-02 -0.8007E-02
   105.5      0.1325E-02 -0.5955E-02 -0.4894E-02  0.7276E-02 -0.7596E-02
   106.0      0.1320E-02 -0.7738E-02 -0.5166E-02  0.6911E-02 -0.7164E-02
   106.5      0.1319E-02 -0.9427E-02 -0.5426E-02  0.6510E-02 -0.6718E-02
   107.0      0.1322E-02 -0.1100E-01 -0.5674E-02  0.6079E-02 -0.6264E-02
   107.5      0.1329E-02 -0.1245E-01 -0.5907E-02  0.5626E-02 -0.5809E-02
   108.0      0.1341E-02 -0.1375E-01 -0.6124E-02  0.5157E-02 -0.5358E-02
   108.5      0.1355E-02 -0.1491E-01 -0.6324E-02  0.4678E-02 -0.4916E-02
   109.0      0.1373E-02 -0.1593E-01 -0.6506E-02  0.4197E-02 -0.4487E-02
   109.5      0.1394E-02 -0.1679E-01 -0.6672E-02  0.3719E-02 -0.4075E-02
   110.0      0.1417E-02 -0.1751E-01 -0.6819E-02  0.3248E-02 -0.3682E-02
   110.5      0.1443E-02 -0.1809E-01 -0.6950E-02  0.2789E-02 -0.3311E-02
   111.0      0.1471E-02 -0.1853E-01 -0.7064E-02  0.2344E-02 -0.2961E-02
   111.5      0.1500E-02 -0.1885E-01 -0.7162E-02  0.1917E-02 -0.2634E-02
   112.0      0.1531E-02 -0.1906E-01 -0.7245E-02  0.1509E-02 -0.2329E-02
   112.5      0.1562E-02 -0.1916E-01 -0.7314E-02  0.1121E-02 -0.2045E-02
   113.0      0.1595E-02 -0.1916E-01 -0.7370E-02  0.7535E-03 -0.1783E-02
   113.5      0.1628E-02 -0.1907E-01 -0.7414E-02  0.4069E-03 -0.1541E-02
   114.0      0.1661E-02 -0.1890E-01 -0.7446E-02  0.8104E-04 -0.1317E-02
   114.5      0.1693E-02 -0.1866E-01 -0.7469E-02 -0.2246E-03 -0.1111E-02
   115.0      0.1726E-02 -0.1835E-01 -0.7481E-02 -0.5106E-03 -0.9220E-03
   115.5      0.1758E-02 -0.1798E-01 -0.7485E-02 -0.7778E-03 -0.7479E-03
   116.0      0.1789E-02 -0.1756E-01 -0.7481E-02 -0.1027E-02 -0.5878E-03
   116.5      0.1818E-02 -0.1708E-01 -0.7470E-02 -0.1259E-02 -0.4408E-03
   117.0      0.1847E-02 -0.1656E-01 -0.7452E-02 -0.1476E-02 -0.3057E-03
   117.5      0.1874E-02 -0.1600E-01 -0.7428E-02 -0.1677E-02 -0.1816E-03
   118.0      0.1899E-02 -0.1539E-01 -0.7398E-02 -0.1864E-02 -0.6741E-04
   118.5      0.1923E-02 -0.1475E-01 -0.7362E-02 -0.2038E-02  0.3769E-04
   119.0      0.1945E-02 -0.1408E-01 -0.7321E-02 -0.2200E-02  0.1346E-03
   119.5      0.1964E-02 -0.1337E-01 -0.7275E-02 -0.2350E-02  0.2242E-03
   120.0      0.1982E-02 -0.1263E-01 -0.7224E-02 -0.2489E-02  0.3073E-03
   120.5      0.1997E-02 -0.1186E-01 -0.7167E-02 -0.2619E-02  0.3846E-03
   121.0      0.2010E-02 -0.1107E-01 -0.7106E-02 -0.2739E-02  0.4570E-03
   121.5      0.2021E-02 -0.1025E-01 -0.7039E-02 -0.2851E-02  0.5250E-03
   122.0      0.2029E-02 -0.9398E-02 -0.6966E-02 -0.2954E-02  0.5895E-03
   122.5      0.2035E-02 -0.8527E-02 -0.6888E-02 -0.3050E-02  0.6509E-03
   123.0      0.2039E-02 -0.7632E-02 -0.6804E-02 -0.3138E-02  0.7099E-03
   123.5      0.2041E-02 -0.6714E-02 -0.6714E-02 -0.3220E-02  0.7668E-03
   124.0      0.2040E-02 -0.5774E-02 -0.6618E-02 -0.3296E-02  0.8222E-03
   124.5      0.2037E-02 -0.4813E-02 -0.6515E-02 -0.3365E-02  0.8764E-03
   125.0      0.2032E-02 -0.3832E-02 -0.6406E-02 -0.3429E-02  0.9297E-03
   125.5      0.2025E-02 -0.2830E-02 -0.6290E-02 -0.3488E-02  0.9822E-03
   126.0      0.2016E-02 -0.1809E-02 -0.6168E-02 -0.3541E-02  0.1034E-02
   126.5      0.2005E-02 -0.7695E-03 -0.6039E-02 -0.3590E-02  0.1086E-02
   127.0      0.1992E-02  0.2881E-03 -0.5903E-02 -0.3634E-02  0.1137E-02
   127.5      0.1977E-02  0.1363E-02 -0.5762E-02 -0.3673E-02  0.1188E-02
   128.0      0.1961E-02  0.2453E-02 -0.5613E-02 -0.3708E-02  0.1238E-02
   128.5      0.1942E-02  0.3559E-02 -0.5459E-02 -0.3739E-02  0.1288E-02
   129.0      0.1923E-02  0.4678E-02 -0.5298E-02 -0.3766E-02  0.1338E-02
   129.5      0.1902E-02  0.5809E-02 -0.5132E-02 -0.3789E-02  0.1388E-02
   130.0      0.1879E-02  0.6951E-02 -0.4960E-02 -0.3809E-02  0.1437E-02
   130.5      0.1855E-02  0.8102E-02 -0.4782E-02 -0.3825E-02  0.1486E-02
   131.0      0.1830E-02  0.9260E-02 -0.4599E-02 -0.3838E-02  0.1535E-02
   131.5      0.1804E-02  0.1042E-01 -0.4411E-02 -0.3848E-02  0.1584E-02
   132.0      0.1776E-02  0.1159E-01 -0.4218E-02 -0.3854E-02  0.1633E-02
   132.5      0.1748E-02  0.1276E-01 -0.4020E-02 -0.3858E-02  0.1682E-02
   133.0      0.1718E-02  0.1393E-01 -0.3819E-02 -0.3860E-02  0.1731E-02
   133.5      0.1687E-02  0.1510E-01 -0.3613E-02 -0.3859E-02  0.1780E-02
   134.0      0.1656E-02  0.1627E-01 -0.3404E-02 -0.3855E-02  0.1830E-02
   134.5      0.1623E-02  0.1743E-01 -0.3191E-02 -0.3850E-02  0.1880E-02
   135.0      0.1589E-02  0.1859E-01 -0.2976E-02 -0.3843E-02  0.1931E-02
   135.5      0.1554E-02  0.1974E-01 -0.2759E-02 -0.3834E-02  0.1982E-02
   136.0      0.1519E-02  0.2089E-01 -0.2539E-02 -0.3824E-02  0.2033E-02
   136.5      0.1482E-02  0.2204E-01 -0.2319E-02 -0.3813E-02  0.2085E-02
   137.0      0.1445E-02  0.2318E-01 -0.2097E-02 -0.3801E-02  0.2137E-02
   137.5      0.1406E-02  0.2431E-01 -0.1876E-02 -0.3789E-02  0.2190E-02
   138.0      0.1367E-02  0.2544E-01 -0.1654E-02 -0.3776E-02  0.2243E-02
   138.5      0.1326E-02  0.2657E-01 -0.1433E-02 -0.3764E-02  0.2296E-02
   139.0      0.1285E-02  0.2770E-01 -0.1212E-02 -0.3751E-02  0.2350E-02
   139.5      0.1243E-02  0.2883E-01 -0.9928E-03 -0.3738E-02  0.2403E-02
   140.0      0.1201E-02  0.2997E-01 -0.7748E-03 -0.3727E-02  0.2457E-02
   140.5      0.1157E-02  0.3111E-01 -0.5584E-03 -0.3716E-02  0.2512E-02
   141.0      0.1113E-02  0.3227E-01 -0.3435E-03 -0.3706E-02  0.2567E-02
   141.5      0.1068E-02  0.3343E-01 -0.1303E-03 -0.3697E-02  0.2623E-02
   142.0      0.1023E-02  0.3462E-01  0.8143E-04 -0.3689E-02  0.2680E-02
   142.5      0.9767E-03  0.3584E-01  0.2919E-03 -0.3683E-02  0.2738E-02
   143.0      0.9305E-03  0.3708E-01  0.5013E-03 -0.3678E-02  0.2798E-02
   143.5      0.8839E-03  0.3836E-01  0.7102E-03 -0.3675E-02  0.2859E-02
   144.0      0.8372E-03  0.3968E-01  0.9190E-03 -0.3674E-02  0.2923E-02
   144.5      0.7905E-03  0.4105E-01  0.1128E-02 -0.3673E-02  0.2990E-02
   145.0      0.7438E-03  0.4248E-01  0.1339E-02 -0.3674E-02  0.3060E-02
   145.5      0.6974E-03  0.4397E-01  0.1552E-02 -0.3676E-02  0.3133E-02
   146.0      0.6514E-03  0.4554E-01  0.1768E-02 -0.3679E-02  0.3211E-02
   146.5      0.6060E-03  0.4719E-01  0.1988E-02 -0.3682E-02  0.3292E-02
   147.0      0.5613E-03  0.4894E-01  0.2214E-02 -0.3683E-02  0.3379E-02
   147.5      0.5175E-03  0.5080E-01  0.2448E-02 -0.3682E-02  0.3470E-02
   148.0      0.4748E-03  0.5277E-01  0.2691E-02 -0.3677E-02  0.3566E-02
   148.5      0.4334E-03  0.5487E-01  0.2945E-02 -0.3665E-02  0.3667E-02
   149.0      0.3935E-03  0.5709E-01  0.3213E-02 -0.3643E-02  0.3772E-02
   149.5      0.3552E-03  0.5946E-01  0.3499E-02 -0.3606E-02  0.3881E-02
   150.0      0.3188E-03  0.6195E-01  0.3806E-02 -0.3547E-02  0.3990E-02
   150.5      0.2844E-03  0.6454E-01  0.4137E-02 -0.3457E-02  0.4098E-02
   151.0      0.2522E-03  0.6720E-01  0.4498E-02 -0.3324E-02  0.4200E-02
   151.5      0.2223E-03  0.6983E-01  0.4893E-02 -0.3132E-02  0.4288E-02
   152.0      0.1950E-03  0.7232E-01  0.5327E-02 -0.2858E-02  0.4351E-02
   152.5      0.1704E-03  0.7442E-01  0.5802E-02 -0.2472E-02  0.4374E-02
   153.0      0.1485E-03  0.7583E-01  0.6316E-02 -0.1940E-02  0.4335E-02
   153.5      0.1296E-03  0.7604E-01  0.6861E-02 -0.1222E-02  0.4202E-02
   154.0      0.1137E-03  0.7443E-01  0.7415E-02 -0.2804E-03  0.3940E-02
   154.5      0.1009E-03  0.7025E-01  0.7938E-02  0.9041E-03  0.3512E-02
   155.0      0.9124E-04  0.6285E-01  0.8370E-02  0.2309E-02  0.2893E-02
   155.5      0.8485E-04  0.5199E-01  0.8641E-02  0.3849E-02  0.2090E-02
   156.0      0.8172E-04  0.3816E-01  0.8689E-02  0.5368E-02  0.1158E-02
   156.5      0.8185E-04  0.2273E-01  0.8496E-02  0.6680E-02  0.1971E-03
   157.0      0.8524E-04  0.7512E-02  0.8095E-02  0.7636E-02 -0.6805E-03
   157.5      0.9186E-04 -0.5868E-02  0.7562E-02  0.8174E-02 -0.1389E-02
   158.0      0.1017E-03 -0.1647E-01  0.6985E-02  0.8327E-02 -0.1894E-02
   158.5      0.1146E-03 -0.2413E-01  0.6432E-02  0.8185E-02 -0.2206E-02
   159.0      0.1305E-03 -0.2915E-01  0.5944E-02  0.7850E-02 -0.2361E-02
   159.5      0.1493E-03 -0.3210E-01  0.5534E-02  0.7408E-02 -0.2401E-02
   160.0      0.1710E-03 -0.3351E-01  0.5205E-02  0.6922E-02 -0.2363E-02
   160.5      0.1952E-03 -0.3386E-01  0.4948E-02  0.6430E-02 -0.2277E-02
   161.0      0.2220E-03 -0.3349E-01  0.4753E-02  0.5957E-02 -0.2163E-02
   161.5      0.2511E-03 -0.3266E-01  0.4608E-02  0.5513E-02 -0.2035E-02
   162.0      0.2823E-03 -0.3155E-01  0.4504E-02  0.5103E-02 -0.1902E-02
   162.5      0.3155E-03 -0.3029E-01  0.4434E-02  0.4729E-02 -0.1769E-02
   163.0      0.3505E-03 -0.2894E-01  0.4390E-02  0.4387E-02 -0.1639E-02
   163.5      0.3870E-03 -0.2757E-01  0.4367E-02  0.4077E-02 -0.1515E-02
   164.0      0.4248E-03 -0.2621E-01  0.4362E-02  0.3795E-02 -0.1397E-02
   164.5      0.4638E-03 -0.2488E-01  0.4370E-02  0.3538E-02 -0.1286E-02
   165.0      0.5036E-03 -0.2360E-01  0.4389E-02  0.3303E-02 -0.1182E-02
   165.5      0.5442E-03 -0.2236E-01  0.4417E-02  0.3088E-02 -0.1084E-02
   166.0      0.5852E-03 -0.2117E-01  0.4452E-02  0.2890E-02 -0.9933E-03
   166.5      0.6265E-03 -0.2004E-01  0.4492E-02  0.2708E-02 -0.9084E-03
   167.0      0.6678E-03 -0.1896E-01  0.4537E-02  0.2539E-02 -0.8292E-03
   167.5      0.7091E-03 -0.1792E-01  0.4585E-02  0.2382E-02 -0.7554E-03
   168.0      0.7499E-03 -0.1693E-01  0.4636E-02  0.2236E-02 -0.6868E-03
   168.5      0.7903E-03 -0.1599E-01  0.4688E-02  0.2098E-02 -0.6229E-03
   169.0      0.8300E-03 -0.1508E-01  0.4742E-02  0.1969E-02 -0.5635E-03
   169.5      0.8688E-03 -0.1421E-01  0.4796E-02  0.1847E-02 -0.5083E-03
   170.0      0.9067E-03 -0.1336E-01  0.4851E-02  0.1731E-02 -0.4570E-03
   170.5      0.9434E-03 -0.1255E-01  0.4905E-02  0.1620E-02 -0.4094E-03
   171.0      0.9788E-03 -0.1177E-01  0.4959E-02  0.1515E-02 -0.3652E-03
   171.5      0.1013E-02 -0.1101E-01  0.5012E-02  0.1413E-02 -0.3242E-03
   172.0      0.1045E-02 -0.1026E-01  0.5064E-02  0.1316E-02 -0.2861E-03
   172.5      0.1076E-02 -0.9542E-02  0.5115E-02  0.1221E-02 -0.2509E-03
   173.0      0.1106E-02 -0.8836E-02  0.5164E-02  0.1130E-02 -0.2183E-03
   173.5      0.1133E-02 -0.8146E-02  0.5211E-02  0.1041E-02 -0.1883E-03
   174.0      0.1159E-02 -0.7469E-02  0.5256E-02  0.9536E-03 -0.1606E-03
   174.5      0.1183E-02 -0.6805E-02  0.5299E-02  0.8686E-03 -0.1351E-03
   175.0      0.1204E-02 -0.6151E-02  0.5339E-02  0.7852E-03 -0.1120E-03
   175.5      0.1224E-02 -0.5507E-02  0.5376E-02  0.7032E-03 -0.9094E-04
   176.0      0.1242E-02 -0.4873E-02  0.5410E-02  0.6224E-03 -0.7209E-04
   176.5      0.1258E-02 -0.4246E-02  0.5441E-02  0.5426E-03 -0.5537E-04
   177.0      0.1272E-02 -0.3626E-02  0.5468E-02  0.4636E-03 -0.4082E-04
   177.5      0.1283E-02 -0.3012E-02  0.5492E-02  0.3854E-03 -0.2843E-04
   178.0      0.1293E-02 -0.2404E-02  0.5511E-02  0.3076E-03 -0.1825E-04
   178.5      0.1300E-02 -0.1799E-02  0.5526E-02  0.2304E-03 -0.1029E-04
   179.0      0.1306E-02 -0.1198E-02  0.5537E-02  0.1534E-03 -0.4580E-05
   179.5      0.1309E-02 -0.5983E-03  0.5544E-02  0.7665E-04 -0.1146E-05
   180.0      0.1310E-02   0.000      0.5546E-02   0.000       0.000    
 END
