# Fusion cross sections for ELAB=   16.000000, ECM=   13.700487
     0.0   5.199       8.845       3.646    
     1.0   36.83       76.96       40.12    
     2.0   66.57       132.4       65.88    
     3.0   144.8       181.9       37.10    
     4.0   201.2       214.5       13.29    
     5.0   178.8       186.2       7.405    
     6.0   119.2       122.5       3.256    
     7.0   44.35       45.24      0.8907    
     8.0   12.69       12.86      0.1713    
     9.0   3.558       3.580      0.2285E-01
    10.0  0.9907      0.9963      0.5600E-02
    11.0  0.2750      0.2778      0.2848E-02
    12.0  0.7530E-01  0.7720E-01  0.1903E-02
    13.0  0.2005E-01  0.2134E-01  0.1289E-02
    14.0  0.4959E-02  0.5853E-02  0.8944E-03
    15.0  0.9387E-03  0.1591E-02  0.6526E-03
    16.0 -0.4132E-05  0.4313E-03  0.4355E-03
    17.0 -0.1121E-03  0.1163E-03  0.2284E-03
    18.0 -0.5600E-04  0.3116E-04  0.8716E-04
 & 
