# KN1,E,l,j,2j+1,N,cmb =   2  -2.74000   2  1.5   4 201 F T F
   0.001     0.0000    
   0.100    0.12302E-03
   0.200    0.10099E-02
   0.300    0.33769E-02
   0.400    0.78990E-02
   0.500    0.15168E-01
   0.600    0.25670E-01
   0.700    0.39772E-01
   0.800    0.57699E-01
   0.900    0.79536E-01
   1.000    0.10522    
   1.100    0.13453    
   1.200    0.16711    
   1.300    0.20250    
   1.400    0.24011    
   1.500    0.27927    
   1.600    0.31924    
   1.700    0.35926    
   1.800    0.39857    
   1.900    0.43642    
   2.000    0.47210    
   2.100    0.50501    
   2.200    0.53459    
   2.300    0.56043    
   2.400    0.58221    
   2.500    0.59975    
   2.600    0.61296    
   2.700    0.62188    
   2.800    0.62666    
   2.900    0.62750    
   3.000    0.62470    
   3.100    0.61861    
   3.200    0.60959    
   3.300    0.59804    
   3.400    0.58435    
   3.500    0.56892    
   3.600    0.55209    
   3.700    0.53421    
   3.800    0.51560    
   3.900    0.49651    
   4.000    0.47718    
   4.100    0.45783    
   4.200    0.43861    
   4.300    0.41968    
   4.400    0.40113    
   4.500    0.38306    
   4.600    0.36553    
   4.700    0.34860    
   4.800    0.33229    
   4.900    0.31663    
   5.000    0.30162    
   5.100    0.28726    
   5.200    0.27355    
   5.300    0.26048    
   5.400    0.24803    
   5.500    0.23618    
   5.600    0.22492    
   5.700    0.21421    
   5.800    0.20403    
   5.900    0.19437    
   6.000    0.18520    
   6.100    0.17649    
   6.200    0.16822    
   6.300    0.16038    
   6.400    0.15293    
   6.500    0.14585    
   6.600    0.13914    
   6.700    0.13276    
   6.800    0.12671    
   6.900    0.12095    
   7.000    0.11549    
   7.100    0.11029    
   7.200    0.10535    
   7.300    0.10066    
   7.400    0.96190E-01
   7.500    0.91940E-01
   7.600    0.87895E-01
   7.700    0.84046E-01
   7.800    0.80380E-01
   7.900    0.76889E-01
   8.000    0.73563E-01
   8.100    0.70394E-01
   8.200    0.67373E-01
   8.300    0.64494E-01
   8.400    0.61747E-01
   8.500    0.59128E-01
   8.600    0.56628E-01
   8.700    0.54243E-01
   8.800    0.51967E-01
   8.900    0.49793E-01
   9.000    0.47717E-01
   9.100    0.45734E-01
   9.200    0.43840E-01
   9.300    0.42029E-01
   9.400    0.40299E-01
   9.500    0.38645E-01
   9.600    0.37063E-01
   9.700    0.35551E-01
   9.800    0.34104E-01
   9.900    0.32720E-01
  10.000    0.31396E-01
  10.100    0.30128E-01
  10.200    0.28915E-01
  10.300    0.27754E-01
  10.400    0.26642E-01
  10.500    0.25577E-01
  10.600    0.24557E-01
  10.700    0.23579E-01
  10.800    0.22643E-01
  10.900    0.21746E-01
  11.000    0.20887E-01
  11.100    0.20063E-01
  11.200    0.19273E-01
  11.300    0.18516E-01
  11.400    0.17790E-01
  11.500    0.17094E-01
  11.600    0.16426E-01
  11.700    0.15786E-01
  11.800    0.15171E-01
  11.900    0.14582E-01
  12.000    0.14016E-01
  12.100    0.13474E-01
  12.200    0.12953E-01
  12.300    0.12453E-01
  12.400    0.11973E-01
  12.500    0.11513E-01
  12.600    0.11071E-01
  12.700    0.10646E-01
  12.800    0.10238E-01
  12.900    0.98470E-02
  13.000    0.94710E-02
  13.100    0.91099E-02
  13.200    0.87630E-02
  13.300    0.84298E-02
  13.400    0.81097E-02
  13.500    0.78022E-02
  13.600    0.75067E-02
  13.700    0.72227E-02
  13.800    0.69498E-02
  13.900    0.66875E-02
  14.000    0.64355E-02
  14.100    0.61932E-02
  14.200    0.59603E-02
  14.300    0.57364E-02
  14.400    0.55212E-02
  14.500    0.53142E-02
  14.600    0.51153E-02
  14.700    0.49240E-02
  14.800    0.47400E-02
  14.900    0.45631E-02
  15.000    0.43929E-02
  15.100    0.42293E-02
  15.200    0.40719E-02
  15.300    0.39205E-02
  15.400    0.37749E-02
  15.500    0.36348E-02
  15.600    0.35000E-02
  15.700    0.33703E-02
  15.800    0.32456E-02
  15.900    0.31255E-02
  16.000    0.30100E-02
  16.100    0.28989E-02
  16.200    0.27920E-02
  16.300    0.26891E-02
  16.400    0.25900E-02
  16.500    0.24947E-02
  16.600    0.24029E-02
  16.700    0.23146E-02
  16.800    0.22297E-02
  16.900    0.21478E-02
  17.000    0.20691E-02
  17.100    0.19933E-02
  17.200    0.19203E-02
  17.300    0.18500E-02
  17.400    0.17824E-02
  17.500    0.17172E-02
  17.600    0.16545E-02
  17.700    0.15941E-02
  17.800    0.15360E-02
  17.900    0.14800E-02
  18.000    0.14261E-02
  18.100    0.13742E-02
  18.200    0.13242E-02
  18.300    0.12760E-02
  18.400    0.12297E-02
  18.500    0.11850E-02
  18.600    0.11420E-02
  18.700    0.11006E-02
  18.800    0.10607E-02
  18.900    0.10222E-02
  19.000    0.98521E-03
  19.100    0.94955E-03
  19.200    0.91519E-03
  19.300    0.88210E-03
  19.400    0.85021E-03
  19.500    0.81950E-03
  19.600    0.78991E-03
  19.700    0.76140E-03
  19.800    0.73393E-03
  19.900    0.70747E-03
 &
# KN1,E,l,j,2j+1,N,cmb =   3  -1.69890   0  0.5   2 201 F T F
   0.001    -0.0000    
   0.100    0.54205E-01
   0.200    0.10725    
   0.300    0.15801    
   0.400    0.20540    
   0.500    0.24843    
   0.600    0.28621    
   0.700    0.31796    
   0.800    0.34304    
   0.900    0.36096    
   1.000    0.37140    
   1.100    0.37419    
   1.200    0.36934    
   1.300    0.35701    
   1.400    0.33753    
   1.500    0.31136    
   1.600    0.27912    
   1.700    0.24150    
   1.800    0.19932    
   1.900    0.15344    
   2.000    0.10479    
   2.100    0.54273E-01
   2.200    0.28244E-02
   2.300   -0.48676E-01
   2.400   -0.99400E-01
   2.500   -0.14860    
   2.600   -0.19561    
   2.700   -0.23989    
   2.800   -0.28098    
   2.900   -0.31855    
   3.000   -0.35239    
   3.100   -0.38237    
   3.200   -0.40848    
   3.300   -0.43077    
   3.400   -0.44938    
   3.500   -0.46448    
   3.600   -0.47631    
   3.700   -0.48512    
   3.800   -0.49118    
   3.900   -0.49476    
   4.000   -0.49615    
   4.100   -0.49561    
   4.200   -0.49339    
   4.300   -0.48972    
   4.400   -0.48482    
   4.500   -0.47889    
   4.600   -0.47211    
   4.700   -0.46461    
   4.800   -0.45656    
   4.900   -0.44806    
   5.000   -0.43922    
   5.100   -0.43013    
   5.200   -0.42087    
   5.300   -0.41150    
   5.400   -0.40207    
   5.500   -0.39264    
   5.600   -0.38325    
   5.700   -0.37392    
   5.800   -0.36468    
   5.900   -0.35556    
   6.000   -0.34656    
   6.100   -0.33772    
   6.200   -0.32903    
   6.300   -0.32051    
   6.400   -0.31215    
   6.500   -0.30398    
   6.600   -0.29598    
   6.700   -0.28817    
   6.800   -0.28053    
   6.900   -0.27308    
   7.000   -0.26580    
   7.100   -0.25871    
   7.200   -0.25179    
   7.300   -0.24505    
   7.400   -0.23848    
   7.500   -0.23207    
   7.600   -0.22583    
   7.700   -0.21976    
   7.800   -0.21384    
   7.900   -0.20808    
   8.000   -0.20247    
   8.100   -0.19701    
   8.200   -0.19169    
   8.300   -0.18652    
   8.400   -0.18148    
   8.500   -0.17658    
   8.600   -0.17181    
   8.700   -0.16717    
   8.800   -0.16265    
   8.900   -0.15825    
   9.000   -0.15397    
   9.100   -0.14981    
   9.200   -0.14576    
   9.300   -0.14182    
   9.400   -0.13798    
   9.500   -0.13425    
   9.600   -0.13062    
   9.700   -0.12708    
   9.800   -0.12365    
   9.900   -0.12030    
  10.000   -0.11705    
  10.100   -0.11388    
  10.200   -0.11080    
  10.300   -0.10780    
  10.400   -0.10488    
  10.500   -0.10205    
  10.600   -0.99284E-01
  10.700   -0.96598E-01
  10.800   -0.93984E-01
  10.900   -0.91441E-01
  11.000   -0.88966E-01
  11.100   -0.86559E-01
  11.200   -0.84217E-01
  11.300   -0.81938E-01
  11.400   -0.79721E-01
  11.500   -0.77564E-01
  11.600   -0.75465E-01
  11.700   -0.73423E-01
  11.800   -0.71436E-01
  11.900   -0.69503E-01
  12.000   -0.67622E-01
  12.100   -0.65792E-01
  12.200   -0.64012E-01
  12.300   -0.62279E-01
  12.400   -0.60594E-01
  12.500   -0.58954E-01
  12.600   -0.57359E-01
  12.700   -0.55807E-01
  12.800   -0.54297E-01
  12.900   -0.52827E-01
  13.000   -0.51398E-01
  13.100   -0.50007E-01
  13.200   -0.48654E-01
  13.300   -0.47337E-01
  13.400   -0.46056E-01
  13.500   -0.44810E-01
  13.600   -0.43597E-01
  13.700   -0.42418E-01
  13.800   -0.41270E-01
  13.900   -0.40153E-01
  14.000   -0.39066E-01
  14.100   -0.38009E-01
  14.200   -0.36981E-01
  14.300   -0.35980E-01
  14.400   -0.35006E-01
  14.500   -0.34059E-01
  14.600   -0.33137E-01
  14.700   -0.32241E-01
  14.800   -0.31368E-01
  14.900   -0.30519E-01
  15.000   -0.29694E-01
  15.100   -0.28890E-01
  15.200   -0.28108E-01
  15.300   -0.27348E-01
  15.400   -0.26608E-01
  15.500   -0.25888E-01
  15.600   -0.25187E-01
  15.700   -0.24505E-01
  15.800   -0.23842E-01
  15.900   -0.23197E-01
  16.000   -0.22569E-01
  16.100   -0.21959E-01
  16.200   -0.21364E-01
  16.300   -0.20786E-01
  16.400   -0.20224E-01
  16.500   -0.19677E-01
  16.600   -0.19144E-01
  16.700   -0.18626E-01
  16.800   -0.18122E-01
  16.900   -0.17632E-01
  17.000   -0.17154E-01
  17.100   -0.16690E-01
  17.200   -0.16239E-01
  17.300   -0.15799E-01
  17.400   -0.15372E-01
  17.500   -0.14956E-01
  17.600   -0.14551E-01
  17.700   -0.14157E-01
  17.800   -0.13774E-01
  17.900   -0.13401E-01
  18.000   -0.13039E-01
  18.100   -0.12686E-01
  18.200   -0.12343E-01
  18.300   -0.12009E-01
  18.400   -0.11684E-01
  18.500   -0.11367E-01
  18.600   -0.11060E-01
  18.700   -0.10761E-01
  18.800   -0.10469E-01
  18.900   -0.10186E-01
  19.000   -0.99104E-02
  19.100   -0.96422E-02
  19.200   -0.93813E-02
  19.300   -0.91275E-02
  19.400   -0.88805E-02
  19.500   -0.86401E-02
  19.600   -0.84063E-02
  19.700   -0.81789E-02
  19.800   -0.79575E-02
  19.900   -0.77422E-02
 &
# KN1,E,l,j,2j+1,N,cmb =   4  -1.69890   2  2.5   6 201 F T F
   0.001     0.0000    
   0.100    0.95040E-04
   0.200    0.78041E-03
   0.300    0.26122E-02
   0.400    0.61212E-02
   0.500    0.11784E-01
   0.600    0.20007E-01
   0.700    0.31119E-01
   0.800    0.45354E-01
   0.900    0.62849E-01
   1.000    0.83635E-01
   1.100    0.10764    
   1.200    0.13467    
   1.300    0.16446    
   1.400    0.19664    
   1.500    0.23074    
   1.600    0.26624    
   1.700    0.30258    
   1.800    0.33914    
   1.900    0.37530    
   2.000    0.41044    
   2.100    0.44397    
   2.200    0.47534    
   2.300    0.50406    
   2.400    0.52971    
   2.500    0.55197    
   2.600    0.57061    
   2.700    0.58547    
   2.800    0.59651    
   2.900    0.60378    
   3.000    0.60741    
   3.100    0.60760    
   3.200    0.60459    
   3.300    0.59870    
   3.400    0.59024    
   3.500    0.57957    
   3.600    0.56702    
   3.700    0.55293    
   3.800    0.53762    
   3.900    0.52139    
   4.000    0.50450    
   4.100    0.48720    
   4.200    0.46969    
   4.300    0.45214    
   4.400    0.43471    
   4.500    0.41752    
   4.600    0.40066    
   4.700    0.38421    
   4.800    0.36823    
   4.900    0.35275    
   5.000    0.33782    
   5.100    0.32345    
   5.200    0.30964    
   5.300    0.29639    
   5.400    0.28371    
   5.500    0.27157    
   5.600    0.25998    
   5.700    0.24890    
   5.800    0.23834    
   5.900    0.22826    
   6.000    0.21864    
   6.100    0.20948    
   6.200    0.20074    
   6.300    0.19241    
   6.400    0.18448    
   6.500    0.17691    
   6.600    0.16969    
   6.700    0.16281    
   6.800    0.15624    
   6.900    0.14998    
   7.000    0.14401    
   7.100    0.13830    
   7.200    0.13286    
   7.300    0.12766    
   7.400    0.12269    
   7.500    0.11794    
   7.600    0.11341    
   7.700    0.10907    
   7.800    0.10492    
   7.900    0.10095    
   8.000    0.97149E-01
   8.100    0.93512E-01
   8.200    0.90029E-01
   8.300    0.86693E-01
   8.400    0.83496E-01
   8.500    0.80432E-01
   8.600    0.77495E-01
   8.700    0.74678E-01
   8.800    0.71976E-01
   8.900    0.69384E-01
   9.000    0.66896E-01
   9.100    0.64507E-01
   9.200    0.62214E-01
   9.300    0.60011E-01
   9.400    0.57895E-01
   9.500    0.55862E-01
   9.600    0.53907E-01
   9.700    0.52029E-01
   9.800    0.50222E-01
   9.900    0.48485E-01
  10.000    0.46813E-01
  10.100    0.45205E-01
  10.200    0.43658E-01
  10.300    0.42169E-01
  10.400    0.40735E-01
  10.500    0.39354E-01
  10.600    0.38025E-01
  10.700    0.36744E-01
  10.800    0.35510E-01
  10.900    0.34321E-01
  11.000    0.33176E-01
  11.100    0.32071E-01
  11.200    0.31007E-01
  11.300    0.29981E-01
  11.400    0.28991E-01
  11.500    0.28037E-01
  11.600    0.27116E-01
  11.700    0.26228E-01
  11.800    0.25371E-01
  11.900    0.24544E-01
  12.000    0.23746E-01
  12.100    0.22976E-01
  12.200    0.22232E-01
  12.300    0.21515E-01
  12.400    0.20822E-01
  12.500    0.20152E-01
  12.600    0.19506E-01
  12.700    0.18882E-01
  12.800    0.18278E-01
  12.900    0.17696E-01
  13.000    0.17133E-01
  13.100    0.16589E-01
  13.200    0.16063E-01
  13.300    0.15555E-01
  13.400    0.15064E-01
  13.500    0.14590E-01
  13.600    0.14131E-01
  13.700    0.13687E-01
  13.800    0.13258E-01
  13.900    0.12843E-01
  14.000    0.12442E-01
  14.100    0.12054E-01
  14.200    0.11679E-01
  14.300    0.11316E-01
  14.400    0.10964E-01
  14.500    0.10625E-01
  14.600    0.10296E-01
  14.700    0.99778E-02
  14.800    0.96700E-02
  14.900    0.93721E-02
  15.000    0.90838E-02
  15.100    0.88047E-02
  15.200    0.85346E-02
  15.300    0.82732E-02
  15.400    0.80201E-02
  15.500    0.77750E-02
  15.600    0.75378E-02
  15.700    0.73081E-02
  15.800    0.70856E-02
  15.900    0.68702E-02
  16.000    0.66616E-02
  16.100    0.64596E-02
  16.200    0.62639E-02
  16.300    0.60744E-02
  16.400    0.58908E-02
  16.500    0.57130E-02
  16.600    0.55407E-02
  16.700    0.53739E-02
  16.800    0.52122E-02
  16.900    0.50555E-02
  17.000    0.49037E-02
  17.100    0.47566E-02
  17.200    0.46141E-02
  17.300    0.44760E-02
  17.400    0.43421E-02
  17.500    0.42124E-02
  17.600    0.40867E-02
  17.700    0.39648E-02
  17.800    0.38467E-02
  17.900    0.37322E-02
  18.000    0.36212E-02
  18.100    0.35137E-02
  18.200    0.34094E-02
  18.300    0.33082E-02
  18.400    0.32102E-02
  18.500    0.31152E-02
  18.600    0.30230E-02
  18.700    0.29336E-02
  18.800    0.28470E-02
  18.900    0.27630E-02
  19.000    0.26815E-02
  19.100    0.26025E-02
  19.200    0.25259E-02
  19.300    0.24516E-02
  19.400    0.23795E-02
  19.500    0.23096E-02
  19.600    0.22418E-02
  19.700    0.21760E-02
  19.800    0.21122E-02
  19.900    0.20504E-02
 &
# KN1,E,l,j,2j+1,N,cmb =   5  -1.69890   2  1.5   4 201 F T F
   0.001     0.0000    
   0.100    0.11516E-03
   0.200    0.94551E-03
   0.300    0.31622E-02
   0.400    0.73990E-02
   0.500    0.14213E-01
   0.600    0.24065E-01
   0.700    0.37305E-01
   0.800    0.54155E-01
   0.900    0.74704E-01
   1.000    0.98904E-01
   1.100    0.12657    
   1.200    0.15739    
   1.300    0.19093    
   1.400    0.22665    
   1.500    0.26396    
   1.600    0.30216    
   1.700    0.34056    
   1.800    0.37843    
   1.900    0.41509    
   2.000    0.44987    
   2.100    0.48217    
   2.200    0.51149    
   2.300    0.53741    
   2.400    0.55961    
   2.500    0.57790    
   2.600    0.59217    
   2.700    0.60244    
   2.800    0.60880    
   2.900    0.61145    
   3.000    0.61063    
   3.100    0.60664    
   3.200    0.59981    
   3.300    0.59050    
   3.400    0.57906    
   3.500    0.56585    
   3.600    0.55121    
   3.700    0.53546    
   3.800    0.51887    
   3.900    0.50171    
   4.000    0.48420    
   4.100    0.46655    
   4.200    0.44891    
   4.300    0.43143    
   4.400    0.41421    
   4.500    0.39736    
   4.600    0.38093    
   4.700    0.36498    
   4.800    0.34956    
   4.900    0.33468    
   5.000    0.32036    
   5.100    0.30660    
   5.200    0.29341    
   5.300    0.28079    
   5.400    0.26871    
   5.500    0.25718    
   5.600    0.24616    
   5.700    0.23565    
   5.800    0.22563    
   5.900    0.21607    
   6.000    0.20696    
   6.100    0.19828    
   6.200    0.19000    
   6.300    0.18212    
   6.400    0.17460    
   6.500    0.16743    
   6.600    0.16060    
   6.700    0.15409    
   6.800    0.14788    
   6.900    0.14195    
   7.000    0.13630    
   7.100    0.13090    
   7.200    0.12574    
   7.300    0.12082    
   7.400    0.11612    
   7.500    0.11163    
   7.600    0.10734    
   7.700    0.10323    
   7.800    0.99303E-01
   7.900    0.95545E-01
   8.000    0.91950E-01
   8.100    0.88507E-01
   8.200    0.85211E-01
   8.300    0.82053E-01
   8.400    0.79028E-01
   8.500    0.76128E-01
   8.600    0.73348E-01
   8.700    0.70682E-01
   8.800    0.68125E-01
   8.900    0.65671E-01
   9.000    0.63317E-01
   9.100    0.61056E-01
   9.200    0.58885E-01
   9.300    0.56801E-01
   9.400    0.54798E-01
   9.500    0.52873E-01
   9.600    0.51023E-01
   9.700    0.49245E-01
   9.800    0.47535E-01
   9.900    0.45891E-01
  10.000    0.44309E-01
  10.100    0.42787E-01
  10.200    0.41323E-01
  10.300    0.39913E-01
  10.400    0.38556E-01
  10.500    0.37249E-01
  10.600    0.35991E-01
  10.700    0.34778E-01
  10.800    0.33611E-01
  10.900    0.32485E-01
  11.000    0.31401E-01
  11.100    0.30356E-01
  11.200    0.29348E-01
  11.300    0.28377E-01
  11.400    0.27440E-01
  11.500    0.26537E-01
  11.600    0.25666E-01
  11.700    0.24825E-01
  11.800    0.24014E-01
  11.900    0.23231E-01
  12.000    0.22476E-01
  12.100    0.21747E-01
  12.200    0.21043E-01
  12.300    0.20364E-01
  12.400    0.19708E-01
  12.500    0.19074E-01
  12.600    0.18463E-01
  12.700    0.17872E-01
  12.800    0.17301E-01
  12.900    0.16749E-01
  13.000    0.16216E-01
  13.100    0.15702E-01
  13.200    0.15204E-01
  13.300    0.14723E-01
  13.400    0.14258E-01
  13.500    0.13809E-01
  13.600    0.13375E-01
  13.700    0.12955E-01
  13.800    0.12549E-01
  13.900    0.12156E-01
  14.000    0.11776E-01
  14.100    0.11409E-01
  14.200    0.11054E-01
  14.300    0.10710E-01
  14.400    0.10378E-01
  14.500    0.10056E-01
  14.600    0.97451E-02
  14.700    0.94441E-02
  14.800    0.91527E-02
  14.900    0.88708E-02
  15.000    0.85979E-02
  15.100    0.83338E-02
  15.200    0.80781E-02
  15.300    0.78306E-02
  15.400    0.75911E-02
  15.500    0.73591E-02
  15.600    0.71346E-02
  15.700    0.69171E-02
  15.800    0.67066E-02
  15.900    0.65027E-02
  16.000    0.63053E-02
  16.100    0.61141E-02
  16.200    0.59289E-02
  16.300    0.57495E-02
  16.400    0.55757E-02
  16.500    0.54074E-02
  16.600    0.52444E-02
  16.700    0.50864E-02
  16.800    0.49334E-02
  16.900    0.47851E-02
  17.000    0.46414E-02
  17.100    0.45022E-02
  17.200    0.43673E-02
  17.300    0.42366E-02
  17.400    0.41099E-02
  17.500    0.39871E-02
  17.600    0.38681E-02
  17.700    0.37527E-02
  17.800    0.36410E-02
  17.900    0.35326E-02
  18.000    0.34275E-02
  18.100    0.33257E-02
  18.200    0.32270E-02
  18.300    0.31313E-02
  18.400    0.30385E-02
  18.500    0.29485E-02
  18.600    0.28613E-02
  18.700    0.27767E-02
  18.800    0.26947E-02
  18.900    0.26152E-02
  19.000    0.25381E-02
  19.100    0.24633E-02
  19.200    0.23908E-02
  19.300    0.23204E-02
  19.400    0.22522E-02
  19.500    0.21860E-02
  19.600    0.21219E-02
  19.700    0.20596E-02
  19.800    0.19993E-02
  19.900    0.19407E-02
 &
