   2.740     -6.627      6.775     29.324     57.779
   2.740     -6.627      6.775     29.324     57.779
   2.740     -6.627      6.775     29.324     57.779
   2.740     -6.627      6.775     29.324     57.779
   2.740     -6.627      6.775     29.324     57.779
   2.740     -6.627      6.775     29.324     57.779
   2.740     -6.627      6.775     29.324     57.779
   2.740     -6.627      6.775     29.324     57.779
   2.740     -6.627      6.775     29.324     57.779
   2.740     -6.627      6.775     29.324     57.779
