   19.900   0.879034       0.867046E-02   0.986361E-02
   19.900   0.231294E-01   0.408397E-03   0.176571E-01
# For Channel #  2: l = 2, j =  1.5, c#  1
    0.900   0.264910E-02   0.795362E-01    30.0238    
    1.000   0.434265E-02   0.105216        24.2285    
    1.100   0.674607E-02   0.134526        19.9413    
    1.200   0.100180E-01   0.167114        16.6813    
    1.300   0.143163E-01   0.202504        14.1450    
    1.400   0.197897E-01   0.240112        12.1332    
    1.500   0.265694E-01   0.279266        10.5108    
    1.600   0.347613E-01   0.319238        9.18370    
    1.700   0.444387E-01   0.359262        8.08444    
    1.800   0.556361E-01   0.398570        7.16387    
    1.900   0.683461E-01   0.436416        6.38539    
    2.000   0.825166E-01   0.472103        5.72131    
    2.100   0.980519E-01   0.505006        5.15039    
    2.200   0.114816       0.534591        4.65608    
    2.300   0.132635       0.560431        4.22536    
    2.400   0.151308       0.582214        3.84786    
    2.500   0.170613       0.599748        3.51525    
    2.600   0.190316       0.612959        3.22075    
    2.700   0.210179       0.621883        2.95882    
    2.800   0.229974       0.626656        2.72490    
    2.900   0.249483       0.627499        2.51520    
    3.000   0.268512       0.624703        2.32653    
    3.100   0.286893       0.618608        2.15624    
    3.200   0.304483       0.609590        2.00205    
    3.300   0.321175       0.598040        1.86204    
    3.400   0.336887       0.584354        1.73457    
    3.500   0.351567       0.568915        1.61823    
    3.600   0.365190       0.552089        1.51179    
    3.700   0.377752       0.534214        1.41419    
    3.800   0.389269       0.515596        1.32452    
    3.900   0.399772       0.496507        1.24197    
    4.000   0.409306       0.477184        1.16584    
    4.100   0.417921       0.457830        1.09549    
    4.200   0.425676       0.438614        1.03039    
    4.300   0.432631       0.419676       0.970056    
    4.400   0.438849       0.401129       0.914047    
    4.500   0.444393       0.383059       0.861983    
    4.600   0.449322       0.365533       0.813523    
    4.700   0.453694       0.348600       0.768359    
    4.800   0.457565       0.332291       0.726218    
    4.900   0.460985       0.316628       0.686851    
    5.000   0.464002       0.301617       0.650036    
    5.100   0.466659       0.287262       0.615571    
    5.200   0.468996       0.273554       0.583275    
    5.300   0.471050       0.260482       0.552983    
    5.400   0.472852       0.248032       0.524544    
    5.500   0.474432       0.236183       0.497822    
    5.600   0.475816       0.224915       0.472693    
    5.700   0.477028       0.214206       0.449043    
    5.800   0.478088       0.204033       0.426768    
    5.900   0.479015       0.194371       0.405772    
    6.000   0.479825       0.185198       0.385969    
    6.100   0.480532       0.176489       0.367279    
    6.200   0.481149       0.168223       0.349627    
    6.300   0.481688       0.160376       0.332945    
    6.400   0.482157       0.152927       0.317172    
    6.500   0.482567       0.145855       0.302248    
    6.600   0.482924       0.139140       0.288121    
    6.700   0.483235       0.132764       0.274740    
    6.800   0.483506       0.126708       0.262061    
    6.900   0.483742       0.120955       0.250040    
    7.000   0.483948       0.115488       0.238637    
    7.100   0.484127       0.110292       0.227817    
    7.200   0.484283       0.105353       0.217545    
    7.300   0.484418       0.100657       0.207789    
    7.400   0.484536       0.961896E-01   0.198519    
    7.500   0.484639       0.919397E-01   0.189707    
    7.600   0.484728       0.878953E-01   0.181329    
    7.700   0.484806       0.840455E-01   0.173359    
    7.800   0.484874       0.803800E-01   0.165775    
    7.900   0.484932       0.768889E-01   0.158556    
    8.000   0.484984       0.735632E-01   0.151682    
    8.100   0.485028       0.703941E-01   0.145134    
    8.200   0.485067       0.673735E-01   0.138895    
    8.300   0.485100       0.644936E-01   0.132949    
    8.400   0.485129       0.617474E-01   0.127280    
    8.500   0.485155       0.591278E-01   0.121874    
    8.600   0.485177       0.566285E-01   0.116717    
    8.700   0.485196       0.542433E-01   0.111797    
    8.800   0.485213       0.519665E-01   0.107101    
    8.900   0.485227       0.497928E-01   0.102618    
    9.000   0.485240       0.477169E-01   0.983368E-01
    9.100   0.485251       0.457340E-01   0.942483E-01
    9.200   0.485260       0.438396E-01   0.903425E-01
    9.300   0.485268       0.420293E-01   0.866105E-01
    9.400   0.485275       0.402991E-01   0.830437E-01
    9.500   0.485282       0.386450E-01   0.796342E-01
    9.600   0.485287       0.370634E-01   0.763743E-01
    9.700   0.485292       0.355509E-01   0.732568E-01
    9.800   0.485296       0.341042E-01   0.702750E-01
    9.900   0.485299       0.327201E-01   0.674225E-01
   10.000   0.485302       0.313957E-01   0.646931E-01
   10.100   0.485305       0.301282E-01   0.620810E-01
   10.200   0.485307       0.289150E-01   0.595809E-01
   10.300   0.485309       0.277536E-01   0.571874E-01
   10.400   0.485311       0.266415E-01   0.548957E-01
   10.500   0.485313       0.255765E-01   0.527012E-01
   10.600   0.485314       0.245565E-01   0.505993E-01
   10.700   0.485315       0.235794E-01   0.485858E-01
   10.800   0.485316       0.226433E-01   0.466568E-01
   10.900   0.485317       0.217463E-01   0.448085E-01
   11.000   0.485318       0.208867E-01   0.430371E-01
   11.100   0.485318       0.200628E-01   0.413394E-01
   11.200   0.485319       0.192730E-01   0.397120E-01
   11.300   0.485319       0.185158E-01   0.381518E-01
   11.400   0.485320       0.177898E-01   0.366559E-01
   11.500   0.485320       0.170936E-01   0.352213E-01
   11.600   0.485321       0.164259E-01   0.338456E-01
   11.700   0.485321       0.157855E-01   0.325260E-01
   11.800   0.485321       0.151712E-01   0.312601E-01
   11.900   0.485321       0.145818E-01   0.300457E-01
   12.000   0.485321       0.140163E-01   0.288805E-01
   12.100   0.485322       0.134737E-01   0.277623E-01
   12.200   0.485322       0.129529E-01   0.266893E-01
   12.300   0.485322       0.124531E-01   0.256594E-01
   12.400   0.485322       0.119733E-01   0.246709E-01
   12.500   0.485322       0.115128E-01   0.237219E-01
   12.600   0.485322       0.110706E-01   0.228108E-01
   12.700   0.485322       0.106461E-01   0.219361E-01
   12.800   0.485322       0.102384E-01   0.210961E-01
   12.900   0.485322       0.984696E-02   0.202895E-01
   13.000   0.485322       0.947100E-02   0.195149E-01
   13.100   0.485322       0.910989E-02   0.187708E-01
   13.200   0.485322       0.876303E-02   0.180561E-01
   13.300   0.485322       0.842983E-02   0.173695E-01
   13.400   0.485322       0.810972E-02   0.167100E-01
   13.500   0.485323       0.780217E-02   0.160763E-01
   13.600   0.485323       0.750666E-02   0.154674E-01
   13.700   0.485323       0.722269E-02   0.148823E-01
   13.800   0.485323       0.694981E-02   0.143200E-01
   13.900   0.485323       0.668755E-02   0.137796E-01
   14.000   0.485323       0.643548E-02   0.132602E-01
   14.100   0.485323       0.619320E-02   0.127610E-01
   14.200   0.485323       0.596031E-02   0.122811E-01
   14.300   0.485323       0.573642E-02   0.118198E-01
   14.400   0.485323       0.552118E-02   0.113763E-01
   14.500   0.485323       0.531425E-02   0.109499E-01
   14.600   0.485323       0.511528E-02   0.105400E-01
   14.700   0.485323       0.492396E-02   0.101457E-01
   14.800   0.485323       0.473999E-02   0.976667E-02
   14.900   0.485323       0.456307E-02   0.940213E-02
   15.000   0.485323       0.439292E-02   0.905154E-02
   15.100   0.485323       0.422927E-02   0.871436E-02
   15.200   0.485323       0.407188E-02   0.839004E-02
   15.300   0.485323       0.392048E-02   0.807809E-02
   15.400   0.485323       0.377485E-02   0.777802E-02
   15.500   0.485323       0.363476E-02   0.748936E-02
   15.600   0.485323       0.349998E-02   0.721166E-02
   15.700   0.485323       0.337032E-02   0.694450E-02
   15.800   0.485323       0.324557E-02   0.668745E-02
   15.900   0.485323       0.312554E-02   0.644013E-02
   16.000   0.485323       0.301005E-02   0.620216E-02
   16.100   0.485323       0.289892E-02   0.597317E-02
   16.200   0.485323       0.279197E-02   0.575282E-02
   16.300   0.485323       0.268906E-02   0.554076E-02
   16.400   0.485323       0.259001E-02   0.533668E-02
   16.500   0.485323       0.249469E-02   0.514028E-02
   16.600   0.485323       0.240295E-02   0.495124E-02
   16.700   0.485323       0.231465E-02   0.476929E-02
   16.800   0.485323       0.222965E-02   0.459416E-02
   16.900   0.485323       0.214784E-02   0.442558E-02
   17.000   0.485323       0.206908E-02   0.426331E-02
   17.100   0.485323       0.199327E-02   0.410710E-02
   17.200   0.485323       0.192028E-02   0.395671E-02
   17.300   0.485323       0.185002E-02   0.381193E-02
   17.400   0.485323       0.178237E-02   0.367254E-02
   17.500   0.485323       0.171724E-02   0.353834E-02
   17.600   0.485323       0.165453E-02   0.340913E-02
   17.700   0.485323       0.159415E-02   0.328471E-02
   17.800   0.485322       0.153600E-02   0.316492E-02
   17.900   0.485322       0.148002E-02   0.304956E-02
   18.000   0.485322       0.142611E-02   0.293848E-02
   18.100   0.485322       0.137419E-02   0.283151E-02
   18.200   0.485322       0.132420E-02   0.272849E-02
   18.300   0.485322       0.127605E-02   0.262928E-02
   18.400   0.485322       0.122968E-02   0.253374E-02
   18.500   0.485322       0.118502E-02   0.244171E-02
   18.600   0.485322       0.114201E-02   0.235309E-02
   18.700   0.485322       0.110058E-02   0.226772E-02
   18.800   0.485322       0.106067E-02   0.218550E-02
   18.900   0.485322       0.102224E-02   0.210630E-02
   19.000   0.485322       0.985211E-03   0.203001E-02
   19.100   0.485322       0.949547E-03   0.195653E-02
   19.200   0.485322       0.915192E-03   0.188574E-02
   19.300   0.485322       0.882097E-03   0.181755E-02
   19.400   0.485322       0.850214E-03   0.175186E-02
   19.500   0.485322       0.819500E-03   0.168857E-02
   19.600   0.485322       0.789909E-03   0.162760E-02
   19.700   0.485322       0.761401E-03   0.156886E-02
   19.800   0.485322       0.733935E-03   0.151226E-02
   19.900   0.485322       0.707472E-03   0.145774E-02
 &
# For Channel #  3: l = 0, j =  0.5, c#  1
    0.900   0.462047       0.360959       0.781217    
    1.000   0.488633       0.371398       0.760077    
    1.100   0.505998       0.374190       0.739509    
    1.200   0.513327       0.369338       0.719497    
    1.300   0.509992       0.357009       0.700027    
    1.400   0.495573       0.337527       0.681084    
    1.500   0.469872       0.311362       0.662654    
    1.600   0.432925       0.279116       0.644722    
    1.700   0.384999       0.241501       0.627275    
    1.800   0.326592       0.199320       0.610301    
    1.900   0.258416       0.153444       0.593786    
    2.000   0.181378       0.104785       0.577717    
    2.100   0.965562E-01   0.542727E-01   0.562084    
    2.200   0.516465E-02   0.282441E-02   0.546874    
    2.300  -0.914827E-01  -0.486756E-01   0.532075    
    2.400  -0.192013      -0.994004E-01   0.517677    
    2.500  -0.295034      -0.148599       0.503668    
    2.600  -0.399180      -0.195614       0.490038    
    2.700  -0.503145      -0.239889       0.476778    
    2.800  -0.605721      -0.280979       0.463876    
    2.900  -0.705823      -0.318554       0.451323    
    3.000  -0.802514      -0.352392       0.439110    
    3.100  -0.895015      -0.382375       0.427227    
    3.200  -0.982715      -0.408481       0.415666    
    3.300   -1.06516      -0.430772       0.404418    
    3.400   -1.14207      -0.449376       0.393474    
    3.500   -1.21329      -0.464479       0.382827    
    3.600   -1.27879      -0.476307       0.372467    
    3.700   -1.33867      -0.485116       0.362388    
    3.800   -1.39308      -0.491176       0.352581    
    3.900   -1.44229      -0.494763       0.343040    
    4.000   -1.48657      -0.496153       0.333757    
    4.100   -1.52625      -0.495611       0.324726    
    4.200   -1.56166      -0.493389       0.315938    
    4.300   -1.59317      -0.489722       0.307389    
    4.400   -1.62110      -0.484825       0.299071    
    4.500   -1.64581      -0.478894       0.290978    
    4.600   -1.66761      -0.472106       0.283104    
    4.700   -1.68679      -0.464615       0.275443    
    4.800   -1.70365      -0.456560       0.267989    
    4.900   -1.71844      -0.448060       0.260737    
    5.000   -1.73138      -0.439220       0.253681    
    5.100   -1.74271      -0.430130       0.246817    
    5.200   -1.75261      -0.420866       0.240138    
    5.300   -1.76124      -0.411495       0.233639    
    5.400   -1.76877      -0.402072       0.227317    
    5.500   -1.77533      -0.392643       0.221166    
    5.600   -1.78105      -0.383247       0.215181    
    5.700   -1.78602      -0.373917       0.209358    
    5.800   -1.79034      -0.364680       0.203692    
    5.900   -1.79411      -0.355556       0.198180    
    6.000   -1.79737      -0.346565       0.192817    
    6.100   -1.80021      -0.337719       0.187600    
    6.200   -1.80268      -0.329030       0.182523    
    6.300   -1.80482      -0.320507       0.177584    
    6.400   -1.80668      -0.312155       0.172778    
    6.500   -1.80829      -0.303979       0.168103    
    6.600   -1.80969      -0.295982       0.163554    
    6.700   -1.81091      -0.288166       0.159128    
    6.800   -1.81196      -0.280531       0.154822    
    6.900   -1.81288      -0.273078       0.150632    
    7.000   -1.81367      -0.265804       0.146556    
    7.100   -1.81436      -0.258710       0.142590    
    7.200   -1.81495      -0.251791       0.138732    
    7.300   -1.81547      -0.245048       0.134978    
    7.400   -1.81592      -0.238475       0.131325    
    7.500   -1.81631      -0.232072       0.127771    
    7.600   -1.81665      -0.225834       0.124314    
    7.700   -1.81694      -0.219758       0.120950    
    7.800   -1.81719      -0.213841       0.117677    
    7.900   -1.81741      -0.208080       0.114492    
    8.000   -1.81760      -0.202470       0.111394    
    8.100   -1.81777      -0.197009       0.108380    
    8.200   -1.81791      -0.191693       0.105447    
    8.300   -1.81804      -0.186518       0.102593    
    8.400   -1.81814      -0.181482       0.998171E-01
    8.500   -1.81824      -0.176580       0.971160E-01
    8.600   -1.81832      -0.171809       0.944880E-01
    8.700   -1.81839      -0.167166       0.919310E-01
    8.800   -1.81845      -0.162648       0.894433E-01
    8.900   -1.81850      -0.158251       0.870229E-01
    9.000   -1.81855      -0.153973       0.846680E-01
    9.100   -1.81859      -0.149809       0.823769E-01
    9.200   -1.81862      -0.145758       0.801477E-01
    9.300   -1.81865      -0.141816       0.779789E-01
    9.400   -1.81868      -0.137981       0.758687E-01
    9.500   -1.81870      -0.134248       0.738156E-01
    9.600   -1.81872      -0.130617       0.718181E-01
    9.700   -1.81873      -0.127084       0.698747E-01
    9.800   -1.81875      -0.123646       0.679838E-01
    9.900   -1.81876      -0.120300       0.661442E-01
   10.000   -1.81877      -0.117046       0.643543E-01
   10.100   -1.81878      -0.113879       0.626128E-01
   10.200   -1.81879      -0.110798       0.609184E-01
   10.300   -1.81880      -0.107800       0.592700E-01
   10.400   -1.81880      -0.104883       0.576661E-01
   10.500   -1.81881      -0.102045       0.561056E-01
   10.600   -1.81881      -0.992842E-01   0.545873E-01
   10.700   -1.81882      -0.965977E-01   0.531102E-01
   10.800   -1.81882      -0.939839E-01   0.516730E-01
   10.900   -1.81882      -0.914408E-01   0.502747E-01
   11.000   -1.81883      -0.889665E-01   0.489142E-01
   11.100   -1.81883      -0.865591E-01   0.475906E-01
   11.200   -1.81883      -0.842169E-01   0.463027E-01
   11.300   -1.81883      -0.819380E-01   0.450497E-01
   11.400   -1.81883      -0.797207E-01   0.438307E-01
   11.500   -1.81884      -0.775635E-01   0.426446E-01
   11.600   -1.81884      -0.754646E-01   0.414906E-01
   11.700   -1.81884      -0.734226E-01   0.403678E-01
   11.800   -1.81884      -0.714357E-01   0.392755E-01
   11.900   -1.81884      -0.695027E-01   0.382126E-01
   12.000   -1.81884      -0.676219E-01   0.371786E-01
   12.100   -1.81884      -0.657920E-01   0.361725E-01
   12.200   -1.81884      -0.640117E-01   0.351936E-01
   12.300   -1.81884      -0.622795E-01   0.342413E-01
   12.400   -1.81884      -0.605942E-01   0.333147E-01
   12.500   -1.81884      -0.589545E-01   0.324132E-01
   12.600   -1.81884      -0.573591E-01   0.315361E-01
   12.700   -1.81884      -0.558070E-01   0.306827E-01
   12.800   -1.81884      -0.542968E-01   0.298524E-01
   12.900   -1.81884      -0.528275E-01   0.290446E-01
   13.000   -1.81884      -0.513979E-01   0.282586E-01
   13.100   -1.81884      -0.500071E-01   0.274939E-01
   13.200   -1.81884      -0.486539E-01   0.267499E-01
   13.300   -1.81884      -0.473373E-01   0.260260E-01
   13.400   -1.81884      -0.460563E-01   0.253217E-01
   13.500   -1.81884      -0.448100E-01   0.246365E-01
   13.600   -1.81884      -0.435974E-01   0.239698E-01
   13.700   -1.81884      -0.424176E-01   0.233212E-01
   13.800   -1.81884      -0.412698E-01   0.226901E-01
   13.900   -1.81884      -0.401530E-01   0.220761E-01
   14.000   -1.81884      -0.390664E-01   0.214787E-01
   14.100   -1.81884      -0.380093E-01   0.208975E-01
   14.200   -1.81884      -0.369807E-01   0.203320E-01
   14.300   -1.81884      -0.359800E-01   0.197818E-01
   14.400   -1.81884      -0.350063E-01   0.192465E-01
   14.500   -1.81884      -0.340591E-01   0.187257E-01
   14.600   -1.81884      -0.331374E-01   0.182189E-01
   14.700   -1.81884      -0.322407E-01   0.177259E-01
   14.800   -1.81884      -0.313682E-01   0.172462E-01
   14.900   -1.81884      -0.305194E-01   0.167795E-01
   15.000   -1.81884      -0.296935E-01   0.163255E-01
   15.100   -1.81884      -0.288900E-01   0.158837E-01
   15.200   -1.81884      -0.281082E-01   0.154539E-01
   15.300   -1.81884      -0.273476E-01   0.150357E-01
   15.400   -1.81884      -0.266075E-01   0.146288E-01
   15.500   -1.81884      -0.258875E-01   0.142329E-01
   15.600   -1.81884      -0.251870E-01   0.138478E-01
   15.700   -1.81884      -0.245054E-01   0.134731E-01
   15.800   -1.81884      -0.238423E-01   0.131085E-01
   15.900   -1.81884      -0.231971E-01   0.127537E-01
   16.000   -1.81884      -0.225694E-01   0.124086E-01
   16.100   -1.81884      -0.219586E-01   0.120728E-01
   16.200   -1.81884      -0.213644E-01   0.117461E-01
   16.300   -1.81884      -0.207863E-01   0.114283E-01
   16.400   -1.81884      -0.202238E-01   0.111190E-01
   16.500   -1.81884      -0.196765E-01   0.108181E-01
   16.600   -1.81884      -0.191441E-01   0.105254E-01
   16.700   -1.81884      -0.186260E-01   0.102406E-01
   16.800   -1.81884      -0.181220E-01   0.996345E-02
   16.900   -1.81884      -0.176316E-01   0.969383E-02
   17.000   -1.81884      -0.171545E-01   0.943151E-02
   17.100   -1.81884      -0.166902E-01   0.917629E-02
   17.200   -1.81884      -0.162386E-01   0.892797E-02
   17.300   -1.81884      -0.157992E-01   0.868638E-02
   17.400   -1.81884      -0.153716E-01   0.845132E-02
   17.500   -1.81884      -0.149557E-01   0.822262E-02
   17.600   -1.81884      -0.145510E-01   0.800011E-02
   17.700   -1.81884      -0.141572E-01   0.778362E-02
   17.800   -1.81884      -0.137741E-01   0.757299E-02
   17.900   -1.81884      -0.134014E-01   0.736806E-02
   18.000   -1.81884      -0.130387E-01   0.716868E-02
   18.100   -1.81884      -0.126859E-01   0.697469E-02
   18.200   -1.81884      -0.123426E-01   0.678595E-02
   18.300   -1.81884      -0.120086E-01   0.660232E-02
   18.400   -1.81884      -0.116836E-01   0.642365E-02
   18.500   -1.81884      -0.113675E-01   0.624983E-02
   18.600   -1.81884      -0.110599E-01   0.608070E-02
   18.700   -1.81884      -0.107606E-01   0.591615E-02
   18.800   -1.81884      -0.104694E-01   0.575606E-02
   18.900   -1.81884      -0.101861E-01   0.560030E-02
   19.000   -1.81884      -0.991043E-02   0.544875E-02
   19.100   -1.81884      -0.964225E-02   0.530130E-02
   19.200   -1.81884      -0.938132E-02   0.515785E-02
   19.300   -1.81884      -0.912746E-02   0.501827E-02
   19.400   -1.81884      -0.888046E-02   0.488247E-02
   19.500   -1.81884      -0.864015E-02   0.475035E-02
   19.600   -1.81884      -0.840634E-02   0.462180E-02
   19.700   -1.81884      -0.817886E-02   0.449673E-02
   19.800   -1.81884      -0.795754E-02   0.437505E-02
   19.900   -1.81884      -0.774220E-02   0.425666E-02
 &
# For Channel #  4: l = 2, j =  2.5, c#  1
    0.900   0.129004E-02   0.628493E-01    48.7189    
    1.000   0.212433E-02   0.836350E-01    39.3701    
    1.100   0.331664E-02   0.107636        32.4534    
    1.200   0.495243E-02   0.134673        27.1933    
    1.300   0.711964E-02   0.164464        23.1001    
    1.400   0.990479E-02   0.196638        19.8528    
    1.500   0.133890E-01   0.230738        17.2335    
    1.600   0.176435E-01   0.266244        15.0902    
    1.700   0.227258E-01   0.302579        13.3144    
    1.800   0.286758E-01   0.339138        11.8266    
    1.900   0.355126E-01   0.375296        10.5680    
    2.000   0.432322E-01   0.410437        9.49377    
    2.100   0.518063E-01   0.443967        8.56974    
    2.200   0.611820E-01   0.475337        7.76923    
    2.300   0.712828E-01   0.504057        7.07123    
    2.400   0.820114E-01   0.529713        6.45902    
    2.500   0.932521E-01   0.551975        5.91916    
    2.600   0.104876       0.570606        5.44075    
    2.700   0.116746       0.585466        5.01485    
    2.800   0.128722       0.596510        4.63411    
    2.900   0.140664       0.603783        4.29239    
    3.000   0.152440       0.607413        3.98460    
    3.100   0.163931       0.607598        3.70643    
    3.200   0.175030       0.604593        3.45423    
    3.300   0.185648       0.598699        3.22491    
    3.400   0.195715       0.590242        3.01582    
    3.500   0.205180       0.579567        2.82467    
    3.600   0.214008       0.567016        2.64951    
    3.700   0.222182       0.552928        2.48863    
    3.800   0.229699       0.537620        2.34054    
    3.900   0.236571       0.521389        2.20395    
    4.000   0.242816       0.504504        2.07772    
    4.100   0.248462       0.487201        1.96086    
    4.200   0.253545       0.469688        1.85249    
    4.300   0.258100       0.452142        1.75181    
    4.400   0.262167       0.434711        1.65815    
    4.500   0.265786       0.417517        1.57087    
    4.600   0.268998       0.400656        1.48944    
    4.700   0.271839       0.384207        1.41336    
    4.800   0.274348       0.368226        1.34218    
    4.900   0.276558       0.352755        1.27552    
    5.000   0.278502       0.337822        1.21300    
    5.100   0.280208       0.323447        1.15431    
    5.200   0.281705       0.309636        1.09915    
    5.300   0.283014       0.296390        1.04726    
    5.400   0.284160       0.283705       0.998399    
    5.500   0.285161       0.271572       0.952345    
    5.600   0.286035       0.259977       0.908897    
    5.700   0.286798       0.248904       0.867874    
    5.800   0.287463       0.238337       0.829108    
    5.900   0.288042       0.228257       0.792445    
    6.000   0.288546       0.218645       0.757746    
    6.100   0.288985       0.209480       0.724881    
    6.200   0.289368       0.200743       0.693731    
    6.300   0.289700       0.192415       0.664187    
    6.400   0.289989       0.184476       0.636147    
    6.500   0.290240       0.176907       0.609519    
    6.600   0.290459       0.169690       0.584215    
    6.700   0.290648       0.162808       0.560156    
    6.800   0.290813       0.156245       0.537268    
    6.900   0.290956       0.149983       0.515482    
    7.000   0.291081       0.144007       0.494734    
    7.100   0.291189       0.138304       0.474964    
    7.200   0.291283       0.132859       0.456117    
    7.300   0.291364       0.127659       0.438142    
    7.400   0.291435       0.122691       0.420990    
    7.500   0.291496       0.117944       0.404616    
    7.600   0.291549       0.113407       0.388979    
    7.700   0.291596       0.109068       0.374039    
    7.800   0.291636       0.104919       0.359759    
    7.900   0.291670       0.100949       0.346105    
    8.000   0.291701       0.971491E-01   0.333044    
    8.100   0.291727       0.935119E-01   0.320546    
    8.200   0.291750       0.900289E-01   0.308583    
    8.300   0.291769       0.866926E-01   0.297127    
    8.400   0.291786       0.834959E-01   0.286154    
    8.500   0.291801       0.804321E-01   0.275640    
    8.600   0.291814       0.774948E-01   0.265562    
    8.700   0.291825       0.746780E-01   0.255900    
    8.800   0.291835       0.719761E-01   0.246633    
    8.900   0.291844       0.693837E-01   0.237743    
    9.000   0.291851       0.668956E-01   0.229212    
    9.100   0.291857       0.645072E-01   0.221023    
    9.200   0.291863       0.622137E-01   0.213161    
    9.300   0.291867       0.600110E-01   0.205611    
    9.400   0.291872       0.578949E-01   0.198358    
    9.500   0.291875       0.558616E-01   0.191389    
    9.600   0.291878       0.539072E-01   0.184691    
    9.700   0.291881       0.520285E-01   0.178253    
    9.800   0.291883       0.502220E-01   0.172062    
    9.900   0.291885       0.484846E-01   0.166109    
   10.000   0.291887       0.468134E-01   0.160382    
   10.100   0.291889       0.452054E-01   0.154872    
   10.200   0.291890       0.436580E-01   0.149570    
   10.300   0.291891       0.421686E-01   0.144467    
   10.400   0.291892       0.407347E-01   0.139554    
   10.500   0.291893       0.393541E-01   0.134824    
   10.600   0.291894       0.380245E-01   0.130268    
   10.700   0.291894       0.367439E-01   0.125881    
   10.800   0.291895       0.355101E-01   0.121654    
   10.900   0.291895       0.343213E-01   0.117581    
   11.000   0.291896       0.331757E-01   0.113656    
   11.100   0.291896       0.320715E-01   0.109873    
   11.200   0.291896       0.310070E-01   0.106226    
   11.300   0.291897       0.299807E-01   0.102710    
   11.400   0.291897       0.289910E-01   0.993195E-01
   11.500   0.291897       0.280366E-01   0.960496E-01
   11.600   0.291897       0.271160E-01   0.928956E-01
   11.700   0.291897       0.262279E-01   0.898530E-01
   11.800   0.291898       0.253710E-01   0.869174E-01
   11.900   0.291898       0.245441E-01   0.840847E-01
   12.000   0.291898       0.237462E-01   0.813509E-01
   12.100   0.291898       0.229759E-01   0.787122E-01
   12.200   0.291898       0.222324E-01   0.761651E-01
   12.300   0.291898       0.215146E-01   0.737060E-01
   12.400   0.291898       0.208216E-01   0.713316E-01
   12.500   0.291898       0.201523E-01   0.690387E-01
   12.600   0.291898       0.195059E-01   0.668243E-01
   12.700   0.291898       0.188816E-01   0.646855E-01
   12.800   0.291898       0.182785E-01   0.626194E-01
   12.900   0.291898       0.176959E-01   0.606234E-01
   13.000   0.291898       0.171329E-01   0.586949E-01
   13.100   0.291898       0.165890E-01   0.568314E-01
   13.200   0.291898       0.160633E-01   0.550305E-01
   13.300   0.291898       0.155553E-01   0.532901E-01
   13.400   0.291898       0.150642E-01   0.516078E-01
   13.500   0.291898       0.145895E-01   0.499816E-01
   13.600   0.291898       0.141306E-01   0.484095E-01
   13.700   0.291898       0.136870E-01   0.468895E-01
   13.800   0.291898       0.132580E-01   0.454198E-01
   13.900   0.291898       0.128431E-01   0.439986E-01
   14.000   0.291898       0.124419E-01   0.426242E-01
   14.100   0.291898       0.120539E-01   0.412949E-01
   14.200   0.291898       0.116786E-01   0.400092E-01
   14.300   0.291898       0.113156E-01   0.387655E-01
   14.400   0.291898       0.109644E-01   0.375623E-01
   14.500   0.291898       0.106246E-01   0.363983E-01
   14.600   0.291898       0.102959E-01   0.352721E-01
   14.700   0.291898       0.997777E-02   0.341823E-01
   14.800   0.291898       0.966996E-02   0.331278E-01
   14.900   0.291898       0.937207E-02   0.321073E-01
   15.000   0.291898       0.908377E-02   0.311196E-01
   15.100   0.291898       0.880473E-02   0.301637E-01
   15.200   0.291898       0.853463E-02   0.292383E-01
   15.300   0.291898       0.827317E-02   0.283426E-01
   15.400   0.291898       0.802007E-02   0.274755E-01
   15.500   0.291898       0.777502E-02   0.266360E-01
   15.600   0.291898       0.753777E-02   0.258233E-01
   15.700   0.291898       0.730806E-02   0.250363E-01
   15.800   0.291898       0.708562E-02   0.242743E-01
   15.900   0.291898       0.687022E-02   0.235363E-01
   16.000   0.291898       0.666162E-02   0.228217E-01
   16.100   0.291898       0.645960E-02   0.221296E-01
   16.200   0.291898       0.626393E-02   0.214593E-01
   16.300   0.291898       0.607441E-02   0.208100E-01
   16.400   0.291898       0.589084E-02   0.201811E-01
   16.500   0.291898       0.571301E-02   0.195719E-01
   16.600   0.291898       0.554074E-02   0.189817E-01
   16.700   0.291898       0.537385E-02   0.184100E-01
   16.800   0.291898       0.521216E-02   0.178561E-01
   16.900   0.291898       0.505550E-02   0.173194E-01
   17.000   0.291898       0.490371E-02   0.167994E-01
   17.100   0.291898       0.475663E-02   0.162955E-01
   17.200   0.291898       0.461410E-02   0.158072E-01
   17.300   0.291898       0.447599E-02   0.153341E-01
   17.400   0.291898       0.434214E-02   0.148755E-01
   17.500   0.291898       0.421241E-02   0.144311E-01
   17.600   0.291898       0.408669E-02   0.140004E-01
   17.700   0.291898       0.396483E-02   0.135829E-01
   17.800   0.291898       0.384671E-02   0.131783E-01
   17.900   0.291898       0.373222E-02   0.127860E-01
   18.000   0.291898       0.362124E-02   0.124058E-01
   18.100   0.291898       0.351365E-02   0.120373E-01
   18.200   0.291898       0.340935E-02   0.116799E-01
   18.300   0.291898       0.330824E-02   0.113335E-01
   18.400   0.291898       0.321021E-02   0.109977E-01
   18.500   0.291898       0.311516E-02   0.106721E-01
   18.600   0.291898       0.302300E-02   0.103564E-01
   18.700   0.291898       0.293365E-02   0.100502E-01
   18.800   0.291898       0.284700E-02   0.975341E-02
   18.900   0.291898       0.276298E-02   0.946557E-02
   19.000   0.291898       0.268151E-02   0.918645E-02
   19.100   0.291898       0.260250E-02   0.891577E-02
   19.200   0.291898       0.252587E-02   0.865327E-02
   19.300   0.291898       0.245156E-02   0.839869E-02
   19.400   0.291898       0.237949E-02   0.815178E-02
   19.500   0.291898       0.230959E-02   0.791231E-02
   19.600   0.291898       0.224179E-02   0.768005E-02
   19.700   0.291898       0.217603E-02   0.745476E-02
   19.800   0.291898       0.211224E-02   0.723623E-02
   19.900   0.291898       0.205037E-02   0.702426E-02
 &
# For Channel #  5: l = 2, j =  1.5, c#  1
    0.900   0.153337E-02   0.747042E-01    48.7189    
    1.000   0.251216E-02   0.989038E-01    39.3701    
    1.100   0.390003E-02   0.126569        32.4534    
    1.200   0.578773E-02   0.157387        27.1933    
    1.300   0.826518E-02   0.190927        23.1001    
    1.400   0.114168E-01   0.226654        19.8528    
    1.500   0.153165E-01   0.263957        17.2335    
    1.600   0.200236E-01   0.302161        15.0902    
    1.700   0.255783E-01   0.340558        13.3144    
    1.800   0.319985E-01   0.378434        11.8266    
    1.900   0.392780E-01   0.415089        10.5680    
    2.000   0.473854E-01   0.449866        9.49377    
    2.100   0.562644E-01   0.482171        8.56974    
    2.200   0.658355E-01   0.511491        7.76923    
    2.300   0.759993E-01   0.537408        7.07123    
    2.400   0.866403E-01   0.559611        6.45902    
    2.500   0.976314E-01   0.577896        5.91916    
    2.600   0.108839       0.592168        5.44075    
    2.700   0.120131       0.602437        5.01485    
    2.800   0.131374       0.608803        4.63411    
    2.900   0.142450       0.611450        4.29239    
    3.000   0.153247       0.610628        3.98460    
    3.100   0.163671       0.606635        3.70643    
    3.200   0.173644       0.599807        3.45423    
    3.300   0.183104       0.590495        3.22491    
    3.400   0.192007       0.579059        3.01582    
    3.500   0.200325       0.565853        2.82467    
    3.600   0.208043       0.551213        2.64951    
    3.700   0.215161       0.535455        2.48863    
    3.800   0.221687       0.518867        2.34054    
    3.900   0.227640       0.501707        2.20395    
    4.000   0.233044       0.484201        2.07772    
    4.100   0.237929       0.466547        1.96086    
    4.200   0.242328       0.448909        1.85249    
    4.300   0.246274       0.431427        1.75181    
    4.400   0.249804       0.414212        1.65815    
    4.500   0.252952       0.397356        1.57087    
    4.600   0.255752       0.380929        1.48944    
    4.700   0.258238       0.364983        1.41336    
    4.800   0.260439       0.349557        1.34218    
    4.900   0.262385       0.334676        1.27552    
    5.000   0.264102       0.320355        1.21300    
    5.100   0.265615       0.306602        1.15431    
    5.200   0.266947       0.293415        1.09915    
    5.300   0.268118       0.280789        1.04726    
    5.400   0.269146       0.268715       0.998399    
    5.500   0.270047       0.257178       0.952345    
    5.600   0.270838       0.246164       0.908897    
    5.700   0.271530       0.235654       0.867874    
    5.800   0.272136       0.225630       0.829108    
    5.900   0.272666       0.216073       0.792445    
    6.000   0.273129       0.206963       0.757746    
    6.100   0.273534       0.198280       0.724881    
    6.200   0.273887       0.190004       0.693731    
    6.300   0.274196       0.182117       0.664187    
    6.400   0.274465       0.174600       0.636147    
    6.500   0.274700       0.167435       0.609519    
    6.600   0.274905       0.160603       0.584215    
    6.700   0.275083       0.154090       0.560156    
    6.800   0.275239       0.147877       0.537268    
    6.900   0.275375       0.141951       0.515482    
    7.000   0.275493       0.136295       0.494734    
    7.100   0.275596       0.130898       0.474964    
    7.200   0.275685       0.125745       0.456117    
    7.300   0.275763       0.120823       0.438142    
    7.400   0.275831       0.116122       0.420990    
    7.500   0.275890       0.111630       0.404616    
    7.600   0.275942       0.107336       0.388979    
    7.700   0.275986       0.103230       0.374039    
    7.800   0.276025       0.993026E-01   0.359759    
    7.900   0.276059       0.955454E-01   0.346105    
    8.000   0.276089       0.919497E-01   0.333044    
    8.100   0.276114       0.885074E-01   0.320546    
    8.200   0.276137       0.852110E-01   0.308583    
    8.300   0.276156       0.820535E-01   0.297127    
    8.400   0.276173       0.790280E-01   0.286154    
    8.500   0.276188       0.761283E-01   0.275640    
    8.600   0.276200       0.733483E-01   0.265562    
    8.700   0.276211       0.706824E-01   0.255900    
    8.800   0.276221       0.681251E-01   0.246633    
    8.900   0.276229       0.656715E-01   0.237743    
    9.000   0.276237       0.633167E-01   0.229212    
    9.100   0.276243       0.610561E-01   0.221023    
    9.200   0.276248       0.588854E-01   0.213161    
    9.300   0.276253       0.568006E-01   0.205611    
    9.400   0.276257       0.547977E-01   0.198358    
    9.500   0.276261       0.528732E-01   0.191389    
    9.600   0.276264       0.510234E-01   0.184691    
    9.700   0.276267       0.492452E-01   0.178253    
    9.800   0.276269       0.475354E-01   0.172062    
    9.900   0.276271       0.458910E-01   0.166109    
   10.000   0.276273       0.443092E-01   0.160382    
   10.100   0.276274       0.427872E-01   0.154872    
   10.200   0.276276       0.413226E-01   0.149570    
   10.300   0.276277       0.399129E-01   0.144467    
   10.400   0.276278       0.385557E-01   0.139554    
   10.500   0.276279       0.372490E-01   0.134824    
   10.600   0.276280       0.359905E-01   0.130268    
   10.700   0.276280       0.347784E-01   0.125881    
   10.800   0.276281       0.336106E-01   0.121654    
   10.900   0.276281       0.324854E-01   0.117581    
   11.000   0.276282       0.314011E-01   0.113656    
   11.100   0.276282       0.303559E-01   0.109873    
   11.200   0.276283       0.293484E-01   0.106226    
   11.300   0.276283       0.283770E-01   0.102710    
   11.400   0.276283       0.274403E-01   0.993195E-01
   11.500   0.276283       0.265369E-01   0.960496E-01
   11.600   0.276283       0.256655E-01   0.928956E-01
   11.700   0.276284       0.248249E-01   0.898530E-01
   11.800   0.276284       0.240139E-01   0.869174E-01
   11.900   0.276284       0.232312E-01   0.840847E-01
   12.000   0.276284       0.224760E-01   0.813509E-01
   12.100   0.276284       0.217469E-01   0.787122E-01
   12.200   0.276284       0.210432E-01   0.761651E-01
   12.300   0.276284       0.203638E-01   0.737060E-01
   12.400   0.276284       0.197078E-01   0.713316E-01
   12.500   0.276284       0.190743E-01   0.690387E-01
   12.600   0.276284       0.184625E-01   0.668243E-01
   12.700   0.276284       0.178716E-01   0.646855E-01
   12.800   0.276284       0.173008E-01   0.626194E-01
   12.900   0.276284       0.167493E-01   0.606234E-01
   13.000   0.276285       0.162165E-01   0.586949E-01
   13.100   0.276285       0.157016E-01   0.568314E-01
   13.200   0.276285       0.152041E-01   0.550305E-01
   13.300   0.276285       0.147232E-01   0.532901E-01
   13.400   0.276285       0.142584E-01   0.516078E-01
   13.500   0.276285       0.138091E-01   0.499816E-01
   13.600   0.276285       0.133748E-01   0.484095E-01
   13.700   0.276285       0.129548E-01   0.468895E-01
   13.800   0.276285       0.125488E-01   0.454198E-01
   13.900   0.276285       0.121561E-01   0.439986E-01
   14.000   0.276285       0.117764E-01   0.426242E-01
   14.100   0.276285       0.114092E-01   0.412949E-01
   14.200   0.276285       0.110539E-01   0.400092E-01
   14.300   0.276285       0.107103E-01   0.387655E-01
   14.400   0.276285       0.103779E-01   0.375623E-01
   14.500   0.276285       0.100563E-01   0.363983E-01
   14.600   0.276285       0.974514E-02   0.352721E-01
   14.700   0.276285       0.944405E-02   0.341823E-01
   14.800   0.276285       0.915270E-02   0.331278E-01
   14.900   0.276285       0.887075E-02   0.321073E-01
   15.000   0.276285       0.859787E-02   0.311196E-01
   15.100   0.276285       0.833376E-02   0.301637E-01
   15.200   0.276285       0.807811E-02   0.292383E-01
   15.300   0.276285       0.783064E-02   0.283426E-01
   15.400   0.276285       0.759107E-02   0.274755E-01
   15.500   0.276285       0.735913E-02   0.266360E-01
   15.600   0.276285       0.713457E-02   0.258233E-01
   15.700   0.276285       0.691714E-02   0.250363E-01
   15.800   0.276285       0.670661E-02   0.242743E-01
   15.900   0.276285       0.650273E-02   0.235363E-01
   16.000   0.276285       0.630529E-02   0.228217E-01
   16.100   0.276285       0.611407E-02   0.221296E-01
   16.200   0.276285       0.592887E-02   0.214593E-01
   16.300   0.276285       0.574949E-02   0.208100E-01
   16.400   0.276285       0.557573E-02   0.201811E-01
   16.500   0.276285       0.540742E-02   0.195719E-01
   16.600   0.276285       0.524437E-02   0.189817E-01
   16.700   0.276285       0.508640E-02   0.184100E-01
   16.800   0.276285       0.493336E-02   0.178561E-01
   16.900   0.276285       0.478508E-02   0.173194E-01
   17.000   0.276285       0.464141E-02   0.167994E-01
   17.100   0.276285       0.450220E-02   0.162955E-01
   17.200   0.276285       0.436729E-02   0.158072E-01
   17.300   0.276285       0.423656E-02   0.153341E-01
   17.400   0.276285       0.410987E-02   0.148755E-01
   17.500   0.276285       0.398709E-02   0.144311E-01
   17.600   0.276285       0.386809E-02   0.140004E-01
   17.700   0.276285       0.375275E-02   0.135829E-01
   17.800   0.276285       0.364095E-02   0.131783E-01
   17.900   0.276285       0.353258E-02   0.127860E-01
   18.000   0.276285       0.342754E-02   0.124058E-01
   18.100   0.276285       0.332571E-02   0.120373E-01
   18.200   0.276284       0.322699E-02   0.116799E-01
   18.300   0.276284       0.313128E-02   0.113335E-01
   18.400   0.276284       0.303849E-02   0.109977E-01
   18.500   0.276284       0.294853E-02   0.106721E-01
   18.600   0.276284       0.286130E-02   0.103564E-01
   18.700   0.276284       0.277673E-02   0.100502E-01
   18.800   0.276284       0.269472E-02   0.975341E-02
   18.900   0.276284       0.261519E-02   0.946557E-02
   19.000   0.276284       0.253807E-02   0.918645E-02
   19.100   0.276284       0.246329E-02   0.891577E-02
   19.200   0.276284       0.239076E-02   0.865327E-02
   19.300   0.276284       0.232043E-02   0.839869E-02
   19.400   0.276284       0.225221E-02   0.815178E-02
   19.500   0.276284       0.218605E-02   0.791231E-02
   19.600   0.276284       0.212188E-02   0.768005E-02
   19.700   0.276284       0.205963E-02   0.745476E-02
   19.800   0.276284       0.199926E-02   0.723623E-02
   19.900   0.276284       0.194069E-02   0.702426E-02
 &
