# KN1,E,l,j,2j+1,N,cmb =   2  -2.74000   2  1.5   4 201 F T F
   0.000     0.0000    
   0.100   -0.70312E-02
   0.200   -0.60983E-01
   0.300   -0.20697    
   0.400   -0.48647    
   0.500   -0.93461    
   0.600    -1.5786    
   0.700    -2.4365    
   0.800    -3.5162    
   0.900    -4.8147    
   1.000    -6.3181    
   1.100    -8.0018    
   1.200    -9.8311    
   1.300    -11.763    
   1.400    -13.746    
   1.500    -15.726    
   1.600    -17.644    
   1.700    -19.442    
   1.800    -21.063    
   1.900    -22.457    
   2.000    -23.582    
   2.100    -24.403    
   2.200    -24.901    
   2.300    -25.064    
   2.400    -24.899    
   2.500    -24.421    
   2.600    -23.657    
   2.700    -22.645    
   2.800    -21.427    
   2.900    -20.051    
   3.000    -18.565    
   3.100    -17.016    
   3.200    -15.448    
   3.300    -13.899    
   3.400    -12.399    
   3.500    -10.976    
   3.600    -9.6452    
   3.700    -8.4196    
   3.800    -7.3051    
   3.900    -6.3031    
   4.000    -5.4114    
   4.100    -4.6249    
   4.200    -3.9368    
   4.300    -3.3390    
   4.400    -2.8229    
   4.500    -2.3799    
   4.600    -2.0015    
   4.700    -1.6795    
   4.800    -1.4067    
   4.900    -1.1763    
   5.000   -0.98219    
   5.100   -0.81913    
   5.200   -0.68243    
   5.300   -0.56804    
   5.400   -0.47247    
   5.500   -0.39273    
   5.600   -0.32629    
   5.700   -0.27097    
   5.800   -0.22495    
   5.900   -0.18670    
   6.000   -0.15492    
   6.100   -0.12853    
   6.200   -0.10663    
   6.300   -0.88450E-01
   6.400   -0.73369E-01
   6.500   -0.60859E-01
   6.600   -0.50483E-01
   6.700   -0.41878E-01
   6.800   -0.34742E-01
   6.900   -0.28824E-01
   7.000   -0.23916E-01
   7.100   -0.19846E-01
   7.200   -0.16470E-01
   7.300   -0.13670E-01
   7.400   -0.11347E-01
   7.500   -0.94203E-02
   7.600   -0.78216E-02
   7.700   -0.64951E-02
   7.800   -0.53942E-02
   7.900   -0.44804E-02
   8.000   -0.37220E-02
   8.100   -0.30923E-02
   8.200   -0.25695E-02
   8.300   -0.21353E-02
   8.400   -0.17748E-02
   8.500   -0.14752E-02
   8.600   -0.12264E-02
   8.700   -0.10197E-02
   8.800   -0.84792E-03
   8.900   -0.70516E-03
   9.000   -0.58650E-03
   9.100   -0.48786E-03
   9.200   -0.40586E-03
   9.300   -0.33767E-03
   9.400   -0.28097E-03
   9.500   -0.23382E-03
   9.600   -0.19460E-03
   9.700   -0.16197E-03
   9.800   -0.13483E-03
   9.900   -0.11224E-03
  10.000   -0.93449E-04
  10.100   -0.77810E-04
  10.200   -0.64794E-04
  10.300   -0.53959E-04
  10.400   -0.44941E-04
  10.500   -0.37432E-04
  10.600   -0.31181E-04
  10.700   -0.25976E-04
  10.800   -0.21641E-04
  10.900   -0.18031E-04
  11.000   -0.15024E-04
  11.100   -0.12520E-04
  11.200   -0.10434E-04
  11.300   -0.86955E-05
  11.400   -0.72475E-05
  11.500   -0.60411E-05
  11.600   -0.50357E-05
  11.700   -0.41980E-05
  11.800   -0.34998E-05
  11.900   -0.29179E-05
  12.000   -0.24330E-05
  12.100   -0.20287E-05
  12.200   -0.16917E-05
  12.300   -0.14108E-05
  12.400   -0.11765E-05
  12.500   -0.98125E-06
  12.600   -0.81843E-06
  12.700   -0.68266E-06
  12.800   -0.56944E-06
  12.900   -0.47502E-06
  13.000   -0.39627E-06
  13.100   -0.33060E-06
  13.200   -0.27582E-06
  13.300   -0.23013E-06
  13.400   -0.19202E-06
  13.500   -0.16022E-06
  13.600   -0.13370E-06
  13.700   -0.11157E-06
  13.800   -0.93106E-07
  13.900   -0.77703E-07
  14.000   -0.64850E-07
  14.100   -0.54125E-07
  14.200   -0.45176E-07
  14.300   -0.37707E-07
  14.400   -0.31475E-07
  14.500   -0.26273E-07
  14.600   -0.21932E-07
  14.700   -0.18309E-07
  14.800   -0.15285E-07
  14.900   -0.12761E-07
  15.000   -0.10654E-07
  15.100   -0.88952E-08
  15.200   -0.74269E-08
  15.300   -0.62013E-08
  15.400   -0.51780E-08
  15.500   -0.43237E-08
  15.600   -0.36105E-08
  15.700   -0.30150E-08
  15.800   -0.25178E-08
  15.900   -0.21027E-08
  16.000   -0.17560E-08
  16.100   -0.14666E-08
  16.200   -0.12248E-08
  16.300   -0.10230E-08
  16.400   -0.85443E-09
  16.500   -0.71366E-09
  16.600   -0.59610E-09
  16.700   -0.49792E-09
  16.800   -0.41591E-09
  16.900   -0.34743E-09
  17.000   -0.29022E-09
  17.100   -0.24244E-09
  17.200   -0.20253E-09
  17.300   -0.16920E-09
  17.400   -0.14135E-09
  17.500   -0.11809E-09
  17.600   -0.98661E-10
  17.700   -0.82429E-10
  17.800   -0.68869E-10
  17.900   -0.57541E-10
  18.000   -0.48078E-10
  18.100   -0.40171E-10
  18.200   -0.33566E-10
  18.300   -0.28047E-10
  18.400   -0.23436E-10
  18.500   -0.19583E-10
  18.600   -0.16364E-10
  18.700   -0.13675E-10
  18.800   -0.11427E-10
  18.900   -0.95494E-11
  19.000   -0.79803E-11
  19.100   -0.66692E-11
  19.200   -0.55735E-11
  19.300   -0.46580E-11
  19.400    0.17701E-12
  19.500    0.14714E-12
  19.600    0.12232E-12
  19.700    0.10169E-12
  19.800    0.84546E-13
  19.900    0.70293E-13
  20.000    0.58446E-13
 &
# KN1,E,l,j,2j+1,N,cmb =   3  -1.69890   0  0.5   2 201 F T F
   0.000     0.0000    
   0.100    -2.7151    
   0.200    -5.3602    
   0.300    -7.8768    
   0.400    -10.209    
   0.500    -12.307    
   0.600    -14.123    
   0.700    -15.620    
   0.800    -16.767    
   0.900    -17.540    
   1.000    -17.926    
   1.100    -17.922    
   1.200    -17.535    
   1.300    -16.780    
   1.400    -15.683    
   1.500    -14.280    
   1.600    -12.612    
   1.700    -10.729    
   1.800    -8.6873    
   1.900    -6.5447    
   2.000    -4.3616    
   2.100    -2.1980    
   2.200   -0.11092    
   2.300     1.8472    
   2.400     3.6309    
   2.500     5.2033    
   2.600     6.5373    
   2.700     7.6165    
   2.800     8.4350    
   2.900     8.9974    
   3.000     9.3175    
   3.100     9.4165    
   3.200     9.3216    
   3.300     9.0634    
   3.400     8.6742    
   3.500     8.1861    
   3.600     7.6292    
   3.700     7.0309    
   3.800     6.4146    
   3.900     5.7997    
   4.000     5.2014    
   4.100     4.6313    
   4.200     4.0970    
   4.300     3.6036    
   4.400     3.1534    
   4.500     2.7470    
   4.600     2.3834    
   4.700     2.0605    
   4.800     1.7759    
   4.900     1.5264    
   5.000     1.3088    
   5.100     1.1198    
   5.200    0.95634    
   5.300    0.81543    
   5.400    0.69429    
   5.500    0.59042    
   5.600    0.50155    
   5.700    0.42566    
   5.800    0.36095    
   5.900    0.30587    
   6.000    0.25903    
   6.100    0.21924    
   6.200    0.18548    
   6.300    0.15686    
   6.400    0.13260    
   6.500    0.11206    
   6.600    0.94682E-01
   6.700    0.79977E-01
   6.800    0.67543E-01
   6.900    0.57032E-01
   7.000    0.48149E-01
   7.100    0.40645E-01
   7.200    0.34306E-01
   7.300    0.28953E-01
   7.400    0.24433E-01
   7.500    0.20617E-01
   7.600    0.17396E-01
   7.700    0.14678E-01
   7.800    0.12383E-01
   7.900    0.10447E-01
   8.000    0.88134E-02
   8.100    0.74349E-02
   8.200    0.62719E-02
   8.300    0.52906E-02
   8.400    0.44628E-02
   8.500    0.37645E-02
   8.600    0.31753E-02
   8.700    0.26784E-02
   8.800    0.22592E-02
   8.900    0.19056E-02
   9.000    0.16073E-02
   9.100    0.13557E-02
   9.200    0.11434E-02
   9.300    0.96444E-03
   9.400    0.81346E-03
   9.500    0.68610E-03
   9.600    0.57869E-03
   9.700    0.48809E-03
   9.800    0.41167E-03
   9.900    0.34722E-03
  10.000    0.29285E-03
  10.100    0.24700E-03
  10.200    0.20833E-03
  10.300    0.17571E-03
  10.400    0.14820E-03
  10.500    0.12499E-03
  10.600    0.10542E-03
  10.700    0.88916E-04
  10.800    0.74994E-04
  10.900    0.63251E-04
  11.000    0.53348E-04
  11.100    0.44995E-04
  11.200    0.37949E-04
  11.300    0.32007E-04
  11.400    0.26996E-04
  11.500    0.22769E-04
  11.600    0.19204E-04
  11.700    0.16197E-04
  11.800    0.13661E-04
  11.900    0.11522E-04
  12.000    0.97176E-05
  12.100    0.81960E-05
  12.200    0.69127E-05
  12.300    0.58303E-05
  12.400    0.49174E-05
  12.500    0.41474E-05
  12.600    0.34980E-05
  12.700    0.29503E-05
  12.800    0.24883E-05
  12.900    0.20987E-05
  13.000    0.17701E-05
  13.100    0.14929E-05
  13.200    0.12592E-05
  13.300    0.10620E-05
  13.400    0.89572E-06
  13.500    0.75547E-06
  13.600    0.63718E-06
  13.700    0.53741E-06
  13.800    0.45326E-06
  13.900    0.38229E-06
  14.000    0.32243E-06
  14.100    0.27194E-06
  14.200    0.22936E-06
  14.300    0.19345E-06
  14.400    0.16316E-06
  14.500    0.13761E-06
  14.600    0.11606E-06
  14.700    0.97891E-07
  14.800    0.82563E-07
  14.900    0.69635E-07
  15.000    0.58732E-07
  15.100    0.49535E-07
  15.200    0.41779E-07
  15.300    0.35237E-07
  15.400    0.29720E-07
  15.500    0.25066E-07
  15.600    0.21141E-07
  15.700    0.17831E-07
  15.800    0.15039E-07
  15.900    0.12684E-07
  16.000    0.10698E-07
  16.100    0.90230E-08
  16.200    0.76102E-08
  16.300    0.64186E-08
  16.400    0.54136E-08
  16.500    0.45659E-08
  16.600    0.38510E-08
  16.700    0.32480E-08
  16.800    0.27394E-08
  16.900    0.23105E-08
  17.000    0.19487E-08
  17.100    0.16436E-08
  17.200    0.13862E-08
  17.300    0.11692E-08
  17.400    0.98610E-09
  17.500    0.83170E-09
  17.600    0.70147E-09
  17.700    0.59163E-09
  17.800    0.49899E-09
  17.900    0.42086E-09
  18.000    0.35496E-09
  18.100    0.29938E-09
  18.200    0.25251E-09
  18.300    0.21297E-09
  18.400    0.17962E-09
  18.500    0.15150E-09
  18.600    0.12777E-09
  18.700    0.10777E-09
  18.800    0.90894E-10
  18.900    0.76661E-10
  19.000    0.64658E-10
  19.100    0.54534E-10
  19.200    0.45995E-10
  19.300    0.38793E-10
  19.400     0.0000    
  19.500     0.0000    
  19.600     0.0000    
  19.700     0.0000    
  19.800     0.0000    
  19.900     0.0000    
  20.000     0.0000    
 &
# KN1,E,l,j,2j+1,N,cmb =   4  -1.69890   2  2.5   6 201 F T F
   0.000     0.0000    
   0.100   -0.52695E-02
   0.200   -0.41428E-01
   0.300   -0.13648    
   0.400   -0.31692    
   0.500   -0.60615    
   0.600    -1.0237    
   0.700    -1.5843    
   0.800    -2.2976    
   0.900    -3.1673    
   1.000    -4.1910    
   1.100    -5.3601    
   1.200    -6.6595    
   1.300    -8.0681    
   1.400    -9.5591    
   1.500    -11.101    
   1.600    -12.657    
   1.700    -14.190    
   1.800    -15.657    
   1.900    -17.020    
   2.000    -18.239    
   2.100    -19.277    
   2.200    -20.105    
   2.300    -20.696    
   2.400    -21.035    
   2.500    -21.113    
   2.600    -20.933    
   2.700    -20.504    
   2.800    -19.846    
   2.900    -18.988    
   3.000    -17.961    
   3.100    -16.803    
   3.200    -15.553    
   3.300    -14.250    
   3.400    -12.929    
   3.500    -11.622    
   3.600    -10.358    
   3.700    -9.1569    
   3.800    -8.0347    
   3.900    -7.0018    
   4.000    -6.0637    
   4.100    -5.2216    
   4.200    -4.4737    
   4.300    -3.8155    
   4.400    -3.2411    
   4.500    -2.7435    
   4.600    -2.3150    
   4.700    -1.9483    
   4.800    -1.6358    
   4.900    -1.3707    
   5.000    -1.1466    
   5.100   -0.95777    
   5.200   -0.79908    
   5.300   -0.66602    
   5.400   -0.55466    
   5.500   -0.46162    
   5.600   -0.38398    
   5.700   -0.31927    
   5.800   -0.26539    
   5.900   -0.22056    
   6.000   -0.18327    
   6.100   -0.15228    
   6.200   -0.12652    
   6.300   -0.10512    
   6.400   -0.87353E-01
   6.500   -0.72593E-01
   6.600   -0.60334E-01
   6.700   -0.50153E-01
   6.800   -0.41697E-01
   6.900   -0.34673E-01
   7.000   -0.28838E-01
   7.100   -0.23990E-01
   7.200   -0.19960E-01
   7.300   -0.16612E-01
   7.400   -0.13827E-01
   7.500   -0.11513E-01
   7.600   -0.95873E-02
   7.700   -0.79857E-02
   7.800   -0.66532E-02
   7.900   -0.55442E-02
   8.000   -0.46210E-02
   8.100   -0.38524E-02
   8.200   -0.32122E-02
   8.300   -0.26790E-02
   8.400   -0.22348E-02
   8.500   -0.18646E-02
   8.600   -0.15560E-02
   8.700   -0.12987E-02
   8.800   -0.10842E-02
   8.900   -0.90528E-03
   9.000   -0.75601E-03
   9.100   -0.63147E-03
   9.200   -0.52753E-03
   9.300   -0.44077E-03
   9.400   -0.36835E-03
   9.500   -0.30787E-03
   9.600   -0.25736E-03
   9.700   -0.21517E-03
   9.800   -0.17992E-03
   9.900   -0.15047E-03
  10.000   -0.12586E-03
  10.100   -0.10529E-03
  10.200   -0.88088E-04
  10.300   -0.73709E-04
  10.400   -0.61685E-04
  10.500   -0.51629E-04
  10.600   -0.43218E-04
  10.700   -0.36181E-04
  10.800   -0.30294E-04
  10.900   -0.25367E-04
  11.000   -0.21244E-04
  11.100   -0.17793E-04
  11.200   -0.14904E-04
  11.300   -0.12486E-04
  11.400   -0.10461E-04
  11.500   -0.87651E-05
  11.600   -0.73450E-05
  11.700   -0.61556E-05
  11.800   -0.51592E-05
  11.900   -0.43245E-05
  12.000   -0.36252E-05
  12.100   -0.30393E-05
  12.200   -0.25482E-05
  12.300   -0.21367E-05
  12.400   -0.17918E-05
  12.500   -0.15027E-05
  12.600   -0.12603E-05
  12.700   -0.10571E-05
  12.800   -0.88672E-06
  12.900   -0.74387E-06
  13.000   -0.62407E-06
  13.100   -0.52361E-06
  13.200   -0.43934E-06
  13.300   -0.36867E-06
  13.400   -0.30938E-06
  13.500   -0.25964E-06
  13.600   -0.21792E-06
  13.700   -0.18291E-06
  13.800   -0.15353E-06
  13.900   -0.12888E-06
  14.000   -0.10820E-06
  14.100   -0.90837E-07
  14.200   -0.76267E-07
  14.300   -0.64037E-07
  14.400   -0.53771E-07
  14.500   -0.45153E-07
  14.600   -0.37919E-07
  14.700   -0.31845E-07
  14.800   -0.26746E-07
  14.900   -0.22464E-07
  15.000   -0.18869E-07
  15.100   -0.15849E-07
  15.200   -0.13314E-07
  15.300   -0.11185E-07
  15.400   -0.93963E-08
  15.500   -0.78943E-08
  15.600   -0.66327E-08
  15.700   -0.55729E-08
  15.800   -0.46827E-08
  15.900   -0.39348E-08
  16.000   -0.33065E-08
  16.100   -0.27787E-08
  16.200   -0.23352E-08
  16.300   -0.19625E-08
  16.400   -0.16494E-08
  16.500   -0.13863E-08
  16.600   -0.11653E-08
  16.700   -0.97946E-09
  16.800   -0.82332E-09
  16.900   -0.69210E-09
  17.000   -0.58181E-09
  17.100   -0.48911E-09
  17.200   -0.41120E-09
  17.300   -0.34571E-09
  17.400   -0.29066E-09
  17.500   -0.24438E-09
  17.600   -0.20548E-09
  17.700   -0.17277E-09
  17.800   -0.14528E-09
  17.900   -0.12216E-09
  18.000   -0.10273E-09
  18.100   -0.86390E-10
  18.200   -0.72651E-10
  18.300   -0.61099E-10
  18.400   -0.51385E-10
  18.500   -0.43217E-10
  18.600   -0.36348E-10
  18.700   -0.30572E-10
  18.800   -0.25714E-10
  18.900   -0.21629E-10
  19.000   -0.18193E-10
  19.100   -0.15304E-10
  19.200   -0.12873E-10
  19.300   -0.10829E-10
  19.400   -0.33026E-12
  19.500   -0.27646E-12
  19.600   -0.23144E-12
  19.700   -0.19375E-12
  19.800   -0.16221E-12
  19.900   -0.13581E-12
  20.000   -0.11372E-12
 &
# KN1,E,l,j,2j+1,N,cmb =   5  -1.69890   2  1.5   4 201 F T F
   0.000     0.0000    
   0.100   -0.63116E-02
   0.200   -0.54879E-01
   0.300   -0.18642    
   0.400   -0.43843    
   0.500   -0.84276    
   0.600    -1.4242    
   0.700    -2.1995    
   0.800    -3.1761    
   0.900    -4.3520    
   1.000    -5.7153    
   1.100    -7.2443    
   1.200    -8.9086    
   1.300    -10.670    
   1.400    -12.482    
   1.500    -14.297    
   1.600    -16.060    
   1.700    -17.720    
   1.800    -19.226    
   1.900    -20.530    
   2.000    -21.593    
   2.100    -22.384    
   2.200    -22.883    
   2.300    -23.079    
   2.400    -22.974    
   2.500    -22.582    
   2.600    -21.927    
   2.700    -21.040    
   2.800    -19.960    
   2.900    -18.728    
   3.000    -17.390    
   3.100    -15.986    
   3.200    -14.558    
   3.300    -13.141    
   3.400    -11.763    
   3.500    -10.449    
   3.600    -9.2160    
   3.700    -8.0754    
   3.800    -7.0338    
   3.900    -6.0934    
   4.000    -5.2530    
   4.100    -4.5086    
   4.200    -3.8544    
   4.300    -3.2836    
   4.400    -2.7887    
   4.500    -2.3619    
   4.600    -1.9956    
   4.700    -1.6826    
   4.800    -1.4161    
   4.900    -1.1899    
   5.000   -0.99846    
   5.100   -0.83686    
   5.200   -0.70072    
   5.300   -0.58624    
   5.400   -0.49011    
   5.500   -0.40952    
   5.600   -0.34201    
   5.700   -0.28553    
   5.800   -0.23830    
   5.900   -0.19883    
   6.000   -0.16588    
   6.100   -0.13837    
   6.200   -0.11541    
   6.300   -0.96263E-01
   6.400   -0.80290E-01
   6.500   -0.66969E-01
   6.600   -0.55861E-01
   6.700   -0.46599E-01
   6.800   -0.38877E-01
   6.900   -0.32437E-01
   7.000   -0.27067E-01
   7.100   -0.22589E-01
   7.200   -0.18854E-01
   7.300   -0.15739E-01
   7.400   -0.13141E-01
   7.500   -0.10973E-01
   7.600   -0.91639E-02
   7.700   -0.76544E-02
   7.800   -0.63944E-02
   7.900   -0.53427E-02
   8.000   -0.44646E-02
   8.100   -0.37314E-02
   8.200   -0.31191E-02
   8.300   -0.26076E-02
   8.400   -0.21803E-02
   8.500   -0.18233E-02
   8.600   -0.15250E-02
   8.700   -0.12756E-02
   8.800   -0.10672E-02
   8.900   -0.89296E-03
   9.000   -0.74725E-03
   9.100   -0.62540E-03
   9.200   -0.52349E-03
   9.300   -0.43824E-03
   9.400   -0.36691E-03
   9.500   -0.30723E-03
   9.600   -0.25729E-03
   9.700   -0.21549E-03
   9.800   -0.18050E-03
   9.900   -0.15121E-03
  10.000   -0.12669E-03
  10.100   -0.10615E-03
  10.200   -0.88954E-04
  10.300   -0.74550E-04
  10.400   -0.62484E-04
  10.500   -0.52376E-04
  10.600   -0.43908E-04
  10.700   -0.36812E-04
  10.800   -0.30865E-04
  10.900   -0.25882E-04
  11.000   -0.21705E-04
  11.100   -0.18203E-04
  11.200   -0.15268E-04
  11.300   -0.12807E-04
  11.400   -0.10744E-04
  11.500   -0.90132E-05
  11.600   -0.75622E-05
  11.700   -0.63452E-05
  11.800   -0.53245E-05
  11.900   -0.44682E-05
  12.000   -0.37500E-05
  12.100   -0.31474E-05
  12.200   -0.26418E-05
  12.300   -0.22176E-05
  12.400   -0.18616E-05
  12.500   -0.15628E-05
  12.600   -0.13121E-05
  12.700   -0.11017E-05
  12.800   -0.92506E-06
  12.900   -0.77679E-06
  13.000   -0.65233E-06
  13.100   -0.54784E-06
  13.200   -0.46011E-06
  13.300   -0.38645E-06
  13.400   -0.32460E-06
  13.500   -0.27266E-06
  13.600   -0.22905E-06
  13.700   -0.19242E-06
  13.800   -0.16165E-06
  13.900   -0.13582E-06
  14.000   -0.11411E-06
  14.100   -0.95883E-07
  14.200   -0.80568E-07
  14.300   -0.67703E-07
  14.400   -0.56894E-07
  14.500   -0.47813E-07
  14.600   -0.40183E-07
  14.700   -0.33773E-07
  14.800   -0.28386E-07
  14.900   -0.23859E-07
  15.000   -0.20055E-07
  15.100   -0.16858E-07
  15.200   -0.14171E-07
  15.300   -0.11913E-07
  15.400   -0.10015E-07
  15.500   -0.84200E-08
  15.600   -0.70791E-08
  15.700   -0.59520E-08
  15.800   -0.50044E-08
  15.900   -0.42079E-08
  16.000   -0.35383E-08
  16.100   -0.29753E-08
  16.200   -0.25020E-08
  16.300   -0.21040E-08
  16.400   -0.17694E-08
  16.500   -0.14881E-08
  16.600   -0.12515E-08
  16.700   -0.10526E-08
  16.800   -0.88530E-09
  16.900   -0.74462E-09
  17.000   -0.62631E-09
  17.100   -0.52682E-09
  17.200   -0.44314E-09
  17.300   -0.37277E-09
  17.400   -0.31358E-09
  17.500   -0.26379E-09
  17.600   -0.22192E-09
  17.700   -0.18669E-09
  17.800   -0.15706E-09
  17.900   -0.13214E-09
  18.000   -0.11118E-09
  18.100   -0.93539E-10
  18.200   -0.78702E-10
  18.300   -0.66220E-10
  18.400   -0.55719E-10
  18.500   -0.46884E-10
  18.600   -0.39451E-10
  18.700   -0.33197E-10
  18.800   -0.27935E-10
  18.900   -0.23508E-10
  19.000   -0.19782E-10
  19.100   -0.16648E-10
  19.200   -0.14010E-10
  19.300   -0.11791E-10
  19.400    0.46889E-12
  19.500    0.39251E-12
  19.600    0.32858E-12
  19.700    0.27508E-12
  19.800    0.23030E-12
  19.900    0.19282E-12
  20.000    0.16145E-12
 &
