# 101  0.2000   16.0000 = NLN,RINTP,ELAB
   0.000    0.000000    0.000000
   0.200    0.000000    0.000000
   0.400    0.000000    0.000000
   0.600    0.000000    0.000000
   0.800    2.041902   -0.275008
   1.000    3.390330   -0.394683
   1.200    4.258063   -0.457056
   1.400    4.597257   -0.475924
   1.600    4.405896   -0.461383
   1.800    3.619345   -0.393648
   2.000    2.309040   -0.229293
   2.200    0.717294    0.069477
   2.400   -0.953228    0.510867
   2.600   -2.438424    1.011895
   2.800   -3.675267    1.427962
   3.000   -4.627118    1.605038
   3.200   -5.178017    1.420322
   3.400   -5.193957    0.917552
   3.600   -4.668924    0.332321
   3.800   -3.917118   -0.141880
   4.000   -3.131624   -0.420279
   4.200   -2.445412   -0.529826
   4.400   -1.886328   -0.511476
   4.600   -1.435788   -0.406972
   4.800   -1.104871   -0.285069
   5.000   -0.818031   -0.136734
   5.200   -0.648119   -0.064177
   5.400   -0.484917    0.039680
   5.600   -0.382637    0.064515
   5.800   -0.298949    0.111435
   6.000   -0.235630    0.107091
   6.200   -0.194156    0.120321
   6.400   -0.154674    0.104126
   6.600   -0.135173    0.102160
   6.800   -0.106754    0.081180
   7.000   -0.106489    0.080912
   7.200   -0.075974    0.056957
   7.400   -0.086322    0.054178
   7.600   -0.060225    0.037316
   7.800   -0.073301    0.034411
   8.000   -0.048975    0.021949
   8.200   -0.063435    0.013605
   8.400   -0.048392    0.017709
   8.600   -0.047149    0.000963
   8.800   -0.042530   -0.000291
   9.000   -0.057019    0.018247
   9.200   -0.022356   -0.018397
   9.400   -0.052612    0.001539
   9.600   -0.030138    0.020924
   9.800   -0.027339   -0.029195
  10.000   -0.033035    0.014181
  10.200   -0.018640    0.010650
  10.400   -0.025096   -0.023820
  10.600   -0.019198    0.011872
  10.800   -0.009026    0.003993
  11.000   -0.022194   -0.018123
  11.200   -0.010025    0.007165
  11.400   -0.001273   -0.002793
  11.600   -0.023323   -0.012508
  11.800    0.006923    0.003027
  12.000   -0.018294   -0.011676
  12.200   -0.001063   -0.000446
  12.400    0.001454   -0.003957
  12.600   -0.011246   -0.009662
  12.800   -0.001372   -0.002128
  13.000   -0.000271   -0.002327
  13.200   -0.005478   -0.005380
  13.400   -0.001603   -0.001735
  13.600   -0.000778   -0.001310
  13.800   -0.002514   -0.002383
  14.000   -0.000322   -0.001001
  14.200   -0.001221   -0.001629
  14.400   -0.000360   -0.001196
  14.600   -0.000562   -0.001386
  14.800   -0.000215   -0.001236
  15.000   -0.000215   -0.001267
  15.200   -0.000075   -0.001217
  15.400   -0.000055   -0.001157
  15.600   -0.000070   -0.001116
  15.800   -0.000020   -0.001010
  16.000   -0.000115   -0.000863
  16.200   -0.000103   -0.000749
  16.400   -0.000082   -0.000642
  16.600   -0.000174   -0.000476
  16.800   -0.000054   -0.000396
  17.000   -0.000148   -0.000294
  17.200   -0.000035   -0.000205
  17.400   -0.000091   -0.000173
  17.600   -0.000022   -0.000085
  17.800   -0.000055   -0.000129
  18.000   -0.000043   -0.000095
  18.200   -0.000000   -0.000130
  18.400    0.000010   -0.000120
  18.600    0.000087   -0.000099
  18.800    0.000106   -0.000096
  19.000    0.000131   -0.000079
  19.200    0.000000    0.000000
  19.400    0.000000    0.000000
  19.600    0.000000    0.000000
  19.800    0.000000    0.000000
  20.000    0.000000    0.000000
 END
