# 361 angles,  1 tensor ranks for 0=projectile
@subtitle   "12C(d,p)13C(7.686 MeV,3/2+) CCBA -- Ohnuma case-II mixing-ratio amplit"                                                
@legend ON
@legend x1 0.2
@legend y1 0.8
@g0 type LOGY
@             s0 legend        "Lab energy =   16.0000"
#             s0 legend        "Partition=  1 Excit=  1 near/far= 1"
#  Theta       sigma       iT11        T20         T21         T22         Kyy for projectile
 0.10000E-01  1.0000    
 0.50000     0.99784    
  1.0000     0.98739    
  1.5000     0.96922    
  2.0000     0.94496    
  2.5000     0.91621    
  3.0000     0.88451    
  3.5000     0.85133    
  4.0000     0.81804    
  4.5000     0.78598    
  5.0000     0.75640    
  5.5000     0.73049    
  6.0000     0.70936    
  6.5000     0.69406    
  7.0000     0.68554    
  7.5000     0.68466    
  8.0000     0.69219    
  8.5000     0.70877    
  9.0000     0.73495    
  9.5000     0.77113    
  10.000     0.81761    
  10.500     0.87452    
  11.000     0.94188    
  11.500      1.0196    
  12.000      1.1073    
  12.500      1.2047    
  13.000      1.3111    
  13.500      1.4260    
  14.000      1.5485    
  14.500      1.6777    
  15.000      1.8126    
  15.500      1.9521    
  16.000      2.0949    
  16.500      2.2397    
  17.000      2.3853    
  17.500      2.5303    
  18.000      2.6732    
  18.500      2.8127    
  19.000      2.9473    
  19.500      3.0757    
  20.000      3.1966    
  20.500      3.3087    
  21.000      3.4107    
  21.500      3.5016    
  22.000      3.5803    
  22.500      3.6460    
  23.000      3.6979    
  23.500      3.7352    
  24.000      3.7576    
  24.500      3.7646    
  25.000      3.7561    
  25.500      3.7320    
  26.000      3.6923    
  26.500      3.6374    
  27.000      3.5676    
  27.500      3.4835    
  28.000      3.3858    
  28.500      3.2752    
  29.000      3.1528    
  29.500      3.0197    
  30.000      2.8769    
  30.500      2.7257    
  31.000      2.5674    
  31.500      2.4035    
  32.000      2.2353    
  32.500      2.0644    
  33.000      1.8922    
  33.500      1.7202    
  34.000      1.5499    
  34.500      1.3827    
  35.000      1.2201    
  35.500      1.0634    
  36.000     0.91381    
  36.500     0.77264    
  37.000     0.64097    
  37.500     0.51982    
  38.000     0.41010    
  38.500     0.31260    
  39.000     0.22799    
  39.500     0.15682    
  40.000     0.99498E-01
  40.500     0.56321E-01
  41.000     0.27439E-01
  41.500     0.12873E-01
  42.000     0.12520E-01
  42.500     0.26148E-01
  43.000     0.53404E-01
  43.500     0.93823E-01
  44.000     0.14683    
  44.500     0.21174    
  45.000     0.28779    
  45.500     0.37413    
  46.000     0.46983    
  46.500     0.57389    
  47.000     0.68528    
  47.500     0.80290    
  48.000     0.92564    
  48.500      1.0524    
  49.000      1.1819    
  49.500      1.3132    
  50.000      1.4449    
  50.500      1.5762    
  51.000      1.7057    
  51.500      1.8326    
  52.000      1.9559    
  52.500      2.0745    
  53.000      2.1877    
  53.500      2.2945    
  54.000      2.3944    
  54.500      2.4867    
  55.000      2.5708    
  55.500      2.6462    
  56.000      2.7126    
  56.500      2.7696    
  57.000      2.8171    
  57.500      2.8550    
  58.000      2.8832    
  58.500      2.9019    
  59.000      2.9111    
  59.500      2.9111    
  60.000      2.9022    
  60.500      2.8848    
  61.000      2.8592    
  61.500      2.8261    
  62.000      2.7860    
  62.500      2.7394    
  63.000      2.6871    
  63.500      2.6296    
  64.000      2.5677    
  64.500      2.5021    
  65.000      2.4335    
  65.500      2.3627    
  66.000      2.2904    
  66.500      2.2174    
  67.000      2.1443    
  67.500      2.0718    
  68.000      2.0007    
  68.500      1.9314    
  69.000      1.8648    
  69.500      1.8012    
  70.000      1.7413    
  70.500      1.6854    
  71.000      1.6341    
  71.500      1.5876    
  72.000      1.5463    
  72.500      1.5105    
  73.000      1.4802    
  73.500      1.4558    
  74.000      1.4372    
  74.500      1.4246    
  75.000      1.4177    
  75.500      1.4167    
  76.000      1.4213    
  76.500      1.4315    
  77.000      1.4468    
  77.500      1.4671    
  78.000      1.4921    
  78.500      1.5215    
  79.000      1.5548    
  79.500      1.5916    
  80.000      1.6316    
  80.500      1.6742    
  81.000      1.7190    
  81.500      1.7655    
  82.000      1.8132    
  82.500      1.8617    
  83.000      1.9104    
  83.500      1.9589    
  84.000      2.0067    
  84.500      2.0533    
  85.000      2.0982    
  85.500      2.1411    
  86.000      2.1815    
  86.500      2.2190    
  87.000      2.2532    
  87.500      2.2840    
  88.000      2.3108    
  88.500      2.3335    
  89.000      2.3519    
  89.500      2.3657    
  90.000      2.3748    
  90.500      2.3791    
  91.000      2.3784    
  91.500      2.3728    
  92.000      2.3623    
  92.500      2.3468    
  93.000      2.3264    
  93.500      2.3013    
  94.000      2.2716    
  94.500      2.2374    
  95.000      2.1990    
  95.500      2.1566    
  96.000      2.1105    
  96.500      2.0610    
  97.000      2.0084    
  97.500      1.9531    
  98.000      1.8954    
  98.500      1.8357    
  99.000      1.7745    
  99.500      1.7121    
  100.00      1.6490    
  100.50      1.5857    
  101.00      1.5225    
  101.50      1.4600    
  102.00      1.3987    
  102.50      1.3389    
  103.00      1.2811    
  103.50      1.2259    
  104.00      1.1736    
  104.50      1.1248    
  105.00      1.0798    
  105.50      1.0390    
  106.00      1.0030    
  106.50     0.97199    
  107.00     0.94644    
  107.50     0.92668    
  108.00     0.91305    
  108.50     0.90586    
  109.00     0.90540    
  109.50     0.91191    
  110.00     0.92563    
  110.50     0.94677    
  111.00     0.97550    
  111.50      1.0119    
  112.00      1.0562    
  112.50      1.1084    
  113.00      1.1686    
  113.50      1.2367    
  114.00      1.3128    
  114.50      1.3968    
  115.00      1.4885    
  115.50      1.5879    
  116.00      1.6948    
  116.50      1.8090    
  117.00      1.9303    
  117.50      2.0584    
  118.00      2.1929    
  118.50      2.3337    
  119.00      2.4802    
  119.50      2.6321    
  120.00      2.7889    
  120.50      2.9503    
  121.00      3.1157    
  121.50      3.2845    
  122.00      3.4564    
  122.50      3.6306    
  123.00      3.8067    
  123.50      3.9840    
  124.00      4.1619    
  124.50      4.3398    
  125.00      4.5171    
  125.50      4.6930    
  126.00      4.8670    
  126.50      5.0383    
  127.00      5.2064    
  127.50      5.3705    
  128.00      5.5301    
  128.50      5.6845    
  129.00      5.8330    
  129.50      5.9750    
  130.00      6.1101    
  130.50      6.2375    
  131.00      6.3569    
  131.50      6.4676    
  132.00      6.5691    
  132.50      6.6612    
  133.00      6.7433    
  133.50      6.8151    
  134.00      6.8764    
  134.50      6.9268    
  135.00      6.9661    
  135.50      6.9943    
  136.00      7.0111    
  136.50      7.0167    
  137.00      7.0109    
  137.50      6.9939    
  138.00      6.9658    
  138.50      6.9269    
  139.00      6.8774    
  139.50      6.8176    
  140.00      6.7479    
  140.50      6.6689    
  141.00      6.5810    
  141.50      6.4848    
  142.00      6.3810    
  142.50      6.2703    
  143.00      6.1533    
  143.50      6.0310    
  144.00      5.9041    
  144.50      5.7736    
  145.00      5.6404    
  145.50      5.5054    
  146.00      5.3698    
  146.50      5.2344    
  147.00      5.1004    
  147.50      4.9687    
  148.00      4.8406    
  148.50      4.7171    
  149.00      4.5992    
  149.50      4.4880    
  150.00      4.3847    
  150.50      4.2901    
  151.00      4.2055    
  151.50      4.1316    
  152.00      4.0696    
  152.50      4.0202    
  153.00      3.9844    
  153.50      3.9629    
  154.00      3.9565    
  154.50      3.9658    
  155.00      3.9915    
  155.50      4.0341    
  156.00      4.0940    
  156.50      4.1716    
  157.00      4.2672    
  157.50      4.3810    
  158.00      4.5131    
  158.50      4.6634    
  159.00      4.8318    
  159.50      5.0183    
  160.00      5.2225    
  160.50      5.4440    
  161.00      5.6823    
  161.50      5.9369    
  162.00      6.2071    
  162.50      6.4921    
  163.00      6.7911    
  163.50      7.1031    
  164.00      7.4271    
  164.50      7.7621    
  165.00      8.1069    
  165.50      8.4601    
  166.00      8.8206    
  166.50      9.1870    
  167.00      9.5579    
  167.50      9.9318    
  168.00      10.307    
  168.50      10.683    
  169.00      11.057    
  169.50      11.428    
  170.00      11.794    
  170.50      12.155    
  171.00      12.508    
  171.50      12.851    
  172.00      13.184    
  172.50      13.505    
  173.00      13.813    
  173.50      14.106    
  174.00      14.382    
  174.50      14.642    
  175.00      14.883    
  175.50      15.104    
  176.00      15.305    
  176.50      15.485    
  177.00      15.642    
  177.50      15.776    
  178.00      15.887    
  178.50      15.973    
  179.00      16.035    
  179.50      16.073    
  179.99      16.085    
 &
