# 361 angles,  1 tensor ranks for 0=projectile
@subtitle   "12C(d,p)13C(7.686 MeV,3/2+) CCBA -- Ohnuma case-II mixing-ratio amplit"                                                
@legend ON
@legend x1 0.2
@legend y1 0.8
@g0 type LOGY
@xaxis label "Scattering angle (degrees)"
@yaxis label "Cross section (mb/sr)"
@             s0 legend        "Partition=  1 Excit=  1 near/far= 1"
#             s0 legend        "Lab energy =   16.0000"
@s0 linestyle   1
#  Theta       sigma       iT11        T20         T21         T22         Kyy for projectile
 0.10000E-01  1.0000    
 0.50000     0.99784    
  1.0000     0.98739    
  1.5000     0.96922    
  2.0000     0.94496    
  2.5000     0.91621    
  3.0000     0.88451    
  3.5000     0.85133    
  4.0000     0.81804    
  4.5000     0.78598    
  5.0000     0.75640    
  5.5000     0.73049    
  6.0000     0.70936    
  6.5000     0.69406    
  7.0000     0.68554    
  7.5000     0.68466    
  8.0000     0.69219    
  8.5000     0.70877    
  9.0000     0.73495    
  9.5000     0.77113    
  10.000     0.81761    
  10.500     0.87452    
  11.000     0.94188    
  11.500      1.0196    
  12.000      1.1073    
  12.500      1.2047    
  13.000      1.3111    
  13.500      1.4260    
  14.000      1.5485    
  14.500      1.6777    
  15.000      1.8126    
  15.500      1.9521    
  16.000      2.0949    
  16.500      2.2397    
  17.000      2.3853    
  17.500      2.5303    
  18.000      2.6732    
  18.500      2.8127    
  19.000      2.9473    
  19.500      3.0757    
  20.000      3.1966    
  20.500      3.3087    
  21.000      3.4107    
  21.500      3.5016    
  22.000      3.5803    
  22.500      3.6460    
  23.000      3.6979    
  23.500      3.7352    
  24.000      3.7576    
  24.500      3.7646    
  25.000      3.7561    
  25.500      3.7320    
  26.000      3.6923    
  26.500      3.6374    
  27.000      3.5676    
  27.500      3.4835    
  28.000      3.3858    
  28.500      3.2752    
  29.000      3.1528    
  29.500      3.0197    
  30.000      2.8769    
  30.500      2.7257    
  31.000      2.5674    
  31.500      2.4035    
  32.000      2.2353    
  32.500      2.0644    
  33.000      1.8922    
  33.500      1.7202    
  34.000      1.5499    
  34.500      1.3827    
  35.000      1.2201    
  35.500      1.0634    
  36.000     0.91381    
  36.500     0.77264    
  37.000     0.64097    
  37.500     0.51982    
  38.000     0.41010    
  38.500     0.31260    
  39.000     0.22799    
  39.500     0.15682    
  40.000     0.99498E-01
  40.500     0.56321E-01
  41.000     0.27439E-01
  41.500     0.12873E-01
  42.000     0.12520E-01
  42.500     0.26148E-01
  43.000     0.53404E-01
  43.500     0.93823E-01
  44.000     0.14683    
  44.500     0.21174    
  45.000     0.28779    
  45.500     0.37413    
  46.000     0.46983    
  46.500     0.57389    
  47.000     0.68528    
  47.500     0.80290    
  48.000     0.92564    
  48.500      1.0524    
  49.000      1.1819    
  49.500      1.3132    
  50.000      1.4449    
  50.500      1.5762    
  51.000      1.7057    
  51.500      1.8326    
  52.000      1.9559    
  52.500      2.0745    
  53.000      2.1877    
  53.500      2.2945    
  54.000      2.3944    
  54.500      2.4867    
  55.000      2.5708    
  55.500      2.6462    
  56.000      2.7126    
  56.500      2.7696    
  57.000      2.8171    
  57.500      2.8550    
  58.000      2.8832    
  58.500      2.9019    
  59.000      2.9111    
  59.500      2.9111    
  60.000      2.9022    
  60.500      2.8848    
  61.000      2.8592    
  61.500      2.8261    
  62.000      2.7860    
  62.500      2.7394    
  63.000      2.6871    
  63.500      2.6296    
  64.000      2.5677    
  64.500      2.5021    
  65.000      2.4335    
  65.500      2.3627    
  66.000      2.2904    
  66.500      2.2174    
  67.000      2.1443    
  67.500      2.0718    
  68.000      2.0007    
  68.500      1.9314    
  69.000      1.8648    
  69.500      1.8012    
  70.000      1.7413    
  70.500      1.6854    
  71.000      1.6341    
  71.500      1.5876    
  72.000      1.5463    
  72.500      1.5105    
  73.000      1.4802    
  73.500      1.4558    
  74.000      1.4372    
  74.500      1.4246    
  75.000      1.4177    
  75.500      1.4167    
  76.000      1.4213    
  76.500      1.4315    
  77.000      1.4468    
  77.500      1.4671    
  78.000      1.4921    
  78.500      1.5215    
  79.000      1.5548    
  79.500      1.5916    
  80.000      1.6316    
  80.500      1.6742    
  81.000      1.7190    
  81.500      1.7655    
  82.000      1.8132    
  82.500      1.8617    
  83.000      1.9104    
  83.500      1.9589    
  84.000      2.0067    
  84.500      2.0533    
  85.000      2.0982    
  85.500      2.1411    
  86.000      2.1815    
  86.500      2.2190    
  87.000      2.2532    
  87.500      2.2840    
  88.000      2.3108    
  88.500      2.3335    
  89.000      2.3519    
  89.500      2.3657    
  90.000      2.3748    
  90.500      2.3791    
  91.000      2.3784    
  91.500      2.3728    
  92.000      2.3623    
  92.500      2.3468    
  93.000      2.3264    
  93.500      2.3013    
  94.000      2.2716    
  94.500      2.2374    
  95.000      2.1990    
  95.500      2.1566    
  96.000      2.1105    
  96.500      2.0610    
  97.000      2.0084    
  97.500      1.9531    
  98.000      1.8954    
  98.500      1.8357    
  99.000      1.7745    
  99.500      1.7121    
  100.00      1.6490    
  100.50      1.5857    
  101.00      1.5225    
  101.50      1.4600    
  102.00      1.3987    
  102.50      1.3389    
  103.00      1.2811    
  103.50      1.2259    
  104.00      1.1736    
  104.50      1.1248    
  105.00      1.0798    
  105.50      1.0390    
  106.00      1.0030    
  106.50     0.97199    
  107.00     0.94644    
  107.50     0.92668    
  108.00     0.91305    
  108.50     0.90586    
  109.00     0.90540    
  109.50     0.91191    
  110.00     0.92563    
  110.50     0.94677    
  111.00     0.97550    
  111.50      1.0119    
  112.00      1.0562    
  112.50      1.1084    
  113.00      1.1686    
  113.50      1.2367    
  114.00      1.3128    
  114.50      1.3968    
  115.00      1.4885    
  115.50      1.5879    
  116.00      1.6948    
  116.50      1.8090    
  117.00      1.9303    
  117.50      2.0584    
  118.00      2.1929    
  118.50      2.3337    
  119.00      2.4802    
  119.50      2.6321    
  120.00      2.7889    
  120.50      2.9503    
  121.00      3.1157    
  121.50      3.2845    
  122.00      3.4564    
  122.50      3.6306    
  123.00      3.8067    
  123.50      3.9840    
  124.00      4.1619    
  124.50      4.3398    
  125.00      4.5171    
  125.50      4.6930    
  126.00      4.8670    
  126.50      5.0383    
  127.00      5.2064    
  127.50      5.3705    
  128.00      5.5301    
  128.50      5.6845    
  129.00      5.8330    
  129.50      5.9750    
  130.00      6.1101    
  130.50      6.2375    
  131.00      6.3569    
  131.50      6.4676    
  132.00      6.5691    
  132.50      6.6612    
  133.00      6.7433    
  133.50      6.8151    
  134.00      6.8764    
  134.50      6.9268    
  135.00      6.9661    
  135.50      6.9943    
  136.00      7.0111    
  136.50      7.0167    
  137.00      7.0109    
  137.50      6.9939    
  138.00      6.9658    
  138.50      6.9269    
  139.00      6.8774    
  139.50      6.8176    
  140.00      6.7479    
  140.50      6.6689    
  141.00      6.5810    
  141.50      6.4848    
  142.00      6.3810    
  142.50      6.2703    
  143.00      6.1533    
  143.50      6.0310    
  144.00      5.9041    
  144.50      5.7736    
  145.00      5.6404    
  145.50      5.5054    
  146.00      5.3698    
  146.50      5.2344    
  147.00      5.1004    
  147.50      4.9687    
  148.00      4.8406    
  148.50      4.7171    
  149.00      4.5992    
  149.50      4.4880    
  150.00      4.3847    
  150.50      4.2901    
  151.00      4.2055    
  151.50      4.1316    
  152.00      4.0696    
  152.50      4.0202    
  153.00      3.9844    
  153.50      3.9629    
  154.00      3.9565    
  154.50      3.9658    
  155.00      3.9915    
  155.50      4.0341    
  156.00      4.0940    
  156.50      4.1716    
  157.00      4.2672    
  157.50      4.3810    
  158.00      4.5131    
  158.50      4.6634    
  159.00      4.8318    
  159.50      5.0183    
  160.00      5.2225    
  160.50      5.4440    
  161.00      5.6823    
  161.50      5.9369    
  162.00      6.2071    
  162.50      6.4921    
  163.00      6.7911    
  163.50      7.1031    
  164.00      7.4271    
  164.50      7.7621    
  165.00      8.1069    
  165.50      8.4601    
  166.00      8.8206    
  166.50      9.1870    
  167.00      9.5579    
  167.50      9.9318    
  168.00      10.307    
  168.50      10.683    
  169.00      11.057    
  169.50      11.428    
  170.00      11.794    
  170.50      12.155    
  171.00      12.508    
  171.50      12.851    
  172.00      13.184    
  172.50      13.505    
  173.00      13.813    
  173.50      14.106    
  174.00      14.382    
  174.50      14.642    
  175.00      14.883    
  175.50      15.104    
  176.00      15.305    
  176.50      15.485    
  177.00      15.642    
  177.50      15.776    
  178.00      15.887    
  178.50      15.973    
  179.00      16.035    
  179.50      16.073    
  179.99      16.085    
 &
@             s1 legend        "Partition=  1 Excit=  2 near/far= 1"
#             s0 legend        "Lab energy =   16.0000"
@s1 linestyle   2
#  Theta       sigma       iT11        T20         T21         T22         Kyy for projectile
  0.0000      20.241    
 0.50000      20.241    
  1.0000      20.240    
  1.5000      20.238    
  2.0000      20.236    
  2.5000      20.232    
  3.0000      20.227    
  3.5000      20.221    
  4.0000      20.213    
  4.5000      20.202    
  5.0000      20.189    
  5.5000      20.174    
  6.0000      20.155    
  6.5000      20.132    
  7.0000      20.106    
  7.5000      20.075    
  8.0000      20.040    
  8.5000      20.000    
  9.0000      19.955    
  9.5000      19.905    
  10.000      19.850    
  10.500      19.790    
  11.000      19.724    
  11.500      19.653    
  12.000      19.578    
  12.500      19.497    
  13.000      19.412    
  13.500      19.322    
  14.000      19.227    
  14.500      19.129    
  15.000      19.027    
  15.500      18.922    
  16.000      18.813    
  16.500      18.701    
  17.000      18.587    
  17.500      18.470    
  18.000      18.351    
  18.500      18.229    
  19.000      18.105    
  19.500      17.980    
  20.000      17.852    
  20.500      17.723    
  21.000      17.592    
  21.500      17.458    
  22.000      17.323    
  22.500      17.185    
  23.000      17.046    
  23.500      16.903    
  24.000      16.759    
  24.500      16.612    
  25.000      16.462    
  25.500      16.309    
  26.000      16.153    
  26.500      15.994    
  27.000      15.832    
  27.500      15.668    
  28.000      15.500    
  28.500      15.329    
  29.000      15.155    
  29.500      14.978    
  30.000      14.798    
  30.500      14.616    
  31.000      14.431    
  31.500      14.243    
  32.000      14.054    
  32.500      13.862    
  33.000      13.669    
  33.500      13.474    
  34.000      13.278    
  34.500      13.080    
  35.000      12.882    
  35.500      12.684    
  36.000      12.485    
  36.500      12.286    
  37.000      12.088    
  37.500      11.891    
  38.000      11.694    
  38.500      11.499    
  39.000      11.305    
  39.500      11.113    
  40.000      10.924    
  40.500      10.737    
  41.000      10.553    
  41.500      10.372    
  42.000      10.194    
  42.500      10.021    
  43.000      9.8513    
  43.500      9.6862    
  44.000      9.5259    
  44.500      9.3706    
  45.000      9.2207    
  45.500      9.0763    
  46.000      8.9377    
  46.500      8.8053    
  47.000      8.6792    
  47.500      8.5596    
  48.000      8.4467    
  48.500      8.3407    
  49.000      8.2416    
  49.500      8.1497    
  50.000      8.0649    
  50.500      7.9874    
  51.000      7.9170    
  51.500      7.8539    
  52.000      7.7979    
  52.500      7.7490    
  53.000      7.7069    
  53.500      7.6717    
  54.000      7.6431    
  54.500      7.6209    
  55.000      7.6048    
  55.500      7.5947    
  56.000      7.5902    
  56.500      7.5910    
  57.000      7.5968    
  57.500      7.6072    
  58.000      7.6220    
  58.500      7.6408    
  59.000      7.6631    
  59.500      7.6886    
  60.000      7.7170    
  60.500      7.7478    
  61.000      7.7807    
  61.500      7.8153    
  62.000      7.8512    
  62.500      7.8881    
  63.000      7.9256    
  63.500      7.9633    
  64.000      8.0009    
  64.500      8.0381    
  65.000      8.0746    
  65.500      8.1100    
  66.000      8.1440    
  66.500      8.1764    
  67.000      8.2070    
  67.500      8.2354    
  68.000      8.2614    
  68.500      8.2848    
  69.000      8.3053    
  69.500      8.3229    
  70.000      8.3373    
  70.500      8.3484    
  71.000      8.3560    
  71.500      8.3600    
  72.000      8.3603    
  72.500      8.3568    
  73.000      8.3494    
  73.500      8.3381    
  74.000      8.3228    
  74.500      8.3036    
  75.000      8.2803    
  75.500      8.2530    
  76.000      8.2217    
  76.500      8.1865    
  77.000      8.1474    
  77.500      8.1044    
  78.000      8.0577    
  78.500      8.0074    
  79.000      7.9535    
  79.500      7.8961    
  80.000      7.8354    
  80.500      7.7715    
  81.000      7.7046    
  81.500      7.6348    
  82.000      7.5623    
  82.500      7.4872    
  83.000      7.4097    
  83.500      7.3300    
  84.000      7.2482    
  84.500      7.1646    
  85.000      7.0793    
  85.500      6.9925    
  86.000      6.9044    
  86.500      6.8153    
  87.000      6.7252    
  87.500      6.6343    
  88.000      6.5429    
  88.500      6.4512    
  89.000      6.3592    
  89.500      6.2672    
  90.000      6.1754    
  90.500      6.0840    
  91.000      5.9930    
  91.500      5.9027    
  92.000      5.8132    
  92.500      5.7246    
  93.000      5.6372    
  93.500      5.5510    
  94.000      5.4662    
  94.500      5.3829    
  95.000      5.3013    
  95.500      5.2214    
  96.000      5.1434    
  96.500      5.0674    
  97.000      4.9935    
  97.500      4.9218    
  98.000      4.8524    
  98.500      4.7853    
  99.000      4.7207    
  99.500      4.6587    
  100.00      4.5992    
  100.50      4.5424    
  101.00      4.4884    
  101.50      4.4371    
  102.00      4.3887    
  102.50      4.3432    
  103.00      4.3006    
  103.50      4.2609    
  104.00      4.2242    
  104.50      4.1905    
  105.00      4.1599    
  105.50      4.1323    
  106.00      4.1077    
  106.50      4.0862    
  107.00      4.0678    
  107.50      4.0524    
  108.00      4.0400    
  108.50      4.0306    
  109.00      4.0242    
  109.50      4.0208    
  110.00      4.0204    
  110.50      4.0228    
  111.00      4.0281    
  111.50      4.0363    
  112.00      4.0472    
  112.50      4.0608    
  113.00      4.0771    
  113.50      4.0960    
  114.00      4.1175    
  114.50      4.1415    
  115.00      4.1679    
  115.50      4.1966    
  116.00      4.2277    
  116.50      4.2609    
  117.00      4.2963    
  117.50      4.3338    
  118.00      4.3732    
  118.50      4.4145    
  119.00      4.4576    
  119.50      4.5025    
  120.00      4.5490    
  120.50      4.5971    
  121.00      4.6467    
  121.50      4.6977    
  122.00      4.7500    
  122.50      4.8035    
  123.00      4.8582    
  123.50      4.9140    
  124.00      4.9707    
  124.50      5.0283    
  125.00      5.0868    
  125.50      5.1460    
  126.00      5.2059    
  126.50      5.2663    
  127.00      5.3273    
  127.50      5.3887    
  128.00      5.4505    
  128.50      5.5127    
  129.00      5.5750    
  129.50      5.6375    
  130.00      5.7002    
  130.50      5.7628    
  131.00      5.8255    
  131.50      5.8882    
  132.00      5.9507    
  132.50      6.0131    
  133.00      6.0754    
  133.50      6.1374    
  134.00      6.1991    
  134.50      6.2606    
  135.00      6.3217    
  135.50      6.3825    
  136.00      6.4430    
  136.50      6.5031    
  137.00      6.5629    
  137.50      6.6222    
  138.00      6.6812    
  138.50      6.7398    
  139.00      6.7981    
  139.50      6.8560    
  140.00      6.9136    
  140.50      6.9708    
  141.00      7.0278    
  141.50      7.0845    
  142.00      7.1410    
  142.50      7.1973    
  143.00      7.2534    
  143.50      7.3093    
  144.00      7.3652    
  144.50      7.4210    
  145.00      7.4768    
  145.50      7.5326    
  146.00      7.5884    
  146.50      7.6443    
  147.00      7.7004    
  147.50      7.7566    
  148.00      7.8131    
  148.50      7.8697    
  149.00      7.9267    
  149.50      7.9839    
  150.00      8.0415    
  150.50      8.0994    
  151.00      8.1576    
  151.50      8.2162    
  152.00      8.2753    
  152.50      8.3347    
  153.00      8.3946    
  153.50      8.4548    
  154.00      8.5155    
  154.50      8.5765    
  155.00      8.6380    
  155.50      8.6998    
  156.00      8.7620    
  156.50      8.8245    
  157.00      8.8873    
  157.50      8.9504    
  158.00      9.0137    
  158.50      9.0773    
  159.00      9.1409    
  159.50      9.2047    
  160.00      9.2685    
  160.50      9.3323    
  161.00      9.3961    
  161.50      9.4597    
  162.00      9.5231    
  162.50      9.5863    
  163.00      9.6491    
  163.50      9.7114    
  164.00      9.7733    
  164.50      9.8346    
  165.00      9.8952    
  165.50      9.9551    
  166.00      10.014    
  166.50      10.072    
  167.00      10.129    
  167.50      10.185    
  168.00      10.240    
  168.50      10.293    
  169.00      10.345    
  169.50      10.396    
  170.00      10.445    
  170.50      10.492    
  171.00      10.537    
  171.50      10.581    
  172.00      10.623    
  172.50      10.662    
  173.00      10.700    
  173.50      10.735    
  174.00      10.768    
  174.50      10.798    
  175.00      10.826    
  175.50      10.852    
  176.00      10.875    
  176.50      10.896    
  177.00      10.914    
  177.50      10.929    
  178.00      10.941    
  178.50      10.951    
  179.00      10.958    
  179.50      10.962    
  180.00      10.964    
 &
@             s2 legend        "Partition=  2 Excit=  1 near/far= 1"
#             s0 legend        "Lab energy =   16.0000"
@s2 linestyle   3
#  Theta       sigma       iT11        T20         T21         T22         Kyy for projectile
  0.0000      1.0071    
 0.50000      1.0091    
  1.0000      1.0153    
  1.5000      1.0256    
  2.0000      1.0400    
  2.5000      1.0584    
  3.0000      1.0808    
  3.5000      1.1071    
  4.0000      1.1372    
  4.5000      1.1712    
  5.0000      1.2087    
  5.5000      1.2499    
  6.0000      1.2945    
  6.5000      1.3425    
  7.0000      1.3937    
  7.5000      1.4479    
  8.0000      1.5051    
  8.5000      1.5650    
  9.0000      1.6276    
  9.5000      1.6926    
  10.000      1.7599    
  10.500      1.8293    
  11.000      1.9008    
  11.500      1.9739    
  12.000      2.0487    
  12.500      2.1249    
  13.000      2.2024    
  13.500      2.2809    
  14.000      2.3603    
  14.500      2.4404    
  15.000      2.5211    
  15.500      2.6021    
  16.000      2.6833    
  16.500      2.7646    
  17.000      2.8457    
  17.500      2.9265    
  18.000      3.0069    
  18.500      3.0867    
  19.000      3.1658    
  19.500      3.2440    
  20.000      3.3212    
  20.500      3.3973    
  21.000      3.4722    
  21.500      3.5457    
  22.000      3.6178    
  22.500      3.6883    
  23.000      3.7572    
  23.500      3.8244    
  24.000      3.8898    
  24.500      3.9533    
  25.000      4.0149    
  25.500      4.0746    
  26.000      4.1322    
  26.500      4.1877    
  27.000      4.2412    
  27.500      4.2925    
  28.000      4.3417    
  28.500      4.3887    
  29.000      4.4335    
  29.500      4.4761    
  30.000      4.5165    
  30.500      4.5547    
  31.000      4.5906    
  31.500      4.6244    
  32.000      4.6560    
  32.500      4.6854    
  33.000      4.7126    
  33.500      4.7376    
  34.000      4.7605    
  34.500      4.7813    
  35.000      4.7999    
  35.500      4.8165    
  36.000      4.8309    
  36.500      4.8433    
  37.000      4.8537    
  37.500      4.8620    
  38.000      4.8683    
  38.500      4.8726    
  39.000      4.8749    
  39.500      4.8752    
  40.000      4.8736    
  40.500      4.8700    
  41.000      4.8645    
  41.500      4.8571    
  42.000      4.8478    
  42.500      4.8366    
  43.000      4.8234    
  43.500      4.8085    
  44.000      4.7916    
  44.500      4.7729    
  45.000      4.7523    
  45.500      4.7300    
  46.000      4.7058    
  46.500      4.6798    
  47.000      4.6520    
  47.500      4.6225    
  48.000      4.5913    
  48.500      4.5583    
  49.000      4.5237    
  49.500      4.4874    
  50.000      4.4495    
  50.500      4.4099    
  51.000      4.3689    
  51.500      4.3263    
  52.000      4.2823    
  52.500      4.2368    
  53.000      4.1900    
  53.500      4.1418    
  54.000      4.0923    
  54.500      4.0417    
  55.000      3.9899    
  55.500      3.9370    
  56.000      3.8830    
  56.500      3.8282    
  57.000      3.7724    
  57.500      3.7157    
  58.000      3.6584    
  58.500      3.6003    
  59.000      3.5416    
  59.500      3.4824    
  60.000      3.4228    
  60.500      3.3627    
  61.000      3.3023    
  61.500      3.2417    
  62.000      3.1810    
  62.500      3.1201    
  63.000      3.0593    
  63.500      2.9985    
  64.000      2.9378    
  64.500      2.8774    
  65.000      2.8172    
  65.500      2.7574    
  66.000      2.6980    
  66.500      2.6391    
  67.000      2.5807    
  67.500      2.5230    
  68.000      2.4659    
  68.500      2.4096    
  69.000      2.3540    
  69.500      2.2994    
  70.000      2.2456    
  70.500      2.1928    
  71.000      2.1410    
  71.500      2.0902    
  72.000      2.0406    
  72.500      1.9921    
  73.000      1.9448    
  73.500      1.8988    
  74.000      1.8540    
  74.500      1.8105    
  75.000      1.7683    
  75.500      1.7275    
  76.000      1.6881    
  76.500      1.6501    
  77.000      1.6135    
  77.500      1.5784    
  78.000      1.5448    
  78.500      1.5126    
  79.000      1.4820    
  79.500      1.4528    
  80.000      1.4252    
  80.500      1.3991    
  81.000      1.3745    
  81.500      1.3514    
  82.000      1.3299    
  82.500      1.3098    
  83.000      1.2913    
  83.500      1.2742    
  84.000      1.2586    
  84.500      1.2445    
  85.000      1.2318    
  85.500      1.2205    
  86.000      1.2106    
  86.500      1.2021    
  87.000      1.1950    
  87.500      1.1891    
  88.000      1.1845    
  88.500      1.1812    
  89.000      1.1791    
  89.500      1.1781    
  90.000      1.1783    
  90.500      1.1795    
  91.000      1.1818    
  91.500      1.1851    
  92.000      1.1894    
  92.500      1.1945    
  93.000      1.2005    
  93.500      1.2074    
  94.000      1.2150    
  94.500      1.2233    
  95.000      1.2323    
  95.500      1.2419    
  96.000      1.2520    
  96.500      1.2627    
  97.000      1.2739    
  97.500      1.2854    
  98.000      1.2973    
  98.500      1.3095    
  99.000      1.3220    
  99.500      1.3347    
  100.00      1.3476    
  100.50      1.3605    
  101.00      1.3736    
  101.50      1.3866    
  102.00      1.3997    
  102.50      1.4127    
  103.00      1.4255    
  103.50      1.4382    
  104.00      1.4508    
  104.50      1.4631    
  105.00      1.4751    
  105.50      1.4868    
  106.00      1.4982    
  106.50      1.5092    
  107.00      1.5199    
  107.50      1.5301    
  108.00      1.5398    
  108.50      1.5491    
  109.00      1.5578    
  109.50      1.5661    
  110.00      1.5738    
  110.50      1.5809    
  111.00      1.5874    
  111.50      1.5933    
  112.00      1.5987    
  112.50      1.6034    
  113.00      1.6074    
  113.50      1.6109    
  114.00      1.6136    
  114.50      1.6158    
  115.00      1.6173    
  115.50      1.6181    
  116.00      1.6183    
  116.50      1.6178    
  117.00      1.6167    
  117.50      1.6149    
  118.00      1.6125    
  118.50      1.6095    
  119.00      1.6059    
  119.50      1.6016    
  120.00      1.5968    
  120.50      1.5914    
  121.00      1.5855    
  121.50      1.5790    
  122.00      1.5720    
  122.50      1.5645    
  123.00      1.5565    
  123.50      1.5481    
  124.00      1.5392    
  124.50      1.5299    
  125.00      1.5202    
  125.50      1.5102    
  126.00      1.4998    
  126.50      1.4892    
  127.00      1.4782    
  127.50      1.4670    
  128.00      1.4556    
  128.50      1.4440    
  129.00      1.4322    
  129.50      1.4203    
  130.00      1.4083    
  130.50      1.3962    
  131.00      1.3840    
  131.50      1.3719    
  132.00      1.3598    
  132.50      1.3477    
  133.00      1.3357    
  133.50      1.3238    
  134.00      1.3120    
  134.50      1.3004    
  135.00      1.2890    
  135.50      1.2778    
  136.00      1.2668    
  136.50      1.2561    
  137.00      1.2458    
  137.50      1.2357    
  138.00      1.2260    
  138.50      1.2167    
  139.00      1.2077    
  139.50      1.1992    
  140.00      1.1911    
  140.50      1.1835    
  141.00      1.1763    
  141.50      1.1697    
  142.00      1.1635    
  142.50      1.1579    
  143.00      1.1528    
  143.50      1.1482    
  144.00      1.1443    
  144.50      1.1408    
  145.00      1.1380    
  145.50      1.1357    
  146.00      1.1341    
  146.50      1.1330    
  147.00      1.1326    
  147.50      1.1327    
  148.00      1.1334    
  148.50      1.1348    
  149.00      1.1367    
  149.50      1.1392    
  150.00      1.1423    
  150.50      1.1460    
  151.00      1.1503    
  151.50      1.1551    
  152.00      1.1605    
  152.50      1.1664    
  153.00      1.1729    
  153.50      1.1798    
  154.00      1.1873    
  154.50      1.1953    
  155.00      1.2037    
  155.50      1.2125    
  156.00      1.2218    
  156.50      1.2315    
  157.00      1.2416    
  157.50      1.2520    
  158.00      1.2628    
  158.50      1.2738    
  159.00      1.2852    
  159.50      1.2968    
  160.00      1.3087    
  160.50      1.3208    
  161.00      1.3330    
  161.50      1.3454    
  162.00      1.3579    
  162.50      1.3706    
  163.00      1.3832    
  163.50      1.3960    
  164.00      1.4087    
  164.50      1.4214    
  165.00      1.4341    
  165.50      1.4466    
  166.00      1.4591    
  166.50      1.4714    
  167.00      1.4836    
  167.50      1.4956    
  168.00      1.5073    
  168.50      1.5188    
  169.00      1.5301    
  169.50      1.5410    
  170.00      1.5516    
  170.50      1.5619    
  171.00      1.5718    
  171.50      1.5813    
  172.00      1.5903    
  172.50      1.5990    
  173.00      1.6071    
  173.50      1.6148    
  174.00      1.6220    
  174.50      1.6287    
  175.00      1.6349    
  175.50      1.6405    
  176.00      1.6455    
  176.50      1.6500    
  177.00      1.6539    
  177.50      1.6573    
  178.00      1.6600    
  178.50      1.6621    
  179.00      1.6637    
  179.50      1.6646    
  180.00      1.6649    
 &
@             s3 legend        "Partition=  2 Excit=  2 near/far= 1"
#             s0 legend        "Lab energy =   16.0000"
@s3 linestyle   4
#  Theta       sigma       iT11        T20         T21         T22         Kyy for projectile
  0.0000      7.4484    
 0.50000      7.4470    
  1.0000      7.4427    
  1.5000      7.4356    
  2.0000      7.4256    
  2.5000      7.4128    
  3.0000      7.3972    
  3.5000      7.3787    
  4.0000      7.3574    
  4.5000      7.3332    
  5.0000      7.3063    
  5.5000      7.2765    
  6.0000      7.2440    
  6.5000      7.2087    
  7.0000      7.1706    
  7.5000      7.1298    
  8.0000      7.0862    
  8.5000      7.0400    
  9.0000      6.9911    
  9.5000      6.9395    
  10.000      6.8853    
  10.500      6.8285    
  11.000      6.7691    
  11.500      6.7072    
  12.000      6.6428    
  12.500      6.5759    
  13.000      6.5067    
  13.500      6.4351    
  14.000      6.3611    
  14.500      6.2849    
  15.000      6.2065    
  15.500      6.1260    
  16.000      6.0434    
  16.500      5.9588    
  17.000      5.8722    
  17.500      5.7837    
  18.000      5.6935    
  18.500      5.6015    
  19.000      5.5078    
  19.500      5.4126    
  20.000      5.3160    
  20.500      5.2179    
  21.000      5.1186    
  21.500      5.0180    
  22.000      4.9164    
  22.500      4.8137    
  23.000      4.7102    
  23.500      4.6058    
  24.000      4.5008    
  24.500      4.3952    
  25.000      4.2891    
  25.500      4.1826    
  26.000      4.0759    
  26.500      3.9690    
  27.000      3.8622    
  27.500      3.7554    
  28.000      3.6488    
  28.500      3.5426    
  29.000      3.4368    
  29.500      3.3316    
  30.000      3.2271    
  30.500      3.1234    
  31.000      3.0206    
  31.500      2.9188    
  32.000      2.8182    
  32.500      2.7188    
  33.000      2.6207    
  33.500      2.5242    
  34.000      2.4292    
  34.500      2.3358    
  35.000      2.2442    
  35.500      2.1545    
  36.000      2.0667    
  36.500      1.9809    
  37.000      1.8972    
  37.500      1.8156    
  38.000      1.7362    
  38.500      1.6592    
  39.000      1.5844    
  39.500      1.5120    
  40.000      1.4420    
  40.500      1.3745    
  41.000      1.3094    
  41.500      1.2469    
  42.000      1.1868    
  42.500      1.1292    
  43.000      1.0741    
  43.500      1.0215    
  44.000     0.97135    
  44.500     0.92368    
  45.000     0.87844    
  45.500     0.83560    
  46.000     0.79513    
  46.500     0.75698    
  47.000     0.72110    
  47.500     0.68745    
  48.000     0.65597    
  48.500     0.62660    
  49.000     0.59929    
  49.500     0.57397    
  50.000     0.55057    
  50.500     0.52902    
  51.000     0.50926    
  51.500     0.49121    
  52.000     0.47481    
  52.500     0.45997    
  53.000     0.44662    
  53.500     0.43470    
  54.000     0.42413    
  54.500     0.41482    
  55.000     0.40672    
  55.500     0.39975    
  56.000     0.39384    
  56.500     0.38892    
  57.000     0.38492    
  57.500     0.38178    
  58.000     0.37942    
  58.500     0.37779    
  59.000     0.37682    
  59.500     0.37646    
  60.000     0.37664    
  60.500     0.37731    
  61.000     0.37841    
  61.500     0.37990    
  62.000     0.38172    
  62.500     0.38382    
  63.000     0.38616    
  63.500     0.38869    
  64.000     0.39137    
  64.500     0.39416    
  65.000     0.39701    
  65.500     0.39990    
  66.000     0.40279    
  66.500     0.40565    
  67.000     0.40844    
  67.500     0.41113    
  68.000     0.41370    
  68.500     0.41612    
  69.000     0.41838    
  69.500     0.42044    
  70.000     0.42229    
  70.500     0.42391    
  71.000     0.42529    
  71.500     0.42640    
  72.000     0.42725    
  72.500     0.42781    
  73.000     0.42808    
  73.500     0.42806    
  74.000     0.42773    
  74.500     0.42710    
  75.000     0.42616    
  75.500     0.42491    
  76.000     0.42336    
  76.500     0.42150    
  77.000     0.41935    
  77.500     0.41690    
  78.000     0.41417    
  78.500     0.41116    
  79.000     0.40789    
  79.500     0.40437    
  80.000     0.40060    
  80.500     0.39660    
  81.000     0.39240    
  81.500     0.38799    
  82.000     0.38340    
  82.500     0.37864    
  83.000     0.37374    
  83.500     0.36871    
  84.000     0.36356    
  84.500     0.35833    
  85.000     0.35301    
  85.500     0.34765    
  86.000     0.34225    
  86.500     0.33683    
  87.000     0.33141    
  87.500     0.32602    
  88.000     0.32067    
  88.500     0.31538    
  89.000     0.31017    
  89.500     0.30506    
  90.000     0.30005    
  90.500     0.29518    
  91.000     0.29046    
  91.500     0.28590    
  92.000     0.28152    
  92.500     0.27734    
  93.000     0.27336    
  93.500     0.26960    
  94.000     0.26607    
  94.500     0.26279    
  95.000     0.25976    
  95.500     0.25701    
  96.000     0.25452    
  96.500     0.25232    
  97.000     0.25042    
  97.500     0.24881    
  98.000     0.24751    
  98.500     0.24652    
  99.000     0.24585    
  99.500     0.24551    
  100.00     0.24548    
  100.50     0.24579    
  101.00     0.24642    
  101.50     0.24739    
  102.00     0.24869    
  102.50     0.25032    
  103.00     0.25229    
  103.50     0.25459    
  104.00     0.25722    
  104.50     0.26018    
  105.00     0.26346    
  105.50     0.26707    
  106.00     0.27100    
  106.50     0.27525    
  107.00     0.27980    
  107.50     0.28467    
  108.00     0.28984    
  108.50     0.29530    
  109.00     0.30106    
  109.50     0.30710    
  110.00     0.31342    
  110.50     0.32001    
  111.00     0.32687    
  111.50     0.33398    
  112.00     0.34135    
  112.50     0.34895    
  113.00     0.35679    
  113.50     0.36486    
  114.00     0.37314    
  114.50     0.38164    
  115.00     0.39033    
  115.50     0.39921    
  116.00     0.40828    
  116.50     0.41752    
  117.00     0.42693    
  117.50     0.43649    
  118.00     0.44620    
  118.50     0.45604    
  119.00     0.46602    
  119.50     0.47611    
  120.00     0.48631    
  120.50     0.49661    
  121.00     0.50700    
  121.50     0.51748    
  122.00     0.52803    
  122.50     0.53864    
  123.00     0.54931    
  123.50     0.56002    
  124.00     0.57077    
  124.50     0.58156    
  125.00     0.59236    
  125.50     0.60317    
  126.00     0.61400    
  126.50     0.62481    
  127.00     0.63562    
  127.50     0.64641    
  128.00     0.65717    
  128.50     0.66790    
  129.00     0.67859    
  129.50     0.68923    
  130.00     0.69982    
  130.50     0.71035    
  131.00     0.72082    
  131.50     0.73121    
  132.00     0.74152    
  132.50     0.75175    
  133.00     0.76189    
  133.50     0.77194    
  134.00     0.78189    
  134.50     0.79173    
  135.00     0.80147    
  135.50     0.81110    
  136.00     0.82061    
  136.50     0.83000    
  137.00     0.83927    
  137.50     0.84841    
  138.00     0.85742    
  138.50     0.86630    
  139.00     0.87505    
  139.50     0.88365    
  140.00     0.89212    
  140.50     0.90045    
  141.00     0.90863    
  141.50     0.91667    
  142.00     0.92456    
  142.50     0.93230    
  143.00     0.93990    
  143.50     0.94734    
  144.00     0.95464    
  144.50     0.96178    
  145.00     0.96877    
  145.50     0.97561    
  146.00     0.98230    
  146.50     0.98884    
  147.00     0.99522    
  147.50      1.0015    
  148.00      1.0075    
  148.50      1.0135    
  149.00      1.0193    
  149.50      1.0249    
  150.00      1.0304    
  150.50      1.0357    
  151.00      1.0409    
  151.50      1.0460    
  152.00      1.0509    
  152.50      1.0557    
  153.00      1.0603    
  153.50      1.0648    
  154.00      1.0692    
  154.50      1.0734    
  155.00      1.0775    
  155.50      1.0815    
  156.00      1.0853    
  156.50      1.0891    
  157.00      1.0927    
  157.50      1.0961    
  158.00      1.0995    
  158.50      1.1027    
  159.00      1.1058    
  159.50      1.1089    
  160.00      1.1117    
  160.50      1.1145    
  161.00      1.1172    
  161.50      1.1198    
  162.00      1.1223    
  162.50      1.1247    
  163.00      1.1269    
  163.50      1.1291    
  164.00      1.1312    
  164.50      1.1332    
  165.00      1.1351    
  165.50      1.1370    
  166.00      1.1387    
  166.50      1.1404    
  167.00      1.1420    
  167.50      1.1435    
  168.00      1.1449    
  168.50      1.1463    
  169.00      1.1475    
  169.50      1.1488    
  170.00      1.1499    
  170.50      1.1510    
  171.00      1.1520    
  171.50      1.1529    
  172.00      1.1538    
  172.50      1.1547    
  173.00      1.1554    
  173.50      1.1561    
  174.00      1.1568    
  174.50      1.1574    
  175.00      1.1579    
  175.50      1.1584    
  176.00      1.1588    
  176.50      1.1592    
  177.00      1.1595    
  177.50      1.1598    
  178.00      1.1600    
  178.50      1.1602    
  179.00      1.1603    
  179.50      1.1604    
  180.00      1.1604    
 &
@             s4 legend        "Partition=  2 Excit=  3 near/far= 1"
#             s0 legend        "Lab energy =   16.0000"
@s4 linestyle   5
#  Theta       sigma       iT11        T20         T21         T22         Kyy for projectile
  0.0000      7.4618    
 0.50000      7.4617    
  1.0000      7.4614    
  1.5000      7.4609    
  2.0000      7.4601    
  2.5000      7.4591    
  3.0000      7.4579    
  3.5000      7.4564    
  4.0000      7.4547    
  4.5000      7.4528    
  5.0000      7.4505    
  5.5000      7.4480    
  6.0000      7.4452    
  6.5000      7.4421    
  7.0000      7.4387    
  7.5000      7.4350    
  8.0000      7.4309    
  8.5000      7.4264    
  9.0000      7.4215    
  9.5000      7.4162    
  10.000      7.4105    
  10.500      7.4044    
  11.000      7.3978    
  11.500      7.3907    
  12.000      7.3830    
  12.500      7.3749    
  13.000      7.3662    
  13.500      7.3569    
  14.000      7.3470    
  14.500      7.3364    
  15.000      7.3252    
  15.500      7.3134    
  16.000      7.3008    
  16.500      7.2875    
  17.000      7.2735    
  17.500      7.2587    
  18.000      7.2431    
  18.500      7.2266    
  19.000      7.2094    
  19.500      7.1913    
  20.000      7.1723    
  20.500      7.1524    
  21.000      7.1315    
  21.500      7.1098    
  22.000      7.0871    
  22.500      7.0634    
  23.000      7.0388    
  23.500      7.0131    
  24.000      6.9864    
  24.500      6.9587    
  25.000      6.9300    
  25.500      6.9002    
  26.000      6.8694    
  26.500      6.8375    
  27.000      6.8046    
  27.500      6.7706    
  28.000      6.7355    
  28.500      6.6994    
  29.000      6.6622    
  29.500      6.6239    
  30.000      6.5846    
  30.500      6.5442    
  31.000      6.5028    
  31.500      6.4603    
  32.000      6.4168    
  32.500      6.3723    
  33.000      6.3268    
  33.500      6.2804    
  34.000      6.2329    
  34.500      6.1846    
  35.000      6.1353    
  35.500      6.0851    
  36.000      6.0340    
  36.500      5.9821    
  37.000      5.9294    
  37.500      5.8758    
  38.000      5.8215    
  38.500      5.7665    
  39.000      5.7108    
  39.500      5.6544    
  40.000      5.5974    
  40.500      5.5399    
  41.000      5.4817    
  41.500      5.4230    
  42.000      5.3639    
  42.500      5.3044    
  43.000      5.2444    
  43.500      5.1841    
  44.000      5.1235    
  44.500      5.0626    
  45.000      5.0015    
  45.500      4.9402    
  46.000      4.8788    
  46.500      4.8173    
  47.000      4.7558    
  47.500      4.6942    
  48.000      4.6328    
  48.500      4.5714    
  49.000      4.5101    
  49.500      4.4490    
  50.000      4.3882    
  50.500      4.3276    
  51.000      4.2674    
  51.500      4.2075    
  52.000      4.1480    
  52.500      4.0889    
  53.000      4.0303    
  53.500      3.9723    
  54.000      3.9148    
  54.500      3.8579    
  55.000      3.8016    
  55.500      3.7460    
  56.000      3.6911    
  56.500      3.6370    
  57.000      3.5836    
  57.500      3.5311    
  58.000      3.4793    
  58.500      3.4284    
  59.000      3.3785    
  59.500      3.3294    
  60.000      3.2812    
  60.500      3.2340    
  61.000      3.1878    
  61.500      3.1426    
  62.000      3.0984    
  62.500      3.0553    
  63.000      3.0132    
  63.500      2.9721    
  64.000      2.9321    
  64.500      2.8932    
  65.000      2.8554    
  65.500      2.8187    
  66.000      2.7831    
  66.500      2.7485    
  67.000      2.7151    
  67.500      2.6828    
  68.000      2.6516    
  68.500      2.6215    
  69.000      2.5925    
  69.500      2.5645    
  70.000      2.5377    
  70.500      2.5119    
  71.000      2.4872    
  71.500      2.4636    
  72.000      2.4409    
  72.500      2.4194    
  73.000      2.3988    
  73.500      2.3792    
  74.000      2.3606    
  74.500      2.3430    
  75.000      2.3263    
  75.500      2.3105    
  76.000      2.2956    
  76.500      2.2817    
  77.000      2.2685    
  77.500      2.2563    
  78.000      2.2448    
  78.500      2.2341    
  79.000      2.2242    
  79.500      2.2150    
  80.000      2.2065    
  80.500      2.1987    
  81.000      2.1916    
  81.500      2.1851    
  82.000      2.1793    
  82.500      2.1740    
  83.000      2.1692    
  83.500      2.1650    
  84.000      2.1612    
  84.500      2.1580    
  85.000      2.1552    
  85.500      2.1528    
  86.000      2.1507    
  86.500      2.1491    
  87.000      2.1477    
  87.500      2.1467    
  88.000      2.1459    
  88.500      2.1454    
  89.000      2.1451    
  89.500      2.1450    
  90.000      2.1451    
  90.500      2.1453    
  91.000      2.1457    
  91.500      2.1461    
  92.000      2.1466    
  92.500      2.1471    
  93.000      2.1477    
  93.500      2.1483    
  94.000      2.1488    
  94.500      2.1493    
  95.000      2.1497    
  95.500      2.1501    
  96.000      2.1503    
  96.500      2.1504    
  97.000      2.1503    
  97.500      2.1501    
  98.000      2.1497    
  98.500      2.1491    
  99.000      2.1483    
  99.500      2.1472    
  100.00      2.1459    
  100.50      2.1443    
  101.00      2.1425    
  101.50      2.1403    
  102.00      2.1379    
  102.50      2.1351    
  103.00      2.1320    
  103.50      2.1285    
  104.00      2.1247    
  104.50      2.1205    
  105.00      2.1160    
  105.50      2.1111    
  106.00      2.1058    
  106.50      2.1001    
  107.00      2.0940    
  107.50      2.0875    
  108.00      2.0805    
  108.50      2.0732    
  109.00      2.0654    
  109.50      2.0572    
  110.00      2.0486    
  110.50      2.0396    
  111.00      2.0301    
  111.50      2.0202    
  112.00      2.0098    
  112.50      1.9990    
  113.00      1.9878    
  113.50      1.9762    
  114.00      1.9641    
  114.50      1.9516    
  115.00      1.9387    
  115.50      1.9254    
  116.00      1.9116    
  116.50      1.8974    
  117.00      1.8829    
  117.50      1.8679    
  118.00      1.8526    
  118.50      1.8368    
  119.00      1.8207    
  119.50      1.8042    
  120.00      1.7874    
  120.50      1.7702    
  121.00      1.7526    
  121.50      1.7348    
  122.00      1.7166    
  122.50      1.6981    
  123.00      1.6793    
  123.50      1.6602    
  124.00      1.6408    
  124.50      1.6212    
  125.00      1.6013    
  125.50      1.5811    
  126.00      1.5608    
  126.50      1.5402    
  127.00      1.5194    
  127.50      1.4985    
  128.00      1.4774    
  128.50      1.4561    
  129.00      1.4347    
  129.50      1.4131    
  130.00      1.3914    
  130.50      1.3697    
  131.00      1.3479    
  131.50      1.3259    
  132.00      1.3040    
  132.50      1.2820    
  133.00      1.2600    
  133.50      1.2380    
  134.00      1.2160    
  134.50      1.1940    
  135.00      1.1721    
  135.50      1.1502    
  136.00      1.1284    
  136.50      1.1067    
  137.00      1.0850    
  137.50      1.0636    
  138.00      1.0422    
  138.50      1.0210    
  139.00     0.99990    
  139.50     0.97901    
  140.00     0.95831    
  140.50     0.93781    
  141.00     0.91752    
  141.50     0.89745    
  142.00     0.87763    
  142.50     0.85804    
  143.00     0.83872    
  143.50     0.81967    
  144.00     0.80090    
  144.50     0.78242    
  145.00     0.76424    
  145.50     0.74637    
  146.00     0.72881    
  146.50     0.71158    
  147.00     0.69468    
  147.50     0.67812    
  148.00     0.66191    
  148.50     0.64604    
  149.00     0.63054    
  149.50     0.61539    
  150.00     0.60060    
  150.50     0.58619    
  151.00     0.57214    
  151.50     0.55847    
  152.00     0.54517    
  152.50     0.53225    
  153.00     0.51971    
  153.50     0.50754    
  154.00     0.49575    
  154.50     0.48434    
  155.00     0.47329    
  155.50     0.46262    
  156.00     0.45232    
  156.50     0.44239    
  157.00     0.43282    
  157.50     0.42361    
  158.00     0.41475    
  158.50     0.40625    
  159.00     0.39809    
  159.50     0.39026    
  160.00     0.38278    
  160.50     0.37561    
  161.00     0.36877    
  161.50     0.36225    
  162.00     0.35603    
  162.50     0.35011    
  163.00     0.34448    
  163.50     0.33914    
  164.00     0.33407    
  164.50     0.32927    
  165.00     0.32473    
  165.50     0.32044    
  166.00     0.31640    
  166.50     0.31259    
  167.00     0.30901    
  167.50     0.30564    
  168.00     0.30249    
  168.50     0.29954    
  169.00     0.29678    
  169.50     0.29420    
  170.00     0.29181    
  170.50     0.28959    
  171.00     0.28753    
  171.50     0.28562    
  172.00     0.28387    
  172.50     0.28225    
  173.00     0.28077    
  173.50     0.27943    
  174.00     0.27820    
  174.50     0.27710    
  175.00     0.27610    
  175.50     0.27522    
  176.00     0.27444    
  176.50     0.27376    
  177.00     0.27318    
  177.50     0.27270    
  178.00     0.27230    
  178.50     0.27200    
  179.00     0.27178    
  179.50     0.27165    
  180.00     0.27161    
 &
@             s5 legend        "Partition=  2 Excit=  4 near/far= 1"
#             s0 legend        "Lab energy =   16.0000"
@s5 linestyle   1
#  Theta       sigma       iT11        T20         T21         T22         Kyy for projectile
  0.0000     0.26240E-01
 0.50000     0.26241E-01
  1.0000     0.26243E-01
  1.5000     0.26247E-01
  2.0000     0.26252E-01
  2.5000     0.26259E-01
  3.0000     0.26268E-01
  3.5000     0.26277E-01
  4.0000     0.26288E-01
  4.5000     0.26301E-01
  5.0000     0.26314E-01
  5.5000     0.26328E-01
  6.0000     0.26343E-01
  6.5000     0.26358E-01
  7.0000     0.26375E-01
  7.5000     0.26391E-01
  8.0000     0.26408E-01
  8.5000     0.26425E-01
  9.0000     0.26441E-01
  9.5000     0.26458E-01
  10.000     0.26473E-01
  10.500     0.26488E-01
  11.000     0.26503E-01
  11.500     0.26516E-01
  12.000     0.26527E-01
  12.500     0.26537E-01
  13.000     0.26545E-01
  13.500     0.26552E-01
  14.000     0.26556E-01
  14.500     0.26557E-01
  15.000     0.26556E-01
  15.500     0.26552E-01
  16.000     0.26545E-01
  16.500     0.26535E-01
  17.000     0.26521E-01
  17.500     0.26504E-01
  18.000     0.26483E-01
  18.500     0.26457E-01
  19.000     0.26428E-01
  19.500     0.26394E-01
  20.000     0.26355E-01
  20.500     0.26312E-01
  21.000     0.26264E-01
  21.500     0.26211E-01
  22.000     0.26153E-01
  22.500     0.26090E-01
  23.000     0.26021E-01
  23.500     0.25947E-01
  24.000     0.25868E-01
  24.500     0.25783E-01
  25.000     0.25692E-01
  25.500     0.25596E-01
  26.000     0.25494E-01
  26.500     0.25386E-01
  27.000     0.25273E-01
  27.500     0.25154E-01
  28.000     0.25030E-01
  28.500     0.24899E-01
  29.000     0.24764E-01
  29.500     0.24622E-01
  30.000     0.24475E-01
  30.500     0.24323E-01
  31.000     0.24166E-01
  31.500     0.24003E-01
  32.000     0.23836E-01
  32.500     0.23663E-01
  33.000     0.23486E-01
  33.500     0.23304E-01
  34.000     0.23118E-01
  34.500     0.22927E-01
  35.000     0.22732E-01
  35.500     0.22533E-01
  36.000     0.22331E-01
  36.500     0.22125E-01
  37.000     0.21915E-01
  37.500     0.21702E-01
  38.000     0.21487E-01
  38.500     0.21269E-01
  39.000     0.21048E-01
  39.500     0.20825E-01
  40.000     0.20600E-01
  40.500     0.20373E-01
  41.000     0.20145E-01
  41.500     0.19915E-01
  42.000     0.19684E-01
  42.500     0.19453E-01
  43.000     0.19221E-01
  43.500     0.18988E-01
  44.000     0.18756E-01
  44.500     0.18524E-01
  45.000     0.18292E-01
  45.500     0.18060E-01
  46.000     0.17830E-01
  46.500     0.17601E-01
  47.000     0.17372E-01
  47.500     0.17146E-01
  48.000     0.16921E-01
  48.500     0.16698E-01
  49.000     0.16478E-01
  49.500     0.16260E-01
  50.000     0.16044E-01
  50.500     0.15831E-01
  51.000     0.15621E-01
  51.500     0.15414E-01
  52.000     0.15211E-01
  52.500     0.15011E-01
  53.000     0.14814E-01
  53.500     0.14622E-01
  54.000     0.14433E-01
  54.500     0.14248E-01
  55.000     0.14067E-01
  55.500     0.13891E-01
  56.000     0.13719E-01
  56.500     0.13551E-01
  57.000     0.13388E-01
  57.500     0.13230E-01
  58.000     0.13076E-01
  58.500     0.12927E-01
  59.000     0.12783E-01
  59.500     0.12644E-01
  60.000     0.12510E-01
  60.500     0.12380E-01
  61.000     0.12256E-01
  61.500     0.12136E-01
  62.000     0.12022E-01
  62.500     0.11913E-01
  63.000     0.11808E-01
  63.500     0.11709E-01
  64.000     0.11614E-01
  64.500     0.11524E-01
  65.000     0.11440E-01
  65.500     0.11360E-01
  66.000     0.11284E-01
  66.500     0.11214E-01
  67.000     0.11148E-01
  67.500     0.11087E-01
  68.000     0.11031E-01
  68.500     0.10978E-01
  69.000     0.10931E-01
  69.500     0.10887E-01
  70.000     0.10848E-01
  70.500     0.10812E-01
  71.000     0.10781E-01
  71.500     0.10754E-01
  72.000     0.10730E-01
  72.500     0.10710E-01
  73.000     0.10694E-01
  73.500     0.10681E-01
  74.000     0.10671E-01
  74.500     0.10665E-01
  75.000     0.10661E-01
  75.500     0.10661E-01
  76.000     0.10663E-01
  76.500     0.10668E-01
  77.000     0.10676E-01
  77.500     0.10686E-01
  78.000     0.10698E-01
  78.500     0.10712E-01
  79.000     0.10729E-01
  79.500     0.10747E-01
  80.000     0.10768E-01
  80.500     0.10789E-01
  81.000     0.10813E-01
  81.500     0.10837E-01
  82.000     0.10863E-01
  82.500     0.10890E-01
  83.000     0.10918E-01
  83.500     0.10947E-01
  84.000     0.10977E-01
  84.500     0.11007E-01
  85.000     0.11038E-01
  85.500     0.11069E-01
  86.000     0.11101E-01
  86.500     0.11133E-01
  87.000     0.11164E-01
  87.500     0.11196E-01
  88.000     0.11228E-01
  88.500     0.11259E-01
  89.000     0.11291E-01
  89.500     0.11321E-01
  90.000     0.11351E-01
  90.500     0.11381E-01
  91.000     0.11410E-01
  91.500     0.11438E-01
  92.000     0.11466E-01
  92.500     0.11492E-01
  93.000     0.11518E-01
  93.500     0.11543E-01
  94.000     0.11566E-01
  94.500     0.11588E-01
  95.000     0.11610E-01
  95.500     0.11630E-01
  96.000     0.11648E-01
  96.500     0.11666E-01
  97.000     0.11682E-01
  97.500     0.11696E-01
  98.000     0.11710E-01
  98.500     0.11721E-01
  99.000     0.11732E-01
  99.500     0.11740E-01
  100.00     0.11748E-01
  100.50     0.11753E-01
  101.00     0.11758E-01
  101.50     0.11760E-01
  102.00     0.11762E-01
  102.50     0.11761E-01
  103.00     0.11759E-01
  103.50     0.11756E-01
  104.00     0.11751E-01
  104.50     0.11744E-01
  105.00     0.11736E-01
  105.50     0.11727E-01
  106.00     0.11716E-01
  106.50     0.11704E-01
  107.00     0.11690E-01
  107.50     0.11675E-01
  108.00     0.11658E-01
  108.50     0.11640E-01
  109.00     0.11621E-01
  109.50     0.11600E-01
  110.00     0.11578E-01
  110.50     0.11555E-01
  111.00     0.11531E-01
  111.50     0.11506E-01
  112.00     0.11479E-01
  112.50     0.11452E-01
  113.00     0.11423E-01
  113.50     0.11393E-01
  114.00     0.11363E-01
  114.50     0.11331E-01
  115.00     0.11299E-01
  115.50     0.11266E-01
  116.00     0.11232E-01
  116.50     0.11197E-01
  117.00     0.11161E-01
  117.50     0.11125E-01
  118.00     0.11088E-01
  118.50     0.11051E-01
  119.00     0.11013E-01
  119.50     0.10975E-01
  120.00     0.10936E-01
  120.50     0.10896E-01
  121.00     0.10857E-01
  121.50     0.10816E-01
  122.00     0.10776E-01
  122.50     0.10735E-01
  123.00     0.10694E-01
  123.50     0.10653E-01
  124.00     0.10612E-01
  124.50     0.10570E-01
  125.00     0.10528E-01
  125.50     0.10486E-01
  126.00     0.10445E-01
  126.50     0.10403E-01
  127.00     0.10361E-01
  127.50     0.10319E-01
  128.00     0.10277E-01
  128.50     0.10235E-01
  129.00     0.10193E-01
  129.50     0.10151E-01
  130.00     0.10110E-01
  130.50     0.10068E-01
  131.00     0.10027E-01
  131.50     0.99853E-02
  132.00     0.99442E-02
  132.50     0.99033E-02
  133.00     0.98625E-02
  133.50     0.98220E-02
  134.00     0.97816E-02
  134.50     0.97415E-02
  135.00     0.97015E-02
  135.50     0.96618E-02
  136.00     0.96223E-02
  136.50     0.95830E-02
  137.00     0.95440E-02
  137.50     0.95052E-02
  138.00     0.94666E-02
  138.50     0.94283E-02
  139.00     0.93902E-02
  139.50     0.93523E-02
  140.00     0.93147E-02
  140.50     0.92773E-02
  141.00     0.92402E-02
  141.50     0.92033E-02
  142.00     0.91666E-02
  142.50     0.91302E-02
  143.00     0.90940E-02
  143.50     0.90580E-02
  144.00     0.90222E-02
  144.50     0.89867E-02
  145.00     0.89514E-02
  145.50     0.89163E-02
  146.00     0.88814E-02
  146.50     0.88467E-02
  147.00     0.88123E-02
  147.50     0.87781E-02
  148.00     0.87441E-02
  148.50     0.87103E-02
  149.00     0.86767E-02
  149.50     0.86433E-02
  150.00     0.86102E-02
  150.50     0.85772E-02
  151.00     0.85445E-02
  151.50     0.85120E-02
  152.00     0.84798E-02
  152.50     0.84478E-02
  153.00     0.84160E-02
  153.50     0.83844E-02
  154.00     0.83532E-02
  154.50     0.83221E-02
  155.00     0.82914E-02
  155.50     0.82609E-02
  156.00     0.82307E-02
  156.50     0.82007E-02
  157.00     0.81711E-02
  157.50     0.81418E-02
  158.00     0.81128E-02
  158.50     0.80842E-02
  159.00     0.80558E-02
  159.50     0.80279E-02
  160.00     0.80003E-02
  160.50     0.79731E-02
  161.00     0.79464E-02
  161.50     0.79200E-02
  162.00     0.78941E-02
  162.50     0.78686E-02
  163.00     0.78436E-02
  163.50     0.78190E-02
  164.00     0.77950E-02
  164.50     0.77715E-02
  165.00     0.77485E-02
  165.50     0.77260E-02
  166.00     0.77041E-02
  166.50     0.76828E-02
  167.00     0.76621E-02
  167.50     0.76420E-02
  168.00     0.76226E-02
  168.50     0.76037E-02
  169.00     0.75856E-02
  169.50     0.75681E-02
  170.00     0.75514E-02
  170.50     0.75353E-02
  171.00     0.75200E-02
  171.50     0.75054E-02
  172.00     0.74915E-02
  172.50     0.74785E-02
  173.00     0.74662E-02
  173.50     0.74547E-02
  174.00     0.74440E-02
  174.50     0.74341E-02
  175.00     0.74250E-02
  175.50     0.74168E-02
  176.00     0.74094E-02
  176.50     0.74029E-02
  177.00     0.73972E-02
  177.50     0.73924E-02
  178.00     0.73885E-02
  178.50     0.73854E-02
  179.00     0.73832E-02
  179.50     0.73819E-02
  180.00     0.73815E-02
 &
@             s6 legend        "Partition=  2 Excit=  5 near/far= 1"
#             s0 legend        "Lab energy =   16.0000"
@s6 linestyle   2
#  Theta       sigma       iT11        T20         T21         T22         Kyy for projectile
  0.0000     0.96613E-02
 0.50000     0.96597E-02
  1.0000     0.96550E-02
  1.5000     0.96471E-02
  2.0000     0.96362E-02
  2.5000     0.96221E-02
  3.0000     0.96049E-02
  3.5000     0.95846E-02
  4.0000     0.95613E-02
  4.5000     0.95350E-02
  5.0000     0.95057E-02
  5.5000     0.94735E-02
  6.0000     0.94384E-02
  6.5000     0.94005E-02
  7.0000     0.93598E-02
  7.5000     0.93164E-02
  8.0000     0.92703E-02
  8.5000     0.92216E-02
  9.0000     0.91704E-02
  9.5000     0.91167E-02
  10.000     0.90606E-02
  10.500     0.90022E-02
  11.000     0.89416E-02
  11.500     0.88788E-02
  12.000     0.88139E-02
  12.500     0.87470E-02
  13.000     0.86782E-02
  13.500     0.86076E-02
  14.000     0.85352E-02
  14.500     0.84612E-02
  15.000     0.83856E-02
  15.500     0.83085E-02
  16.000     0.82301E-02
  16.500     0.81504E-02
  17.000     0.80695E-02
  17.500     0.79874E-02
  18.000     0.79044E-02
  18.500     0.78205E-02
  19.000     0.77357E-02
  19.500     0.76501E-02
  20.000     0.75639E-02
  20.500     0.74772E-02
  21.000     0.73900E-02
  21.500     0.73023E-02
  22.000     0.72144E-02
  22.500     0.71262E-02
  23.000     0.70379E-02
  23.500     0.69495E-02
  24.000     0.68611E-02
  24.500     0.67727E-02
  25.000     0.66845E-02
  25.500     0.65966E-02
  26.000     0.65089E-02
  26.500     0.64215E-02
  27.000     0.63346E-02
  27.500     0.62481E-02
  28.000     0.61622E-02
  28.500     0.60768E-02
  29.000     0.59921E-02
  29.500     0.59080E-02
  30.000     0.58247E-02
  30.500     0.57421E-02
  31.000     0.56603E-02
  31.500     0.55794E-02
  32.000     0.54994E-02
  32.500     0.54203E-02
  33.000     0.53421E-02
  33.500     0.52649E-02
  34.000     0.51887E-02
  34.500     0.51135E-02
  35.000     0.50394E-02
  35.500     0.49663E-02
  36.000     0.48943E-02
  36.500     0.48234E-02
  37.000     0.47537E-02
  37.500     0.46850E-02
  38.000     0.46175E-02
  38.500     0.45511E-02
  39.000     0.44858E-02
  39.500     0.44217E-02
  40.000     0.43587E-02
  40.500     0.42969E-02
  41.000     0.42363E-02
  41.500     0.41767E-02
  42.000     0.41184E-02
  42.500     0.40612E-02
  43.000     0.40051E-02
  43.500     0.39501E-02
  44.000     0.38963E-02
  44.500     0.38436E-02
  45.000     0.37921E-02
  45.500     0.37416E-02
  46.000     0.36923E-02
  46.500     0.36440E-02
  47.000     0.35968E-02
  47.500     0.35508E-02
  48.000     0.35057E-02
  48.500     0.34618E-02
  49.000     0.34189E-02
  49.500     0.33770E-02
  50.000     0.33362E-02
  50.500     0.32964E-02
  51.000     0.32576E-02
  51.500     0.32199E-02
  52.000     0.31831E-02
  52.500     0.31473E-02
  53.000     0.31126E-02
  53.500     0.30788E-02
  54.000     0.30459E-02
  54.500     0.30141E-02
  55.000     0.29832E-02
  55.500     0.29532E-02
  56.000     0.29242E-02
  56.500     0.28962E-02
  57.000     0.28690E-02
  57.500     0.28428E-02
  58.000     0.28175E-02
  58.500     0.27932E-02
  59.000     0.27697E-02
  59.500     0.27472E-02
  60.000     0.27256E-02
  60.500     0.27048E-02
  61.000     0.26850E-02
  61.500     0.26660E-02
  62.000     0.26480E-02
  62.500     0.26308E-02
  63.000     0.26145E-02
  63.500     0.25990E-02
  64.000     0.25845E-02
  64.500     0.25707E-02
  65.000     0.25579E-02
  65.500     0.25459E-02
  66.000     0.25347E-02
  66.500     0.25244E-02
  67.000     0.25149E-02
  67.500     0.25062E-02
  68.000     0.24983E-02
  68.500     0.24913E-02
  69.000     0.24850E-02
  69.500     0.24795E-02
  70.000     0.24748E-02
  70.500     0.24709E-02
  71.000     0.24678E-02
  71.500     0.24653E-02
  72.000     0.24637E-02
  72.500     0.24627E-02
  73.000     0.24625E-02
  73.500     0.24629E-02
  74.000     0.24641E-02
  74.500     0.24659E-02
  75.000     0.24683E-02
  75.500     0.24714E-02
  76.000     0.24751E-02
  76.500     0.24795E-02
  77.000     0.24844E-02
  77.500     0.24898E-02
  78.000     0.24958E-02
  78.500     0.25023E-02
  79.000     0.25094E-02
  79.500     0.25169E-02
  80.000     0.25248E-02
  80.500     0.25332E-02
  81.000     0.25421E-02
  81.500     0.25513E-02
  82.000     0.25608E-02
  82.500     0.25707E-02
  83.000     0.25810E-02
  83.500     0.25915E-02
  84.000     0.26023E-02
  84.500     0.26133E-02
  85.000     0.26245E-02
  85.500     0.26359E-02
  86.000     0.26475E-02
  86.500     0.26592E-02
  87.000     0.26710E-02
  87.500     0.26829E-02
  88.000     0.26948E-02
  88.500     0.27068E-02
  89.000     0.27188E-02
  89.500     0.27307E-02
  90.000     0.27426E-02
  90.500     0.27544E-02
  91.000     0.27661E-02
  91.500     0.27777E-02
  92.000     0.27891E-02
  92.500     0.28003E-02
  93.000     0.28113E-02
  93.500     0.28221E-02
  94.000     0.28327E-02
  94.500     0.28430E-02
  95.000     0.28530E-02
  95.500     0.28627E-02
  96.000     0.28720E-02
  96.500     0.28810E-02
  97.000     0.28896E-02
  97.500     0.28979E-02
  98.000     0.29057E-02
  98.500     0.29131E-02
  99.000     0.29201E-02
  99.500     0.29266E-02
  100.00     0.29327E-02
  100.50     0.29383E-02
  101.00     0.29434E-02
  101.50     0.29481E-02
  102.00     0.29522E-02
  102.50     0.29559E-02
  103.00     0.29590E-02
  103.50     0.29616E-02
  104.00     0.29637E-02
  104.50     0.29653E-02
  105.00     0.29664E-02
  105.50     0.29670E-02
  106.00     0.29670E-02
  106.50     0.29666E-02
  107.00     0.29656E-02
  107.50     0.29642E-02
  108.00     0.29622E-02
  108.50     0.29598E-02
  109.00     0.29569E-02
  109.50     0.29536E-02
  110.00     0.29498E-02
  110.50     0.29456E-02
  111.00     0.29409E-02
  111.50     0.29359E-02
  112.00     0.29305E-02
  112.50     0.29247E-02
  113.00     0.29185E-02
  113.50     0.29121E-02
  114.00     0.29053E-02
  114.50     0.28982E-02
  115.00     0.28909E-02
  115.50     0.28834E-02
  116.00     0.28756E-02
  116.50     0.28677E-02
  117.00     0.28596E-02
  117.50     0.28513E-02
  118.00     0.28430E-02
  118.50     0.28345E-02
  119.00     0.28261E-02
  119.50     0.28176E-02
  120.00     0.28091E-02
  120.50     0.28007E-02
  121.00     0.27923E-02
  121.50     0.27840E-02
  122.00     0.27759E-02
  122.50     0.27679E-02
  123.00     0.27601E-02
  123.50     0.27526E-02
  124.00     0.27453E-02
  124.50     0.27383E-02
  125.00     0.27316E-02
  125.50     0.27252E-02
  126.00     0.27192E-02
  126.50     0.27137E-02
  127.00     0.27085E-02
  127.50     0.27039E-02
  128.00     0.26997E-02
  128.50     0.26961E-02
  129.00     0.26929E-02
  129.50     0.26904E-02
  130.00     0.26885E-02
  130.50     0.26872E-02
  131.00     0.26865E-02
  131.50     0.26865E-02
  132.00     0.26872E-02
  132.50     0.26886E-02
  133.00     0.26908E-02
  133.50     0.26937E-02
  134.00     0.26973E-02
  134.50     0.27018E-02
  135.00     0.27070E-02
  135.50     0.27131E-02
  136.00     0.27200E-02
  136.50     0.27277E-02
  137.00     0.27363E-02
  137.50     0.27457E-02
  138.00     0.27561E-02
  138.50     0.27672E-02
  139.00     0.27793E-02
  139.50     0.27922E-02
  140.00     0.28060E-02
  140.50     0.28207E-02
  141.00     0.28363E-02
  141.50     0.28527E-02
  142.00     0.28700E-02
  142.50     0.28882E-02
  143.00     0.29072E-02
  143.50     0.29271E-02
  144.00     0.29478E-02
  144.50     0.29693E-02
  145.00     0.29916E-02
  145.50     0.30148E-02
  146.00     0.30387E-02
  146.50     0.30634E-02
  147.00     0.30888E-02
  147.50     0.31149E-02
  148.00     0.31417E-02
  148.50     0.31692E-02
  149.00     0.31974E-02
  149.50     0.32262E-02
  150.00     0.32555E-02
  150.50     0.32855E-02
  151.00     0.33159E-02
  151.50     0.33469E-02
  152.00     0.33784E-02
  152.50     0.34103E-02
  153.00     0.34426E-02
  153.50     0.34753E-02
  154.00     0.35083E-02
  154.50     0.35416E-02
  155.00     0.35752E-02
  155.50     0.36090E-02
  156.00     0.36430E-02
  156.50     0.36772E-02
  157.00     0.37115E-02
  157.50     0.37458E-02
  158.00     0.37802E-02
  158.50     0.38145E-02
  159.00     0.38488E-02
  159.50     0.38830E-02
  160.00     0.39171E-02
  160.50     0.39510E-02
  161.00     0.39847E-02
  161.50     0.40181E-02
  162.00     0.40513E-02
  162.50     0.40840E-02
  163.00     0.41164E-02
  163.50     0.41484E-02
  164.00     0.41800E-02
  164.50     0.42110E-02
  165.00     0.42414E-02
  165.50     0.42713E-02
  166.00     0.43006E-02
  166.50     0.43292E-02
  167.00     0.43572E-02
  167.50     0.43844E-02
  168.00     0.44108E-02
  168.50     0.44365E-02
  169.00     0.44613E-02
  169.50     0.44852E-02
  170.00     0.45083E-02
  170.50     0.45304E-02
  171.00     0.45516E-02
  171.50     0.45718E-02
  172.00     0.45910E-02
  172.50     0.46091E-02
  173.00     0.46262E-02
  173.50     0.46422E-02
  174.00     0.46571E-02
  174.50     0.46709E-02
  175.00     0.46836E-02
  175.50     0.46951E-02
  176.00     0.47054E-02
  176.50     0.47146E-02
  177.00     0.47226E-02
  177.50     0.47293E-02
  178.00     0.47348E-02
  178.50     0.47392E-02
  179.00     0.47422E-02
  179.50     0.47441E-02
  180.00     0.47447E-02
 &
