# 361 angles,  1 tensor ranks for 0=projectile
@subtitle   "12C(d,p)13C(7.686 MeV,3/2+) CCBA -- Ohnuma case-II mixing-ratio amplit"                                                
@legend ON
@legend x1 0.2
@legend y1 0.8
@g0 type LOGY
@             s0 legend        "Lab energy =   16.0000"
#             s0 legend        "Partition=  2 Excit=  3 near/far= 1"
#  Theta       sigma       iT11        T20         T21         T22         Kyy for projectile
  0.0000      7.4618    
 0.50000      7.4617    
  1.0000      7.4614    
  1.5000      7.4609    
  2.0000      7.4601    
  2.5000      7.4591    
  3.0000      7.4579    
  3.5000      7.4564    
  4.0000      7.4547    
  4.5000      7.4528    
  5.0000      7.4505    
  5.5000      7.4480    
  6.0000      7.4452    
  6.5000      7.4421    
  7.0000      7.4387    
  7.5000      7.4350    
  8.0000      7.4309    
  8.5000      7.4264    
  9.0000      7.4215    
  9.5000      7.4162    
  10.000      7.4105    
  10.500      7.4044    
  11.000      7.3978    
  11.500      7.3907    
  12.000      7.3830    
  12.500      7.3749    
  13.000      7.3662    
  13.500      7.3569    
  14.000      7.3470    
  14.500      7.3364    
  15.000      7.3252    
  15.500      7.3134    
  16.000      7.3008    
  16.500      7.2875    
  17.000      7.2735    
  17.500      7.2587    
  18.000      7.2431    
  18.500      7.2266    
  19.000      7.2094    
  19.500      7.1913    
  20.000      7.1723    
  20.500      7.1524    
  21.000      7.1315    
  21.500      7.1098    
  22.000      7.0871    
  22.500      7.0634    
  23.000      7.0388    
  23.500      7.0131    
  24.000      6.9864    
  24.500      6.9587    
  25.000      6.9300    
  25.500      6.9002    
  26.000      6.8694    
  26.500      6.8375    
  27.000      6.8046    
  27.500      6.7706    
  28.000      6.7355    
  28.500      6.6994    
  29.000      6.6622    
  29.500      6.6239    
  30.000      6.5846    
  30.500      6.5442    
  31.000      6.5028    
  31.500      6.4603    
  32.000      6.4168    
  32.500      6.3723    
  33.000      6.3268    
  33.500      6.2804    
  34.000      6.2329    
  34.500      6.1846    
  35.000      6.1353    
  35.500      6.0851    
  36.000      6.0340    
  36.500      5.9821    
  37.000      5.9294    
  37.500      5.8758    
  38.000      5.8215    
  38.500      5.7665    
  39.000      5.7108    
  39.500      5.6544    
  40.000      5.5974    
  40.500      5.5399    
  41.000      5.4817    
  41.500      5.4230    
  42.000      5.3639    
  42.500      5.3044    
  43.000      5.2444    
  43.500      5.1841    
  44.000      5.1235    
  44.500      5.0626    
  45.000      5.0015    
  45.500      4.9402    
  46.000      4.8788    
  46.500      4.8173    
  47.000      4.7558    
  47.500      4.6942    
  48.000      4.6328    
  48.500      4.5714    
  49.000      4.5101    
  49.500      4.4490    
  50.000      4.3882    
  50.500      4.3276    
  51.000      4.2674    
  51.500      4.2075    
  52.000      4.1480    
  52.500      4.0889    
  53.000      4.0303    
  53.500      3.9723    
  54.000      3.9148    
  54.500      3.8579    
  55.000      3.8016    
  55.500      3.7460    
  56.000      3.6911    
  56.500      3.6370    
  57.000      3.5836    
  57.500      3.5311    
  58.000      3.4793    
  58.500      3.4284    
  59.000      3.3785    
  59.500      3.3294    
  60.000      3.2812    
  60.500      3.2340    
  61.000      3.1878    
  61.500      3.1426    
  62.000      3.0984    
  62.500      3.0553    
  63.000      3.0132    
  63.500      2.9721    
  64.000      2.9321    
  64.500      2.8932    
  65.000      2.8554    
  65.500      2.8187    
  66.000      2.7831    
  66.500      2.7485    
  67.000      2.7151    
  67.500      2.6828    
  68.000      2.6516    
  68.500      2.6215    
  69.000      2.5925    
  69.500      2.5645    
  70.000      2.5377    
  70.500      2.5119    
  71.000      2.4872    
  71.500      2.4636    
  72.000      2.4409    
  72.500      2.4194    
  73.000      2.3988    
  73.500      2.3792    
  74.000      2.3606    
  74.500      2.3430    
  75.000      2.3263    
  75.500      2.3105    
  76.000      2.2956    
  76.500      2.2817    
  77.000      2.2685    
  77.500      2.2563    
  78.000      2.2448    
  78.500      2.2341    
  79.000      2.2242    
  79.500      2.2150    
  80.000      2.2065    
  80.500      2.1987    
  81.000      2.1916    
  81.500      2.1851    
  82.000      2.1793    
  82.500      2.1740    
  83.000      2.1692    
  83.500      2.1650    
  84.000      2.1612    
  84.500      2.1580    
  85.000      2.1552    
  85.500      2.1528    
  86.000      2.1507    
  86.500      2.1491    
  87.000      2.1477    
  87.500      2.1467    
  88.000      2.1459    
  88.500      2.1454    
  89.000      2.1451    
  89.500      2.1450    
  90.000      2.1451    
  90.500      2.1453    
  91.000      2.1457    
  91.500      2.1461    
  92.000      2.1466    
  92.500      2.1471    
  93.000      2.1477    
  93.500      2.1483    
  94.000      2.1488    
  94.500      2.1493    
  95.000      2.1497    
  95.500      2.1501    
  96.000      2.1503    
  96.500      2.1504    
  97.000      2.1503    
  97.500      2.1501    
  98.000      2.1497    
  98.500      2.1491    
  99.000      2.1483    
  99.500      2.1472    
  100.00      2.1459    
  100.50      2.1443    
  101.00      2.1425    
  101.50      2.1403    
  102.00      2.1379    
  102.50      2.1351    
  103.00      2.1320    
  103.50      2.1285    
  104.00      2.1247    
  104.50      2.1205    
  105.00      2.1160    
  105.50      2.1111    
  106.00      2.1058    
  106.50      2.1001    
  107.00      2.0940    
  107.50      2.0875    
  108.00      2.0805    
  108.50      2.0732    
  109.00      2.0654    
  109.50      2.0572    
  110.00      2.0486    
  110.50      2.0396    
  111.00      2.0301    
  111.50      2.0202    
  112.00      2.0098    
  112.50      1.9990    
  113.00      1.9878    
  113.50      1.9762    
  114.00      1.9641    
  114.50      1.9516    
  115.00      1.9387    
  115.50      1.9254    
  116.00      1.9116    
  116.50      1.8974    
  117.00      1.8829    
  117.50      1.8679    
  118.00      1.8526    
  118.50      1.8368    
  119.00      1.8207    
  119.50      1.8042    
  120.00      1.7874    
  120.50      1.7702    
  121.00      1.7526    
  121.50      1.7348    
  122.00      1.7166    
  122.50      1.6981    
  123.00      1.6793    
  123.50      1.6602    
  124.00      1.6408    
  124.50      1.6212    
  125.00      1.6013    
  125.50      1.5811    
  126.00      1.5608    
  126.50      1.5402    
  127.00      1.5194    
  127.50      1.4985    
  128.00      1.4774    
  128.50      1.4561    
  129.00      1.4347    
  129.50      1.4131    
  130.00      1.3914    
  130.50      1.3697    
  131.00      1.3479    
  131.50      1.3259    
  132.00      1.3040    
  132.50      1.2820    
  133.00      1.2600    
  133.50      1.2380    
  134.00      1.2160    
  134.50      1.1940    
  135.00      1.1721    
  135.50      1.1502    
  136.00      1.1284    
  136.50      1.1067    
  137.00      1.0850    
  137.50      1.0636    
  138.00      1.0422    
  138.50      1.0210    
  139.00     0.99990    
  139.50     0.97901    
  140.00     0.95831    
  140.50     0.93781    
  141.00     0.91752    
  141.50     0.89745    
  142.00     0.87763    
  142.50     0.85804    
  143.00     0.83872    
  143.50     0.81967    
  144.00     0.80090    
  144.50     0.78242    
  145.00     0.76424    
  145.50     0.74637    
  146.00     0.72881    
  146.50     0.71158    
  147.00     0.69468    
  147.50     0.67812    
  148.00     0.66191    
  148.50     0.64604    
  149.00     0.63054    
  149.50     0.61539    
  150.00     0.60060    
  150.50     0.58619    
  151.00     0.57214    
  151.50     0.55847    
  152.00     0.54517    
  152.50     0.53225    
  153.00     0.51971    
  153.50     0.50754    
  154.00     0.49575    
  154.50     0.48434    
  155.00     0.47329    
  155.50     0.46262    
  156.00     0.45232    
  156.50     0.44239    
  157.00     0.43282    
  157.50     0.42361    
  158.00     0.41475    
  158.50     0.40625    
  159.00     0.39809    
  159.50     0.39026    
  160.00     0.38278    
  160.50     0.37561    
  161.00     0.36877    
  161.50     0.36225    
  162.00     0.35603    
  162.50     0.35011    
  163.00     0.34448    
  163.50     0.33914    
  164.00     0.33407    
  164.50     0.32927    
  165.00     0.32473    
  165.50     0.32044    
  166.00     0.31640    
  166.50     0.31259    
  167.00     0.30901    
  167.50     0.30564    
  168.00     0.30249    
  168.50     0.29954    
  169.00     0.29678    
  169.50     0.29420    
  170.00     0.29181    
  170.50     0.28959    
  171.00     0.28753    
  171.50     0.28562    
  172.00     0.28387    
  172.50     0.28225    
  173.00     0.28077    
  173.50     0.27943    
  174.00     0.27820    
  174.50     0.27710    
  175.00     0.27610    
  175.50     0.27522    
  176.00     0.27444    
  176.50     0.27376    
  177.00     0.27318    
  177.50     0.27270    
  178.00     0.27230    
  178.50     0.27200    
  179.00     0.27178    
  179.50     0.27165    
  180.00     0.27161    
 &
