 Mean Elastic Optical Potential generated            1
         101  0.20000000000000001        0.00000000    
  0.0000E+00  0.0000E+00  0.0000E+00  0.0000E+00  0.0000E+00  0.0000E+00
  0.0000E+00  0.0000E+00  2.0419E+00 -2.7501E-01  3.3903E+00 -3.9468E-01
  4.2581E+00 -4.5706E-01  4.5973E+00 -4.7592E-01  4.4059E+00 -4.6138E-01
  3.6193E+00 -3.9365E-01  2.3090E+00 -2.2929E-01  7.1729E-01  6.9477E-02
 -9.5323E-01  5.1087E-01 -2.4384E+00  1.0119E+00 -3.6753E+00  1.4280E+00
 -4.6271E+00  1.6050E+00 -5.1780E+00  1.4203E+00 -5.1940E+00  9.1755E-01
 -4.6689E+00  3.3232E-01 -3.9171E+00 -1.4188E-01 -3.1316E+00 -4.2028E-01
 -2.4454E+00 -5.2983E-01 -1.8863E+00 -5.1148E-01 -1.4358E+00 -4.0697E-01
 -1.1049E+00 -2.8507E-01 -8.1803E-01 -1.3673E-01 -6.4812E-01 -6.4177E-02
 -4.8492E-01  3.9680E-02 -3.8264E-01  6.4515E-02 -2.9895E-01  1.1144E-01
 -2.3563E-01  1.0709E-01 -1.9416E-01  1.2032E-01 -1.5467E-01  1.0413E-01
 -1.3517E-01  1.0216E-01 -1.0675E-01  8.1180E-02 -1.0649E-01  8.0912E-02
 -7.5974E-02  5.6957E-02 -8.6322E-02  5.4178E-02 -6.0225E-02  3.7316E-02
 -7.3301E-02  3.4411E-02 -4.8975E-02  2.1949E-02 -6.3435E-02  1.3605E-02
 -4.8392E-02  1.7709E-02 -4.7149E-02  9.6336E-04 -4.2530E-02 -2.9051E-04
 -5.7019E-02  1.8247E-02 -2.2356E-02 -1.8397E-02 -5.2612E-02  1.5387E-03
 -3.0138E-02  2.0924E-02 -2.7339E-02 -2.9195E-02 -3.3035E-02  1.4181E-02
 -1.8640E-02  1.0650E-02 -2.5096E-02 -2.3820E-02 -1.9198E-02  1.1872E-02
 -9.0257E-03  3.9930E-03 -2.2194E-02 -1.8123E-02 -1.0025E-02  7.1654E-03
 -1.2725E-03 -2.7931E-03 -2.3323E-02 -1.2508E-02  6.9229E-03  3.0274E-03
 -1.8294E-02 -1.1676E-02 -1.0628E-03 -4.4601E-04  1.4535E-03 -3.9565E-03
 -1.1246E-02 -9.6622E-03 -1.3720E-03 -2.1279E-03 -2.7075E-04 -2.3270E-03
 -5.4779E-03 -5.3798E-03 -1.6028E-03 -1.7351E-03 -7.7753E-04 -1.3104E-03
 -2.5136E-03 -2.3830E-03 -3.2181E-04 -1.0014E-03 -1.2213E-03 -1.6287E-03
 -3.6012E-04 -1.1959E-03 -5.6219E-04 -1.3859E-03 -2.1477E-04 -1.2363E-03
 -2.1453E-04 -1.2669E-03 -7.5189E-05 -1.2166E-03 -5.5219E-05 -1.1575E-03
 -6.9588E-05 -1.1161E-03 -2.0165E-05 -1.0096E-03 -1.1467E-04 -8.6282E-04
 -1.0262E-04 -7.4927E-04 -8.1907E-05 -6.4174E-04 -1.7434E-04 -4.7578E-04
 -5.3674E-05 -3.9592E-04 -1.4844E-04 -2.9391E-04 -3.5138E-05 -2.0497E-04
 -9.0717E-05 -1.7283E-04 -2.1525E-05 -8.5237E-05 -5.5067E-05 -1.2934E-04
 -4.2906E-05 -9.4836E-05 -2.3804E-07 -1.3033E-04  1.0080E-05 -1.1953E-04
  8.6770E-05 -9.9459E-05  1.0603E-04 -9.6002E-05  1.3097E-04 -7.8935E-05
  0.0000E+00  0.0000E+00  0.0000E+00  0.0000E+00  0.0000E+00  0.0000E+00
  0.0000E+00  0.0000E+00  0.0000E+00  0.0000E+00
