  0.3483958 -10.6739   0.0000    2.740000   0.5410
  0.3483958 -10.6739   0.0000    2.740000   0.5410
  0.3483958 -10.6739   0.0000    2.740000   0.5410
  0.3483958 -10.6739   0.0000    2.740000   0.5410
  0.3483958 -10.6739   0.0000    2.740000   0.5410
  0.3483958 -10.6739   0.0000    2.740000   0.5410
  0.3483958 -10.6739   0.0000    2.740000   0.5410
  0.3483958 -10.6739   0.0000    2.740000   0.5410
  0.3483958 -10.6739   0.0000    2.740000   0.5410
  0.3483958 -10.6739   0.0000    2.740000   0.5410
 &
