   2.740     -0.115      0.118      0.490      0.846
   2.740     -0.115      0.118      0.490      0.846
   2.740     -0.115      0.118      0.490      0.846
   2.740     -0.115      0.118      0.490      0.846
   2.740     -0.115      0.118      0.490      0.846
   2.740     -0.115      0.118      0.490      0.846
   2.740     -0.115      0.118      0.490      0.846
   2.740     -0.115      0.118      0.490      0.846
   2.740     -0.115      0.118      0.490      0.846
   2.740     -0.115      0.118      0.490      0.846
