    2    1    1    2  1.5  -2.74000 F T F : KN,in-set,total-set,l,j,E
         201  0.100000001       0.00000000     F  : N,H,R0,cmp
  0.0000E+00  1.2302E-04  1.0099E-03  3.3769E-03  7.8990E-03  1.5168E-02
  2.5670E-02  3.9772E-02  5.7699E-02  7.9536E-02  1.0522E-01  1.3453E-01
  1.6711E-01  2.0250E-01  2.4011E-01  2.7927E-01  3.1924E-01  3.5926E-01
  3.9857E-01  4.3642E-01  4.7210E-01  5.0501E-01  5.3459E-01  5.6043E-01
  5.8221E-01  5.9975E-01  6.1296E-01  6.2188E-01  6.2666E-01  6.2750E-01
  6.2470E-01  6.1861E-01  6.0959E-01  5.9804E-01  5.8435E-01  5.6892E-01
  5.5209E-01  5.3421E-01  5.1560E-01  4.9651E-01  4.7718E-01  4.5783E-01
  4.3861E-01  4.1968E-01  4.0113E-01  3.8306E-01  3.6553E-01  3.4860E-01
  3.3229E-01  3.1663E-01  3.0162E-01  2.8726E-01  2.7355E-01  2.6048E-01
  2.4803E-01  2.3618E-01  2.2492E-01  2.1421E-01  2.0403E-01  1.9437E-01
  1.8520E-01  1.7649E-01  1.6822E-01  1.6038E-01  1.5293E-01  1.4585E-01
  1.3914E-01  1.3276E-01  1.2671E-01  1.2095E-01  1.1549E-01  1.1029E-01
  1.0535E-01  1.0066E-01  9.6190E-02  9.1940E-02  8.7895E-02  8.4046E-02
  8.0380E-02  7.6889E-02  7.3563E-02  7.0394E-02  6.7373E-02  6.4494E-02
  6.1747E-02  5.9128E-02  5.6628E-02  5.4243E-02  5.1967E-02  4.9793E-02
  4.7717E-02  4.5734E-02  4.3840E-02  4.2029E-02  4.0299E-02  3.8645E-02
  3.7063E-02  3.5551E-02  3.4104E-02  3.2720E-02  3.1396E-02  3.0128E-02
  2.8915E-02  2.7754E-02  2.6642E-02  2.5577E-02  2.4557E-02  2.3579E-02
  2.2643E-02  2.1746E-02  2.0887E-02  2.0063E-02  1.9273E-02  1.8516E-02
  1.7790E-02  1.7094E-02  1.6426E-02  1.5786E-02  1.5171E-02  1.4582E-02
  1.4016E-02  1.3474E-02  1.2953E-02  1.2453E-02  1.1973E-02  1.1513E-02
  1.1071E-02  1.0646E-02  1.0238E-02  9.8470E-03  9.4710E-03  9.1099E-03
  8.7630E-03  8.4298E-03  8.1097E-03  7.8022E-03  7.5067E-03  7.2227E-03
  6.9498E-03  6.6875E-03  6.4355E-03  6.1932E-03  5.9603E-03  5.7364E-03
  5.5212E-03  5.3142E-03  5.1153E-03  4.9240E-03  4.7400E-03  4.5631E-03
  4.3929E-03  4.2293E-03  4.0719E-03  3.9205E-03  3.7749E-03  3.6348E-03
  3.5000E-03  3.3703E-03  3.2456E-03  3.1255E-03  3.0100E-03  2.8989E-03
  2.7920E-03  2.6891E-03  2.5900E-03  2.4947E-03  2.4029E-03  2.3146E-03
  2.2297E-03  2.1478E-03  2.0691E-03  1.9933E-03  1.9203E-03  1.8500E-03
  1.7824E-03  1.7172E-03  1.6545E-03  1.5941E-03  1.5360E-03  1.4800E-03
  1.4261E-03  1.3742E-03  1.3242E-03  1.2760E-03  1.2297E-03  1.1850E-03
  1.1420E-03  1.1006E-03  1.0607E-03  1.0222E-03  9.8521E-04  9.4955E-04
  9.1519E-04  8.8210E-04  8.5021E-04  8.1950E-04  7.8991E-04  7.6140E-04
  7.3393E-04  7.0747E-04  6.8197E-04
    3    1    1    0  0.5  -1.69890 F T F : KN,in-set,total-set,l,j,E
         201  0.100000001       0.00000000     F  : N,H,R0,cmp
 -0.0000E+00  5.4205E-02  1.0725E-01  1.5801E-01  2.0540E-01  2.4843E-01
  2.8621E-01  3.1796E-01  3.4304E-01  3.6096E-01  3.7140E-01  3.7419E-01
  3.6934E-01  3.5701E-01  3.3753E-01  3.1136E-01  2.7912E-01  2.4150E-01
  1.9932E-01  1.5344E-01  1.0479E-01  5.4273E-02  2.8244E-03 -4.8676E-02
 -9.9400E-02 -1.4860E-01 -1.9561E-01 -2.3989E-01 -2.8098E-01 -3.1855E-01
 -3.5239E-01 -3.8237E-01 -4.0848E-01 -4.3077E-01 -4.4938E-01 -4.6448E-01
 -4.7631E-01 -4.8512E-01 -4.9118E-01 -4.9476E-01 -4.9615E-01 -4.9561E-01
 -4.9339E-01 -4.8972E-01 -4.8482E-01 -4.7889E-01 -4.7211E-01 -4.6461E-01
 -4.5656E-01 -4.4806E-01 -4.3922E-01 -4.3013E-01 -4.2087E-01 -4.1150E-01
 -4.0207E-01 -3.9264E-01 -3.8325E-01 -3.7392E-01 -3.6468E-01 -3.5556E-01
 -3.4656E-01 -3.3772E-01 -3.2903E-01 -3.2051E-01 -3.1215E-01 -3.0398E-01
 -2.9598E-01 -2.8817E-01 -2.8053E-01 -2.7308E-01 -2.6580E-01 -2.5871E-01
 -2.5179E-01 -2.4505E-01 -2.3848E-01 -2.3207E-01 -2.2583E-01 -2.1976E-01
 -2.1384E-01 -2.0808E-01 -2.0247E-01 -1.9701E-01 -1.9169E-01 -1.8652E-01
 -1.8148E-01 -1.7658E-01 -1.7181E-01 -1.6717E-01 -1.6265E-01 -1.5825E-01
 -1.5397E-01 -1.4981E-01 -1.4576E-01 -1.4182E-01 -1.3798E-01 -1.3425E-01
 -1.3062E-01 -1.2708E-01 -1.2365E-01 -1.2030E-01 -1.1705E-01 -1.1388E-01
 -1.1080E-01 -1.0780E-01 -1.0488E-01 -1.0205E-01 -9.9284E-02 -9.6598E-02
 -9.3984E-02 -9.1441E-02 -8.8966E-02 -8.6559E-02 -8.4217E-02 -8.1938E-02
 -7.9721E-02 -7.7564E-02 -7.5465E-02 -7.3423E-02 -7.1436E-02 -6.9503E-02
 -6.7622E-02 -6.5792E-02 -6.4012E-02 -6.2279E-02 -6.0594E-02 -5.8954E-02
 -5.7359E-02 -5.5807E-02 -5.4297E-02 -5.2827E-02 -5.1398E-02 -5.0007E-02
 -4.8654E-02 -4.7337E-02 -4.6056E-02 -4.4810E-02 -4.3597E-02 -4.2418E-02
 -4.1270E-02 -4.0153E-02 -3.9066E-02 -3.8009E-02 -3.6981E-02 -3.5980E-02
 -3.5006E-02 -3.4059E-02 -3.3137E-02 -3.2241E-02 -3.1368E-02 -3.0519E-02
 -2.9694E-02 -2.8890E-02 -2.8108E-02 -2.7348E-02 -2.6608E-02 -2.5888E-02
 -2.5187E-02 -2.4505E-02 -2.3842E-02 -2.3197E-02 -2.2569E-02 -2.1959E-02
 -2.1364E-02 -2.0786E-02 -2.0224E-02 -1.9677E-02 -1.9144E-02 -1.8626E-02
 -1.8122E-02 -1.7632E-02 -1.7154E-02 -1.6690E-02 -1.6239E-02 -1.5799E-02
 -1.5372E-02 -1.4956E-02 -1.4551E-02 -1.4157E-02 -1.3774E-02 -1.3401E-02
 -1.3039E-02 -1.2686E-02 -1.2343E-02 -1.2009E-02 -1.1684E-02 -1.1367E-02
 -1.1060E-02 -1.0761E-02 -1.0469E-02 -1.0186E-02 -9.9104E-03 -9.6422E-03
 -9.3813E-03 -9.1275E-03 -8.8805E-03 -8.6401E-03 -8.4063E-03 -8.1789E-03
 -7.9575E-03 -7.7422E-03 -7.5327E-03
    4    1    1    2  2.5  -1.69890 F T F : KN,in-set,total-set,l,j,E
         201  0.100000001       0.00000000     F  : N,H,R0,cmp
  0.0000E+00  9.5040E-05  7.8041E-04  2.6122E-03  6.1212E-03  1.1784E-02
  2.0007E-02  3.1119E-02  4.5354E-02  6.2849E-02  8.3635E-02  1.0764E-01
  1.3467E-01  1.6446E-01  1.9664E-01  2.3074E-01  2.6624E-01  3.0258E-01
  3.3914E-01  3.7530E-01  4.1044E-01  4.4397E-01  4.7534E-01  5.0406E-01
  5.2971E-01  5.5197E-01  5.7061E-01  5.8547E-01  5.9651E-01  6.0378E-01
  6.0741E-01  6.0760E-01  6.0459E-01  5.9870E-01  5.9024E-01  5.7957E-01
  5.6702E-01  5.5293E-01  5.3762E-01  5.2139E-01  5.0450E-01  4.8720E-01
  4.6969E-01  4.5214E-01  4.3471E-01  4.1752E-01  4.0066E-01  3.8421E-01
  3.6823E-01  3.5275E-01  3.3782E-01  3.2345E-01  3.0964E-01  2.9639E-01
  2.8371E-01  2.7157E-01  2.5998E-01  2.4890E-01  2.3834E-01  2.2826E-01
  2.1864E-01  2.0948E-01  2.0074E-01  1.9241E-01  1.8448E-01  1.7691E-01
  1.6969E-01  1.6281E-01  1.5624E-01  1.4998E-01  1.4401E-01  1.3830E-01
  1.3286E-01  1.2766E-01  1.2269E-01  1.1794E-01  1.1341E-01  1.0907E-01
  1.0492E-01  1.0095E-01  9.7149E-02  9.3512E-02  9.0029E-02  8.6693E-02
  8.3496E-02  8.0432E-02  7.7495E-02  7.4678E-02  7.1976E-02  6.9384E-02
  6.6896E-02  6.4507E-02  6.2214E-02  6.0011E-02  5.7895E-02  5.5862E-02
  5.3907E-02  5.2029E-02  5.0222E-02  4.8485E-02  4.6813E-02  4.5205E-02
  4.3658E-02  4.2169E-02  4.0735E-02  3.9354E-02  3.8025E-02  3.6744E-02
  3.5510E-02  3.4321E-02  3.3176E-02  3.2071E-02  3.1007E-02  2.9981E-02
  2.8991E-02  2.8037E-02  2.7116E-02  2.6228E-02  2.5371E-02  2.4544E-02
  2.3746E-02  2.2976E-02  2.2232E-02  2.1515E-02  2.0822E-02  2.0152E-02
  1.9506E-02  1.8882E-02  1.8278E-02  1.7696E-02  1.7133E-02  1.6589E-02
  1.6063E-02  1.5555E-02  1.5064E-02  1.4590E-02  1.4131E-02  1.3687E-02
  1.3258E-02  1.2843E-02  1.2442E-02  1.2054E-02  1.1679E-02  1.1316E-02
  1.0964E-02  1.0625E-02  1.0296E-02  9.9778E-03  9.6700E-03  9.3721E-03
  9.0838E-03  8.8047E-03  8.5346E-03  8.2732E-03  8.0201E-03  7.7750E-03
  7.5378E-03  7.3081E-03  7.0856E-03  6.8702E-03  6.6616E-03  6.4596E-03
  6.2639E-03  6.0744E-03  5.8908E-03  5.7130E-03  5.5407E-03  5.3739E-03
  5.2122E-03  5.0555E-03  4.9037E-03  4.7566E-03  4.6141E-03  4.4760E-03
  4.3421E-03  4.2124E-03  4.0867E-03  3.9648E-03  3.8467E-03  3.7322E-03
  3.6212E-03  3.5137E-03  3.4094E-03  3.3082E-03  3.2102E-03  3.1152E-03
  3.0230E-03  2.9336E-03  2.8470E-03  2.7630E-03  2.6815E-03  2.6025E-03
  2.5259E-03  2.4516E-03  2.3795E-03  2.3096E-03  2.2418E-03  2.1760E-03
  2.1122E-03  2.0504E-03  1.9903E-03
    5    1    1    2  1.5  -1.69890 F T F : KN,in-set,total-set,l,j,E
         201  0.100000001       0.00000000     F  : N,H,R0,cmp
  0.0000E+00  1.1516E-04  9.4551E-04  3.1622E-03  7.3990E-03  1.4213E-02
  2.4065E-02  3.7305E-02  5.4155E-02  7.4704E-02  9.8904E-02  1.2657E-01
  1.5739E-01  1.9093E-01  2.2665E-01  2.6396E-01  3.0216E-01  3.4056E-01
  3.7843E-01  4.1509E-01  4.4987E-01  4.8217E-01  5.1149E-01  5.3741E-01
  5.5961E-01  5.7790E-01  5.9217E-01  6.0244E-01  6.0880E-01  6.1145E-01
  6.1063E-01  6.0664E-01  5.9981E-01  5.9050E-01  5.7906E-01  5.6585E-01
  5.5121E-01  5.3546E-01  5.1887E-01  5.0171E-01  4.8420E-01  4.6655E-01
  4.4891E-01  4.3143E-01  4.1421E-01  3.9736E-01  3.8093E-01  3.6498E-01
  3.4956E-01  3.3468E-01  3.2036E-01  3.0660E-01  2.9341E-01  2.8079E-01
  2.6871E-01  2.5718E-01  2.4616E-01  2.3565E-01  2.2563E-01  2.1607E-01
  2.0696E-01  1.9828E-01  1.9000E-01  1.8212E-01  1.7460E-01  1.6743E-01
  1.6060E-01  1.5409E-01  1.4788E-01  1.4195E-01  1.3630E-01  1.3090E-01
  1.2574E-01  1.2082E-01  1.1612E-01  1.1163E-01  1.0734E-01  1.0323E-01
  9.9303E-02  9.5545E-02  9.1950E-02  8.8507E-02  8.5211E-02  8.2053E-02
  7.9028E-02  7.6128E-02  7.3348E-02  7.0682E-02  6.8125E-02  6.5671E-02
  6.3317E-02  6.1056E-02  5.8885E-02  5.6801E-02  5.4798E-02  5.2873E-02
  5.1023E-02  4.9245E-02  4.7535E-02  4.5891E-02  4.4309E-02  4.2787E-02
  4.1323E-02  3.9913E-02  3.8556E-02  3.7249E-02  3.5991E-02  3.4778E-02
  3.3611E-02  3.2485E-02  3.1401E-02  3.0356E-02  2.9348E-02  2.8377E-02
  2.7440E-02  2.6537E-02  2.5666E-02  2.4825E-02  2.4014E-02  2.3231E-02
  2.2476E-02  2.1747E-02  2.1043E-02  2.0364E-02  1.9708E-02  1.9074E-02
  1.8463E-02  1.7872E-02  1.7301E-02  1.6749E-02  1.6216E-02  1.5702E-02
  1.5204E-02  1.4723E-02  1.4258E-02  1.3809E-02  1.3375E-02  1.2955E-02
  1.2549E-02  1.2156E-02  1.1776E-02  1.1409E-02  1.1054E-02  1.0710E-02
  1.0378E-02  1.0056E-02  9.7451E-03  9.4441E-03  9.1527E-03  8.8708E-03
  8.5979E-03  8.3338E-03  8.0781E-03  7.8306E-03  7.5911E-03  7.3591E-03
  7.1346E-03  6.9171E-03  6.7066E-03  6.5027E-03  6.3053E-03  6.1141E-03
  5.9289E-03  5.7495E-03  5.5757E-03  5.4074E-03  5.2444E-03  5.0864E-03
  4.9334E-03  4.7851E-03  4.6414E-03  4.5022E-03  4.3673E-03  4.2366E-03
  4.1099E-03  3.9871E-03  3.8681E-03  3.7527E-03  3.6410E-03  3.5326E-03
  3.4275E-03  3.3257E-03  3.2270E-03  3.1313E-03  3.0385E-03  2.9485E-03
  2.8613E-03  2.7767E-03  2.6947E-03  2.6152E-03  2.5381E-03  2.4633E-03
  2.3908E-03  2.3204E-03  2.2522E-03  2.1860E-03  2.1219E-03  2.0596E-03
  1.9993E-03  1.9407E-03  1.8839E-03
