 loop =          -1  is type =           0   0.00000000       58.0000000       0.00000000       1.29999995       0.00000000       0.00000000       0.00000000       0.00000000       0.00000000    
 loop =          -1  is type =           1   0.00000000       81.3000031       1.16999996      0.796999991       3.21000004       1.32500005      0.786000013       0.00000000       0.00000000    
 loop =          -1  is type =           2   0.00000000       0.00000000       0.00000000       0.00000000       10.3400002       1.32500005      0.786000013       0.00000000       0.00000000    
 loop =          -1  is type =           3   0.00000000       2.91000009       1.07000005      0.660000026       0.00000000       0.00000000       0.00000000       0.00000000       0.00000000    
 WOUT,ITER,FALLOC = F           0 F
   0.0000000000000000      -
