0.10000E-01 1.0000
0.50000 1.0043
1.0000 1.0128
1.5000 1.0047
2.0000 0.97582
2.5000 0.92977
3.0000 0.87283
3.5000 0.81163
4.0000 0.75213
4.5000 0.69927
5.0000 0.65672
5.5000 0.62695
6.0000 0.61124
6.5000 0.60979
7.0000 0.62184
7.5000 0.64586
8.0000 0.67965
8.5000 0.72056
9.0000 0.76561
9.5000 0.81172
10.000 0.85580
10.500 0.89494
11.000 0.92652
11.500 0.94836
12.000 0.95874
12.500 0.95655
13.000 0.94126
13.500 0.91295
14.000 0.87232
14.500 0.82061
15.000 0.75955
15.500 0.69131
16.000 0.61832
16.500 0.54325
17.000 0.46881
17.500 0.39770
18.000 0.33244
18.500 0.27531
19.000 0.22823
19.500 0.19268
20.000 0.16965
20.500 0.15964
21.000 0.16259
21.500 0.17793
22.000 0.20459
22.500 0.24107
23.000 0.28552
23.500 0.33577
24.000 0.38949
24.500 0.44423
25.000 0.49757
25.500 0.54717
26.000 0.59090
26.500 0.62690
27.000 0.65366
27.500 0.67007
28.000 0.67544
28.500 0.66955
29.000 0.65259
29.500 0.62524
30.000 0.58853
30.500 0.54388
31.000 0.49296
31.500 0.43769
32.000 0.38013
32.500 0.32239
33.000 0.26657
33.500 0.21468
34.000 0.16856
34.500 0.12984
35.000 0.99853E-01
35.500 0.79608E-01
36.000 0.69772E-01
36.500 0.70644E-01
37.000 0.82153E-01
37.500 0.10387
38.000 0.13504
38.500 0.17460
39.000 0.22123
39.500 0.27341
40.000 0.32945
40.500 0.38760
41.000 0.44604
41.500 0.50300
42.000 0.55679
42.500 0.60583
43.000 0.64874
43.500 0.68435
44.000 0.71171
44.500 0.73017
45.000 0.73933
45.500 0.73906
46.000 0.72952
46.500 0.71112
47.000 0.68447
47.500 0.65044
48.000 0.61004
48.500 0.56442
49.000 0.51482
49.500 0.46256
50.000 0.40897
50.500 0.35535
51.000 0.30296
51.500 0.25296
52.000 0.20642
52.500 0.16425
53.000 0.12720
53.500 0.95893E-01
54.000 0.70733E-01
54.500 0.51973E-01
55.000 0.39688E-01
55.500 0.33789E-01
56.000 0.34037E-01
56.500 0.40054E-01
57.000 0.51343E-01
57.500 0.67312E-01
58.000 0.87291E-01
58.500 0.11055
59.000 0.13634
59.500 0.16389
60.000 0.19244
60.500 0.22126
61.000 0.24967
61.500 0.27703
62.000 0.30278
62.500 0.32645
63.000 0.34763
63.500 0.36601
64.000 0.38137
64.500 0.39356
65.000 0.40252
65.500 0.40828
66.000 0.41090
66.500 0.41054
67.000 0.40737
67.500 0.40165
68.000 0.39361
68.500 0.38355
69.000 0.37177
69.500 0.35855
70.000 0.34420
70.500 0.32898
71.000 0.31317
71.500 0.29702
72.000 0.28073
72.500 0.26451
73.000 0.24852
73.500 0.23291
74.000 0.21779
74.500 0.20324
75.000 0.18935
75.500 0.17616
76.000 0.16370
76.500 0.15200
77.000 0.14107
77.500 0.13092
78.000 0.12154
78.500 0.11295
79.000 0.10513
79.500 0.98102E-01
80.000 0.91863E-01
80.500 0.86427E-01
81.000 0.81808E-01
81.500 0.78025E-01
82.000 0.75097E-01
82.500 0.73049E-01
83.000 0.71904E-01
83.500 0.71685E-01
84.000 0.72413E-01
84.500 0.74104E-01
85.000 0.76771E-01
85.500 0.80418E-01
86.000 0.85044E-01
86.500 0.90637E-01
87.000 0.97179E-01
87.500 0.10464
88.000 0.11299
88.500 0.12217
89.000 0.13214
89.500 0.14284
90.000 0.15419
90.500 0.16614
91.000 0.17862
91.500 0.19154
92.000 0.20486
92.500 0.21848
93.000 0.23237
93.500 0.24645
94.000 0.26067
94.500 0.27500
95.000 0.28940
95.500 0.30383
96.000 0.31827
96.500 0.33271
97.000 0.34713
97.500 0.36151
98.000 0.37587
98.500 0.39017
99.000 0.40442
99.500 0.41859
100.00 0.43267
100.50 0.44662
101.00 0.46041
101.50 0.47398
102.00 0.48727
102.50 0.50020
103.00 0.51269
103.50 0.52463
104.00 0.53592
104.50 0.54642
105.00 0.55602
105.50 0.56458
106.00 0.57197
106.50 0.57805
107.00 0.58271
107.50 0.58581
108.00 0.58728
108.50 0.58703
109.00 0.58499
109.50 0.58116
110.00 0.57552
110.50 0.56812
111.00 0.55904
111.50 0.54839
112.00 0.53633
112.50 0.52306
113.00 0.50881
113.50 0.49386
114.00 0.47851
114.50 0.46311
115.00 0.44802
115.50 0.43362
116.00 0.42031
116.50 0.40848
117.00 0.39854
117.50 0.39086
118.00 0.38582
118.50 0.38373
119.00 0.38489
119.50 0.38955
120.00 0.39789
120.50 0.41004
121.00 0.42606
121.50 0.44592
122.00 0.46953
122.50 0.49671
123.00 0.52720
123.50 0.56067
124.00 0.59671
124.50 0.63482
125.00 0.67446
125.50 0.71502
126.00 0.75584
126.50 0.79623
127.00 0.83549
127.50 0.87288
128.00 0.90769
128.50 0.93921
129.00 0.96679
129.50 0.98979
130.00 1.0077
130.50 1.0200
131.00 1.0263
131.50 1.0264
132.00 1.0200
132.50 1.0072
133.00 0.98803
133.50 0.96264
134.00 0.93142
134.50 0.89481
135.00 0.85342
135.50 0.80795
136.00 0.75920
136.50 0.70809
137.00 0.65560
137.50 0.60277
138.00 0.55070
138.50 0.50049
139.00 0.45327
139.50 0.41012
140.00 0.37208
140.50 0.34016
141.00 0.31523
141.50 0.29807
142.00 0.28935
142.50 0.28958
143.00 0.29909
143.50 0.31806
144.00 0.34647
144.50 0.38413
145.00 0.43065
145.50 0.48543
146.00 0.54771
146.50 0.61654
147.00 0.69082
147.50 0.76929
148.00 0.85057
148.50 0.93318
149.00 1.0156
149.50 1.0961
150.00 1.1732
150.50 1.2453
151.00 1.3107
151.50 1.3681
152.00 1.4161
152.50 1.4534
153.00 1.4790
153.50 1.4921
154.00 1.4922
154.50 1.4788
155.00 1.4519
155.50 1.4117
156.00 1.3587
156.50 1.2937
157.00 1.2177
157.50 1.1323
158.00 1.0389
158.50 0.93945
159.00 0.83612
159.50 0.73119
160.00 0.62715
160.50 0.52660
161.00 0.43224
161.50 0.34682
162.00 0.27306
162.50 0.21368
163.00 0.17124
163.50 0.14822
164.00 0.14685
164.50 0.16918
165.00 0.21693
165.50 0.29155
166.00 0.39412
166.50 0.52532
167.00 0.68548
167.50 0.87446
168.00 1.0917
168.50 1.3362
169.00 1.6066
169.50 1.9011
170.00 2.2173
170.50 2.5526
171.00 2.9042
171.50 3.2685
172.00 3.6422
172.50 4.0214
173.00 4.4020
173.50 4.7801
174.00 5.1515
174.50 5.5119
175.00 5.8573
175.50 6.1836
176.00 6.4872
176.50 6.7642
177.00 7.0116
177.50 7.2261
178.00 7.4054
178.50 7.5472
179.00 7.6497
179.50 7.7117
179.99 7.7325
