0.0000 0.70639
0.50000 0.70594
1.0000 0.70460
1.5000 0.70236
2.0000 0.69925
2.5000 0.69528
3.0000 0.69046
3.5000 0.68482
4.0000 0.67838
4.5000 0.67116
5.0000 0.66321
5.5000 0.65454
6.0000 0.64518
6.5000 0.63518
7.0000 0.62455
7.5000 0.61334
8.0000 0.60158
8.5000 0.58931
9.0000 0.57657
9.5000 0.56339
10.000 0.54983
10.500 0.53593
11.000 0.52173
11.500 0.50729
12.000 0.49265
12.500 0.47786
13.000 0.46297
13.500 0.44803
14.000 0.43309
14.500 0.41818
15.000 0.40337
15.500 0.38867
16.000 0.37414
16.500 0.35980
17.000 0.34568
17.500 0.33182
18.000 0.31825
18.500 0.30497
19.000 0.29202
19.500 0.27942
20.000 0.26719
20.500 0.25533
21.000 0.24388
21.500 0.23283
22.000 0.22220
22.500 0.21199
23.000 0.20222
23.500 0.19289
24.000 0.18400
24.500 0.17554
25.000 0.16752
25.500 0.15993
26.000 0.15275
26.500 0.14598
27.000 0.13961
27.500 0.13363
28.000 0.12801
28.500 0.12275
29.000 0.11783
29.500 0.11323
30.000 0.10894
30.500 0.10494
31.000 0.10121
31.500 0.97741E-01
32.000 0.94511E-01
32.500 0.91505E-01
33.000 0.88705E-01
33.500 0.86096E-01
34.000 0.83658E-01
34.500 0.81377E-01
35.000 0.79236E-01
35.500 0.77219E-01
36.000 0.75311E-01
36.500 0.73498E-01
37.000 0.71767E-01
37.500 0.70106E-01
38.000 0.68506E-01
38.500 0.66958E-01
39.000 0.65454E-01
39.500 0.63988E-01
40.000 0.62556E-01
40.500 0.61156E-01
41.000 0.59784E-01
41.500 0.58440E-01
42.000 0.57124E-01
42.500 0.55835E-01
43.000 0.54575E-01
43.500 0.53344E-01
44.000 0.52143E-01
44.500 0.50974E-01
45.000 0.49838E-01
45.500 0.48736E-01
46.000 0.47669E-01
46.500 0.46638E-01
47.000 0.45644E-01
47.500 0.44688E-01
48.000 0.43770E-01
48.500 0.42891E-01
49.000 0.42053E-01
49.500 0.41254E-01
50.000 0.40495E-01
50.500 0.39777E-01
51.000 0.39098E-01
51.500 0.38457E-01
52.000 0.37854E-01
52.500 0.37286E-01
53.000 0.36752E-01
53.500 0.36249E-01
54.000 0.35775E-01
54.500 0.35327E-01
55.000 0.34901E-01
55.500 0.34494E-01
56.000 0.34104E-01
56.500 0.33726E-01
57.000 0.33358E-01
57.500 0.32998E-01
58.000 0.32642E-01
58.500 0.32288E-01
59.000 0.31935E-01
59.500 0.31580E-01
60.000 0.31223E-01
60.500 0.30861E-01
61.000 0.30495E-01
61.500 0.30124E-01
62.000 0.29748E-01
62.500 0.29365E-01
63.000 0.28977E-01
63.500 0.28583E-01
64.000 0.28183E-01
64.500 0.27779E-01
65.000 0.27369E-01
65.500 0.26956E-01
66.000 0.26538E-01
66.500 0.26118E-01
67.000 0.25695E-01
67.500 0.25270E-01
68.000 0.24844E-01
68.500 0.24419E-01
69.000 0.23993E-01
69.500 0.23570E-01
70.000 0.23149E-01
70.500 0.22731E-01
71.000 0.22317E-01
71.500 0.21909E-01
72.000 0.21507E-01
72.500 0.21111E-01
73.000 0.20723E-01
73.500 0.20343E-01
74.000 0.19971E-01
74.500 0.19608E-01
75.000 0.19255E-01
75.500 0.18910E-01
76.000 0.18575E-01
76.500 0.18249E-01
77.000 0.17932E-01
77.500 0.17623E-01
78.000 0.17321E-01
78.500 0.17027E-01
79.000 0.16740E-01
79.500 0.16459E-01
80.000 0.16183E-01
80.500 0.15912E-01
81.000 0.15646E-01
81.500 0.15384E-01
82.000 0.15126E-01
82.500 0.14871E-01
83.000 0.14620E-01
83.500 0.14372E-01
84.000 0.14127E-01
84.500 0.13884E-01
85.000 0.13645E-01
85.500 0.13408E-01
86.000 0.13174E-01
86.500 0.12941E-01
87.000 0.12711E-01
87.500 0.12482E-01
88.000 0.12255E-01
88.500 0.12028E-01
89.000 0.11802E-01
89.500 0.11577E-01
90.000 0.11352E-01
90.500 0.11127E-01
91.000 0.10903E-01
91.500 0.10679E-01
92.000 0.10455E-01
92.500 0.10233E-01
93.000 0.10012E-01
93.500 0.97929E-02
94.000 0.95762E-02
94.500 0.93624E-02
95.000 0.91519E-02
95.500 0.89452E-02
96.000 0.87426E-02
96.500 0.85444E-02
97.000 0.83509E-02
97.500 0.81622E-02
98.000 0.79783E-02
98.500 0.77994E-02
99.000 0.76254E-02
99.500 0.74562E-02
100.00 0.72919E-02
100.50 0.71324E-02
101.00 0.69778E-02
101.50 0.68280E-02
102.00 0.66831E-02
102.50 0.65433E-02
103.00 0.64087E-02
103.50 0.62793E-02
104.00 0.61555E-02
104.50 0.60373E-02
105.00 0.59247E-02
105.50 0.58180E-02
106.00 0.57171E-02
106.50 0.56219E-02
107.00 0.55325E-02
107.50 0.54485E-02
108.00 0.53699E-02
108.50 0.52964E-02
109.00 0.52276E-02
109.50 0.51632E-02
110.00 0.51030E-02
110.50 0.50466E-02
111.00 0.49937E-02
111.50 0.49440E-02
112.00 0.48972E-02
112.50 0.48532E-02
113.00 0.48117E-02
113.50 0.47727E-02
114.00 0.47360E-02
114.50 0.47015E-02
115.00 0.46693E-02
115.50 0.46393E-02
116.00 0.46116E-02
116.50 0.45860E-02
117.00 0.45626E-02
117.50 0.45414E-02
118.00 0.45224E-02
118.50 0.45056E-02
119.00 0.44908E-02
119.50 0.44782E-02
120.00 0.44675E-02
120.50 0.44587E-02
121.00 0.44518E-02
121.50 0.44468E-02
122.00 0.44436E-02
122.50 0.44422E-02
123.00 0.44427E-02
123.50 0.44450E-02
124.00 0.44493E-02
124.50 0.44557E-02
125.00 0.44644E-02
125.50 0.44754E-02
126.00 0.44890E-02
126.50 0.45053E-02
127.00 0.45246E-02
127.50 0.45469E-02
128.00 0.45725E-02
128.50 0.46015E-02
129.00 0.46339E-02
129.50 0.46699E-02
130.00 0.47094E-02
130.50 0.47523E-02
131.00 0.47988E-02
131.50 0.48487E-02
132.00 0.49019E-02
132.50 0.49583E-02
133.00 0.50178E-02
133.50 0.50804E-02
134.00 0.51459E-02
134.50 0.52142E-02
135.00 0.52853E-02
135.50 0.53591E-02
136.00 0.54355E-02
136.50 0.55146E-02
137.00 0.55961E-02
137.50 0.56802E-02
138.00 0.57668E-02
138.50 0.58557E-02
139.00 0.59469E-02
139.50 0.60403E-02
140.00 0.61359E-02
140.50 0.62335E-02
141.00 0.63330E-02
141.50 0.64343E-02
142.00 0.65373E-02
142.50 0.66419E-02
143.00 0.67479E-02
143.50 0.68554E-02
144.00 0.69643E-02
144.50 0.70745E-02
145.00 0.71860E-02
145.50 0.72988E-02
146.00 0.74129E-02
146.50 0.75284E-02
147.00 0.76452E-02
147.50 0.77636E-02
148.00 0.78835E-02
148.50 0.80050E-02
149.00 0.81284E-02
149.50 0.82537E-02
150.00 0.83812E-02
150.50 0.85109E-02
151.00 0.86432E-02
151.50 0.87781E-02
152.00 0.89160E-02
152.50 0.90570E-02
153.00 0.92012E-02
153.50 0.93490E-02
154.00 0.95003E-02
154.50 0.96552E-02
155.00 0.98139E-02
155.50 0.99763E-02
156.00 0.10142E-01
156.50 0.10312E-01
157.00 0.10485E-01
157.50 0.10662E-01
158.00 0.10842E-01
158.50 0.11025E-01
159.00 0.11211E-01
159.50 0.11400E-01
160.00 0.11592E-01
160.50 0.11787E-01
161.00 0.11984E-01
161.50 0.12185E-01
162.00 0.12388E-01
162.50 0.12595E-01
163.00 0.12804E-01
163.50 0.13015E-01
164.00 0.13229E-01
164.50 0.13444E-01
165.00 0.13660E-01
165.50 0.13877E-01
166.00 0.14094E-01
166.50 0.14311E-01
167.00 0.14525E-01
167.50 0.14737E-01
168.00 0.14946E-01
168.50 0.15150E-01
169.00 0.15350E-01
169.50 0.15544E-01
170.00 0.15733E-01
170.50 0.15915E-01
171.00 0.16091E-01
171.50 0.16260E-01
172.00 0.16423E-01
172.50 0.16580E-01
173.00 0.16729E-01
173.50 0.16872E-01
174.00 0.17009E-01
174.50 0.17138E-01
175.00 0.17260E-01
175.50 0.17374E-01
176.00 0.17479E-01
176.50 0.17574E-01
177.00 0.17660E-01
177.50 0.17734E-01
178.00 0.17796E-01
178.50 0.17846E-01
179.00 0.17881E-01
179.50 0.17903E-01
180.00 0.17910E-01
