0.0000 0.44854
0.50000 0.44818
1.0000 0.44707
1.5000 0.44524
2.0000 0.44269
2.5000 0.43943
3.0000 0.43548
3.5000 0.43085
4.0000 0.42557
4.5000 0.41967
5.0000 0.41316
5.5000 0.40607
6.0000 0.39843
6.5000 0.39028
7.0000 0.38165
7.5000 0.37256
8.0000 0.36306
8.5000 0.35318
9.0000 0.34297
9.5000 0.33246
10.000 0.32169
10.500 0.31070
11.000 0.29955
11.500 0.28826
12.000 0.27690
12.500 0.26549
13.000 0.25408
13.500 0.24272
14.000 0.23145
14.500 0.22030
15.000 0.20930
15.500 0.19850
16.000 0.18793
16.500 0.17761
17.000 0.16757
17.500 0.15783
18.000 0.14842
18.500 0.13936
19.000 0.13066
19.500 0.12233
20.000 0.11439
20.500 0.10684
21.000 0.99698E-01
21.500 0.92962E-01
22.000 0.86636E-01
22.500 0.80721E-01
23.000 0.75213E-01
23.500 0.70111E-01
24.000 0.65407E-01
24.500 0.61094E-01
25.000 0.57162E-01
25.500 0.53599E-01
26.000 0.50393E-01
26.500 0.47529E-01
27.000 0.44991E-01
27.500 0.42763E-01
28.000 0.40826E-01
28.500 0.39162E-01
29.000 0.37753E-01
29.500 0.36579E-01
30.000 0.35620E-01
30.500 0.34855E-01
31.000 0.34266E-01
31.500 0.33832E-01
32.000 0.33532E-01
32.500 0.33348E-01
33.000 0.33261E-01
33.500 0.33252E-01
34.000 0.33303E-01
34.500 0.33396E-01
35.000 0.33517E-01
35.500 0.33650E-01
36.000 0.33782E-01
36.500 0.33900E-01
37.000 0.33993E-01
37.500 0.34051E-01
38.000 0.34068E-01
38.500 0.34036E-01
39.000 0.33950E-01
39.500 0.33807E-01
40.000 0.33605E-01
40.500 0.33344E-01
41.000 0.33023E-01
41.500 0.32644E-01
42.000 0.32209E-01
42.500 0.31723E-01
43.000 0.31188E-01
43.500 0.30610E-01
44.000 0.29993E-01
44.500 0.29343E-01
45.000 0.28666E-01
45.500 0.27968E-01
46.000 0.27253E-01
46.500 0.26529E-01
47.000 0.25799E-01
47.500 0.25071E-01
48.000 0.24348E-01
48.500 0.23635E-01
49.000 0.22937E-01
49.500 0.22257E-01
50.000 0.21597E-01
50.500 0.20962E-01
51.000 0.20352E-01
51.500 0.19769E-01
52.000 0.19214E-01
52.500 0.18688E-01
53.000 0.18191E-01
53.500 0.17722E-01
54.000 0.17280E-01
54.500 0.16865E-01
55.000 0.16475E-01
55.500 0.16108E-01
56.000 0.15762E-01
56.500 0.15437E-01
57.000 0.15128E-01
57.500 0.14836E-01
58.000 0.14556E-01
58.500 0.14288E-01
59.000 0.14029E-01
59.500 0.13778E-01
60.000 0.13532E-01
60.500 0.13290E-01
61.000 0.13050E-01
61.500 0.12811E-01
62.000 0.12572E-01
62.500 0.12332E-01
63.000 0.12091E-01
63.500 0.11846E-01
64.000 0.11599E-01
64.500 0.11349E-01
65.000 0.11095E-01
65.500 0.10839E-01
66.000 0.10579E-01
66.500 0.10316E-01
67.000 0.10051E-01
67.500 0.97843E-02
68.000 0.95158E-02
68.500 0.92461E-02
69.000 0.89761E-02
69.500 0.87062E-02
70.000 0.84371E-02
70.500 0.81694E-02
71.000 0.79039E-02
71.500 0.76411E-02
72.000 0.73818E-02
72.500 0.71265E-02
73.000 0.68760E-02
73.500 0.66308E-02
74.000 0.63914E-02
74.500 0.61583E-02
75.000 0.59320E-02
75.500 0.57127E-02
76.000 0.55009E-02
76.500 0.52967E-02
77.000 0.51002E-02
77.500 0.49115E-02
78.000 0.47307E-02
78.500 0.45576E-02
79.000 0.43921E-02
79.500 0.42342E-02
80.000 0.40836E-02
80.500 0.39402E-02
81.000 0.38037E-02
81.500 0.36740E-02
82.000 0.35508E-02
82.500 0.34339E-02
83.000 0.33230E-02
83.500 0.32179E-02
84.000 0.31185E-02
84.500 0.30244E-02
85.000 0.29353E-02
85.500 0.28511E-02
86.000 0.27714E-02
86.500 0.26960E-02
87.000 0.26246E-02
87.500 0.25569E-02
88.000 0.24926E-02
88.500 0.24315E-02
89.000 0.23734E-02
89.500 0.23180E-02
90.000 0.22650E-02
90.500 0.22144E-02
91.000 0.21659E-02
91.500 0.21194E-02
92.000 0.20749E-02
92.500 0.20322E-02
93.000 0.19912E-02
93.500 0.19519E-02
94.000 0.19143E-02
94.500 0.18783E-02
95.000 0.18439E-02
95.500 0.18112E-02
96.000 0.17799E-02
96.500 0.17502E-02
97.000 0.17220E-02
97.500 0.16952E-02
98.000 0.16699E-02
98.500 0.16459E-02
99.000 0.16233E-02
99.500 0.16019E-02
100.00 0.15818E-02
100.50 0.15630E-02
101.00 0.15452E-02
101.50 0.15287E-02
102.00 0.15132E-02
102.50 0.14988E-02
103.00 0.14855E-02
103.50 0.14732E-02
104.00 0.14620E-02
104.50 0.14517E-02
105.00 0.14423E-02
105.50 0.14339E-02
106.00 0.14263E-02
106.50 0.14195E-02
107.00 0.14134E-02
107.50 0.14080E-02
108.00 0.14032E-02
108.50 0.13990E-02
109.00 0.13951E-02
109.50 0.13916E-02
110.00 0.13883E-02
110.50 0.13851E-02
111.00 0.13820E-02
111.50 0.13789E-02
112.00 0.13756E-02
112.50 0.13721E-02
113.00 0.13684E-02
113.50 0.13643E-02
114.00 0.13598E-02
114.50 0.13550E-02
115.00 0.13497E-02
115.50 0.13439E-02
116.00 0.13376E-02
116.50 0.13308E-02
117.00 0.13234E-02
117.50 0.13156E-02
118.00 0.13072E-02
118.50 0.12983E-02
119.00 0.12888E-02
119.50 0.12788E-02
120.00 0.12683E-02
120.50 0.12573E-02
121.00 0.12458E-02
121.50 0.12339E-02
122.00 0.12215E-02
122.50 0.12088E-02
123.00 0.11958E-02
123.50 0.11824E-02
124.00 0.11689E-02
124.50 0.11553E-02
125.00 0.11416E-02
125.50 0.11279E-02
126.00 0.11143E-02
126.50 0.11008E-02
127.00 0.10876E-02
127.50 0.10746E-02
128.00 0.10620E-02
128.50 0.10498E-02
129.00 0.10380E-02
129.50 0.10268E-02
130.00 0.10162E-02
130.50 0.10062E-02
131.00 0.99681E-03
131.50 0.98814E-03
132.00 0.98020E-03
132.50 0.97300E-03
133.00 0.96658E-03
133.50 0.96093E-03
134.00 0.95608E-03
134.50 0.95200E-03
135.00 0.94870E-03
135.50 0.94615E-03
136.00 0.94433E-03
136.50 0.94321E-03
137.00 0.94277E-03
137.50 0.94297E-03
138.00 0.94378E-03
138.50 0.94518E-03
139.00 0.94714E-03
139.50 0.94964E-03
140.00 0.95266E-03
140.50 0.95621E-03
141.00 0.96026E-03
141.50 0.96482E-03
142.00 0.96988E-03
142.50 0.97545E-03
143.00 0.98152E-03
143.50 0.98810E-03
144.00 0.99519E-03
144.50 0.10028E-02
145.00 0.10109E-02
145.50 0.10195E-02
146.00 0.10287E-02
146.50 0.10384E-02
147.00 0.10488E-02
147.50 0.10597E-02
148.00 0.10713E-02
148.50 0.10837E-02
149.00 0.10970E-02
149.50 0.11111E-02
150.00 0.11263E-02
150.50 0.11425E-02
151.00 0.11600E-02
151.50 0.11789E-02
152.00 0.11991E-02
152.50 0.12208E-02
153.00 0.12442E-02
153.50 0.12692E-02
154.00 0.12959E-02
154.50 0.13243E-02
155.00 0.13546E-02
155.50 0.13867E-02
156.00 0.14207E-02
156.50 0.14565E-02
157.00 0.14942E-02
157.50 0.15339E-02
158.00 0.15755E-02
158.50 0.16190E-02
159.00 0.16645E-02
159.50 0.17119E-02
160.00 0.17613E-02
160.50 0.18125E-02
161.00 0.18657E-02
161.50 0.19206E-02
162.00 0.19772E-02
162.50 0.20355E-02
163.00 0.20952E-02
163.50 0.21562E-02
164.00 0.22184E-02
164.50 0.22815E-02
165.00 0.23455E-02
165.50 0.24100E-02
166.00 0.24749E-02
166.50 0.25400E-02
167.00 0.26050E-02
167.50 0.26698E-02
168.00 0.27342E-02
168.50 0.27980E-02
169.00 0.28610E-02
169.50 0.29230E-02
170.00 0.29839E-02
170.50 0.30435E-02
171.00 0.31015E-02
171.50 0.31578E-02
172.00 0.32122E-02
172.50 0.32645E-02
173.00 0.33145E-02
173.50 0.33620E-02
174.00 0.34068E-02
174.50 0.34487E-02
175.00 0.34875E-02
175.50 0.35231E-02
176.00 0.35553E-02
176.50 0.35840E-02
177.00 0.36090E-02
177.50 0.36304E-02
178.00 0.36480E-02
178.50 0.36617E-02
179.00 0.36715E-02
179.50 0.36774E-02
180.00 0.36794E-02
