0.0000 0.51288
0.50000 0.51249
1.0000 0.51134
1.5000 0.50942
2.0000 0.50675
2.5000 0.50333
3.0000 0.49919
3.5000 0.49433
4.0000 0.48878
4.5000 0.48257
5.0000 0.47570
5.5000 0.46823
6.0000 0.46016
6.5000 0.45154
7.0000 0.44240
7.5000 0.43277
8.0000 0.42270
8.5000 0.41221
9.0000 0.40135
9.5000 0.39017
10.000 0.37870
10.500 0.36698
11.000 0.35507
11.500 0.34300
12.000 0.33082
12.500 0.31857
13.000 0.30630
13.500 0.29406
14.000 0.28187
14.500 0.26979
15.000 0.25784
15.500 0.24607
16.000 0.23450
16.500 0.22317
17.000 0.21211
17.500 0.20134
18.000 0.19089
18.500 0.18077
19.000 0.17100
19.500 0.16161
20.000 0.15260
20.500 0.14398
21.000 0.13576
21.500 0.12795
22.000 0.12055
22.500 0.11357
23.000 0.10700
23.500 0.10084
24.000 0.95087E-01
24.500 0.89738E-01
25.000 0.84782E-01
25.500 0.80209E-01
26.000 0.76008E-01
26.500 0.72165E-01
27.000 0.68667E-01
27.500 0.65498E-01
28.000 0.62641E-01
28.500 0.60078E-01
29.000 0.57791E-01
29.500 0.55762E-01
30.000 0.53972E-01
30.500 0.52400E-01
31.000 0.51028E-01
31.500 0.49836E-01
32.000 0.48804E-01
32.500 0.47915E-01
33.000 0.47148E-01
33.500 0.46487E-01
34.000 0.45913E-01
34.500 0.45410E-01
35.000 0.44962E-01
35.500 0.44554E-01
36.000 0.44173E-01
36.500 0.43805E-01
37.000 0.43440E-01
37.500 0.43068E-01
38.000 0.42680E-01
38.500 0.42268E-01
39.000 0.41828E-01
39.500 0.41355E-01
40.000 0.40847E-01
40.500 0.40301E-01
41.000 0.39717E-01
41.500 0.39097E-01
42.000 0.38441E-01
42.500 0.37753E-01
43.000 0.37036E-01
43.500 0.36293E-01
44.000 0.35529E-01
44.500 0.34749E-01
45.000 0.33956E-01
45.500 0.33156E-01
46.000 0.32353E-01
46.500 0.31552E-01
47.000 0.30757E-01
47.500 0.29972E-01
48.000 0.29201E-01
48.500 0.28448E-01
49.000 0.27716E-01
49.500 0.27007E-01
50.000 0.26323E-01
50.500 0.25667E-01
51.000 0.25041E-01
51.500 0.24444E-01
52.000 0.23877E-01
52.500 0.23341E-01
53.000 0.22834E-01
53.500 0.22357E-01
54.000 0.21908E-01
54.500 0.21485E-01
55.000 0.21087E-01
55.500 0.20712E-01
56.000 0.20356E-01
56.500 0.20019E-01
57.000 0.19697E-01
57.500 0.19388E-01
58.000 0.19091E-01
58.500 0.18802E-01
59.000 0.18520E-01
59.500 0.18243E-01
60.000 0.17969E-01
60.500 0.17697E-01
61.000 0.17425E-01
61.500 0.17153E-01
62.000 0.16880E-01
62.500 0.16604E-01
63.000 0.16326E-01
63.500 0.16045E-01
64.000 0.15761E-01
64.500 0.15473E-01
65.000 0.15181E-01
65.500 0.14886E-01
66.000 0.14588E-01
66.500 0.14286E-01
67.000 0.13982E-01
67.500 0.13676E-01
68.000 0.13367E-01
68.500 0.13058E-01
69.000 0.12748E-01
69.500 0.12439E-01
70.000 0.12130E-01
70.500 0.11824E-01
71.000 0.11521E-01
71.500 0.11221E-01
72.000 0.10925E-01
72.500 0.10634E-01
73.000 0.10349E-01
73.500 0.10071E-01
74.000 0.97988E-02
74.500 0.95338E-02
75.000 0.92762E-02
75.500 0.90261E-02
76.000 0.87836E-02
76.500 0.85488E-02
77.000 0.83217E-02
77.500 0.81021E-02
78.000 0.78901E-02
78.500 0.76855E-02
79.000 0.74882E-02
79.500 0.72980E-02
80.000 0.71147E-02
80.500 0.69383E-02
81.000 0.67684E-02
81.500 0.66049E-02
82.000 0.64476E-02
82.500 0.62962E-02
83.000 0.61504E-02
83.500 0.60100E-02
84.000 0.58747E-02
84.500 0.57441E-02
85.000 0.56180E-02
85.500 0.54959E-02
86.000 0.53776E-02
86.500 0.52628E-02
87.000 0.51512E-02
87.500 0.50424E-02
88.000 0.49363E-02
88.500 0.48327E-02
89.000 0.47314E-02
89.500 0.46322E-02
90.000 0.45351E-02
90.500 0.44399E-02
91.000 0.43467E-02
91.500 0.42554E-02
92.000 0.41660E-02
92.500 0.40785E-02
93.000 0.39929E-02
93.500 0.39093E-02
94.000 0.38276E-02
94.500 0.37479E-02
95.000 0.36701E-02
95.500 0.35943E-02
96.000 0.35206E-02
96.500 0.34488E-02
97.000 0.33791E-02
97.500 0.33114E-02
98.000 0.32458E-02
98.500 0.31823E-02
99.000 0.31209E-02
99.500 0.30617E-02
100.00 0.30047E-02
100.50 0.29499E-02
101.00 0.28974E-02
101.50 0.28472E-02
102.00 0.27992E-02
102.50 0.27536E-02
103.00 0.27103E-02
103.50 0.26693E-02
104.00 0.26305E-02
104.50 0.25939E-02
105.00 0.25595E-02
105.50 0.25272E-02
106.00 0.24969E-02
106.50 0.24685E-02
107.00 0.24419E-02
107.50 0.24170E-02
108.00 0.23937E-02
108.50 0.23719E-02
109.00 0.23514E-02
109.50 0.23323E-02
110.00 0.23142E-02
110.50 0.22973E-02
111.00 0.22813E-02
111.50 0.22662E-02
112.00 0.22518E-02
112.50 0.22381E-02
113.00 0.22251E-02
113.50 0.22125E-02
114.00 0.22004E-02
114.50 0.21887E-02
115.00 0.21772E-02
115.50 0.21660E-02
116.00 0.21550E-02
116.50 0.21441E-02
117.00 0.21333E-02
117.50 0.21225E-02
118.00 0.21118E-02
118.50 0.21010E-02
119.00 0.20902E-02
119.50 0.20794E-02
120.00 0.20686E-02
120.50 0.20579E-02
121.00 0.20472E-02
121.50 0.20366E-02
122.00 0.20262E-02
122.50 0.20161E-02
123.00 0.20062E-02
123.50 0.19968E-02
124.00 0.19878E-02
124.50 0.19793E-02
125.00 0.19714E-02
125.50 0.19643E-02
126.00 0.19579E-02
126.50 0.19523E-02
127.00 0.19476E-02
127.50 0.19439E-02
128.00 0.19411E-02
128.50 0.19395E-02
129.00 0.19389E-02
129.50 0.19396E-02
130.00 0.19414E-02
130.50 0.19445E-02
131.00 0.19490E-02
131.50 0.19547E-02
132.00 0.19618E-02
132.50 0.19702E-02
133.00 0.19801E-02
133.50 0.19914E-02
134.00 0.20040E-02
134.50 0.20180E-02
135.00 0.20334E-02
135.50 0.20501E-02
136.00 0.20681E-02
136.50 0.20874E-02
137.00 0.21079E-02
137.50 0.21295E-02
138.00 0.21521E-02
138.50 0.21759E-02
139.00 0.22006E-02
139.50 0.22262E-02
140.00 0.22527E-02
140.50 0.22800E-02
141.00 0.23081E-02
141.50 0.23370E-02
142.00 0.23666E-02
142.50 0.23970E-02
143.00 0.24280E-02
143.50 0.24597E-02
144.00 0.24922E-02
144.50 0.25253E-02
145.00 0.25592E-02
145.50 0.25938E-02
146.00 0.26292E-02
146.50 0.26655E-02
147.00 0.27026E-02
147.50 0.27406E-02
148.00 0.27796E-02
148.50 0.28197E-02
149.00 0.28609E-02
149.50 0.29034E-02
150.00 0.29471E-02
150.50 0.29922E-02
151.00 0.30388E-02
151.50 0.30869E-02
152.00 0.31367E-02
152.50 0.31883E-02
153.00 0.32416E-02
153.50 0.32970E-02
154.00 0.33543E-02
154.50 0.34137E-02
155.00 0.34753E-02
155.50 0.35391E-02
156.00 0.36053E-02
156.50 0.36738E-02
157.00 0.37447E-02
157.50 0.38181E-02
158.00 0.38939E-02
158.50 0.39721E-02
159.00 0.40527E-02
159.50 0.41358E-02
160.00 0.42211E-02
160.50 0.43086E-02
161.00 0.43982E-02
161.50 0.44898E-02
162.00 0.45832E-02
162.50 0.46782E-02
163.00 0.47748E-02
163.50 0.48726E-02
164.00 0.49715E-02
164.50 0.50713E-02
165.00 0.51717E-02
165.50 0.52725E-02
166.00 0.53735E-02
166.50 0.54744E-02
167.00 0.55751E-02
167.50 0.56752E-02
168.00 0.57745E-02
168.50 0.58727E-02
169.00 0.59697E-02
169.50 0.60650E-02
170.00 0.61583E-02
170.50 0.62495E-02
171.00 0.63381E-02
171.50 0.64239E-02
172.00 0.65065E-02
172.50 0.65856E-02
173.00 0.66610E-02
173.50 0.67322E-02
174.00 0.67992E-02
174.50 0.68615E-02
175.00 0.69191E-02
175.50 0.69716E-02
176.00 0.70189E-02
176.50 0.70610E-02
177.00 0.70976E-02
177.50 0.71287E-02
178.00 0.71542E-02
178.50 0.71741E-02
179.00 0.71883E-02
179.50 0.71969E-02
180.00 0.71997E-02
