0.0000 0.51294
0.50000 0.51255
1.0000 0.51140
1.5000 0.50947
2.0000 0.50679
2.5000 0.50337
3.0000 0.49922
3.5000 0.49435
4.0000 0.48879
4.5000 0.48257
5.0000 0.47570
5.5000 0.46822
6.0000 0.46016
6.5000 0.45154
7.0000 0.44240
7.5000 0.43278
8.0000 0.42271
8.5000 0.41222
9.0000 0.40137
9.5000 0.39019
10.000 0.37871
10.500 0.36700
11.000 0.35508
11.500 0.34301
12.000 0.33083
12.500 0.31858
13.000 0.30630
13.500 0.29405
14.000 0.28186
14.500 0.26976
15.000 0.25781
15.500 0.24603
16.000 0.23446
16.500 0.22313
17.000 0.21207
17.500 0.20130
18.000 0.19084
18.500 0.18072
19.000 0.17095
19.500 0.16155
20.000 0.15253
20.500 0.14391
21.000 0.13568
21.500 0.12787
22.000 0.12047
22.500 0.11348
23.000 0.10690
23.500 0.10074
24.000 0.94988E-01
24.500 0.89637E-01
25.000 0.84679E-01
25.500 0.80105E-01
26.000 0.75903E-01
26.500 0.72061E-01
27.000 0.68563E-01
27.500 0.65394E-01
28.000 0.62538E-01
28.500 0.59976E-01
29.000 0.57692E-01
29.500 0.55664E-01
30.000 0.53876E-01
30.500 0.52307E-01
31.000 0.50937E-01
31.500 0.49748E-01
32.000 0.48720E-01
32.500 0.47834E-01
33.000 0.47072E-01
33.500 0.46415E-01
34.000 0.45846E-01
34.500 0.45348E-01
35.000 0.44905E-01
35.500 0.44502E-01
36.000 0.44126E-01
36.500 0.43763E-01
37.000 0.43403E-01
37.500 0.43035E-01
38.000 0.42652E-01
38.500 0.42244E-01
39.000 0.41808E-01
39.500 0.41339E-01
40.000 0.40834E-01
40.500 0.40292E-01
41.000 0.39711E-01
41.500 0.39094E-01
42.000 0.38441E-01
42.500 0.37755E-01
43.000 0.37040E-01
43.500 0.36299E-01
44.000 0.35537E-01
44.500 0.34757E-01
45.000 0.33965E-01
45.500 0.33165E-01
46.000 0.32362E-01
46.500 0.31561E-01
47.000 0.30765E-01
47.500 0.29979E-01
48.000 0.29208E-01
48.500 0.28453E-01
49.000 0.27719E-01
49.500 0.27008E-01
50.000 0.26323E-01
50.500 0.25665E-01
51.000 0.25036E-01
51.500 0.24436E-01
52.000 0.23867E-01
52.500 0.23328E-01
53.000 0.22819E-01
53.500 0.22339E-01
54.000 0.21886E-01
54.500 0.21460E-01
55.000 0.21059E-01
55.500 0.20680E-01
56.000 0.20321E-01
56.500 0.19980E-01
57.000 0.19655E-01
57.500 0.19344E-01
58.000 0.19044E-01
58.500 0.18752E-01
59.000 0.18468E-01
59.500 0.18189E-01
60.000 0.17913E-01
60.500 0.17639E-01
61.000 0.17366E-01
61.500 0.17093E-01
62.000 0.16818E-01
62.500 0.16541E-01
63.000 0.16262E-01
63.500 0.15980E-01
64.000 0.15694E-01
64.500 0.15405E-01
65.000 0.15112E-01
65.500 0.14817E-01
66.000 0.14518E-01
66.500 0.14216E-01
67.000 0.13912E-01
67.500 0.13606E-01
68.000 0.13298E-01
68.500 0.12990E-01
69.000 0.12681E-01
69.500 0.12373E-01
70.000 0.12066E-01
70.500 0.11761E-01
71.000 0.11459E-01
71.500 0.11161E-01
72.000 0.10867E-01
72.500 0.10578E-01
73.000 0.10294E-01
73.500 0.10017E-01
74.000 0.97461E-02
74.500 0.94825E-02
75.000 0.92262E-02
75.500 0.89775E-02
76.000 0.87366E-02
76.500 0.85034E-02
77.000 0.82780E-02
77.500 0.80604E-02
78.000 0.78504E-02
78.500 0.76480E-02
79.000 0.74528E-02
79.500 0.72649E-02
80.000 0.70838E-02
80.500 0.69095E-02
81.000 0.67417E-02
81.500 0.65801E-02
82.000 0.64246E-02
82.500 0.62749E-02
83.000 0.61307E-02
83.500 0.59917E-02
84.000 0.58578E-02
84.500 0.57285E-02
85.000 0.56036E-02
85.500 0.54828E-02
86.000 0.53658E-02
86.500 0.52523E-02
87.000 0.51420E-02
87.500 0.50347E-02
88.000 0.49301E-02
88.500 0.48280E-02
89.000 0.47282E-02
89.500 0.46305E-02
90.000 0.45349E-02
90.500 0.44411E-02
91.000 0.43492E-02
91.500 0.42591E-02
92.000 0.41708E-02
92.500 0.40843E-02
93.000 0.39995E-02
93.500 0.39166E-02
94.000 0.38356E-02
94.500 0.37565E-02
95.000 0.36792E-02
95.500 0.36040E-02
96.000 0.35307E-02
96.500 0.34595E-02
97.000 0.33903E-02
97.500 0.33232E-02
98.000 0.32582E-02
98.500 0.31953E-02
99.000 0.31345E-02
99.500 0.30758E-02
100.00 0.30193E-02
100.50 0.29650E-02
101.00 0.29129E-02
101.50 0.28629E-02
102.00 0.28152E-02
102.50 0.27697E-02
103.00 0.27263E-02
103.50 0.26852E-02
104.00 0.26462E-02
104.50 0.26094E-02
105.00 0.25746E-02
105.50 0.25419E-02
106.00 0.25112E-02
106.50 0.24824E-02
107.00 0.24554E-02
107.50 0.24301E-02
108.00 0.24064E-02
108.50 0.23843E-02
109.00 0.23636E-02
109.50 0.23441E-02
110.00 0.23258E-02
110.50 0.23086E-02
111.00 0.22923E-02
111.50 0.22768E-02
112.00 0.22621E-02
112.50 0.22480E-02
113.00 0.22345E-02
113.50 0.22214E-02
114.00 0.22087E-02
114.50 0.21963E-02
115.00 0.21842E-02
115.50 0.21722E-02
116.00 0.21605E-02
116.50 0.21489E-02
117.00 0.21374E-02
117.50 0.21260E-02
118.00 0.21146E-02
118.50 0.21034E-02
119.00 0.20922E-02
119.50 0.20810E-02
120.00 0.20700E-02
120.50 0.20590E-02
121.00 0.20482E-02
121.50 0.20375E-02
122.00 0.20269E-02
122.50 0.20167E-02
123.00 0.20067E-02
123.50 0.19970E-02
124.00 0.19878E-02
124.50 0.19790E-02
125.00 0.19708E-02
125.50 0.19633E-02
126.00 0.19565E-02
126.50 0.19505E-02
127.00 0.19455E-02
127.50 0.19414E-02
128.00 0.19383E-02
128.50 0.19363E-02
129.00 0.19356E-02
129.50 0.19360E-02
130.00 0.19377E-02
130.50 0.19407E-02
131.00 0.19450E-02
131.50 0.19506E-02
132.00 0.19576E-02
132.50 0.19659E-02
133.00 0.19755E-02
133.50 0.19865E-02
134.00 0.19988E-02
134.50 0.20124E-02
135.00 0.20272E-02
135.50 0.20433E-02
136.00 0.20607E-02
136.50 0.20792E-02
137.00 0.20989E-02
137.50 0.21198E-02
138.00 0.21417E-02
138.50 0.21646E-02
139.00 0.21886E-02
139.50 0.22135E-02
140.00 0.22393E-02
140.50 0.22659E-02
141.00 0.22934E-02
141.50 0.23216E-02
142.00 0.23505E-02
142.50 0.23802E-02
143.00 0.24105E-02
143.50 0.24415E-02
144.00 0.24731E-02
144.50 0.25055E-02
145.00 0.25385E-02
145.50 0.25723E-02
146.00 0.26069E-02
146.50 0.26423E-02
147.00 0.26787E-02
147.50 0.27160E-02
148.00 0.27544E-02
148.50 0.27939E-02
149.00 0.28347E-02
149.50 0.28768E-02
150.00 0.29202E-02
150.50 0.29652E-02
151.00 0.30118E-02
151.50 0.30600E-02
152.00 0.31100E-02
152.50 0.31618E-02
153.00 0.32155E-02
153.50 0.32713E-02
154.00 0.33291E-02
154.50 0.33892E-02
155.00 0.34515E-02
155.50 0.35161E-02
156.00 0.35832E-02
156.50 0.36527E-02
157.00 0.37248E-02
157.50 0.37994E-02
158.00 0.38766E-02
158.50 0.39564E-02
159.00 0.40388E-02
159.50 0.41237E-02
160.00 0.42110E-02
160.50 0.43006E-02
161.00 0.43924E-02
161.50 0.44863E-02
162.00 0.45821E-02
162.50 0.46796E-02
163.00 0.47787E-02
163.50 0.48790E-02
164.00 0.49805E-02
164.50 0.50829E-02
165.00 0.51859E-02
165.50 0.52893E-02
166.00 0.53930E-02
166.50 0.54967E-02
167.00 0.56001E-02
167.50 0.57029E-02
168.00 0.58050E-02
168.50 0.59061E-02
169.00 0.60059E-02
169.50 0.61040E-02
170.00 0.62002E-02
170.50 0.62942E-02
171.00 0.63856E-02
171.50 0.64740E-02
172.00 0.65592E-02
172.50 0.66407E-02
173.00 0.67184E-02
173.50 0.67918E-02
174.00 0.68606E-02
174.50 0.69247E-02
175.00 0.69837E-02
175.50 0.70376E-02
176.00 0.70861E-02
176.50 0.71291E-02
177.00 0.71664E-02
177.50 0.71981E-02
178.00 0.72241E-02
178.50 0.72444E-02
179.00 0.72588E-02
179.50 0.72675E-02
180.00 0.72704E-02
