0.0000 0.70640
0.50000 0.70595
1.0000 0.70461
1.5000 0.70238
2.0000 0.69927
2.5000 0.69530
3.0000 0.69048
3.5000 0.68484
4.0000 0.67841
4.5000 0.67120
5.0000 0.66325
5.5000 0.65458
6.0000 0.64522
6.5000 0.63522
7.0000 0.62459
7.5000 0.61338
8.0000 0.60161
8.5000 0.58934
9.0000 0.57659
9.5000 0.56341
10.000 0.54985
10.500 0.53594
11.000 0.52174
11.500 0.50729
12.000 0.49264
12.500 0.47785
13.000 0.46296
13.500 0.44801
14.000 0.43306
14.500 0.41815
15.000 0.40333
15.500 0.38862
16.000 0.37408
16.500 0.35973
17.000 0.34561
17.500 0.33174
18.000 0.31815
18.500 0.30486
19.000 0.29190
19.500 0.27929
20.000 0.26705
20.500 0.25519
21.000 0.24372
21.500 0.23266
22.000 0.22202
22.500 0.21182
23.000 0.20204
23.500 0.19270
24.000 0.18381
24.500 0.17535
25.000 0.16732
25.500 0.15972
26.000 0.15254
26.500 0.14578
27.000 0.13940
27.500 0.13342
28.000 0.12780
28.500 0.12255
29.000 0.11763
29.500 0.11303
30.000 0.10875
30.500 0.10475
31.000 0.10103
31.500 0.97567E-01
32.000 0.94346E-01
32.500 0.91348E-01
33.000 0.88557E-01
33.500 0.85956E-01
34.000 0.83527E-01
34.500 0.81255E-01
35.000 0.79123E-01
35.500 0.77115E-01
36.000 0.75216E-01
36.500 0.73412E-01
37.000 0.71690E-01
37.500 0.70039E-01
38.000 0.68448E-01
38.500 0.66908E-01
39.000 0.65412E-01
39.500 0.63955E-01
40.000 0.62531E-01
40.500 0.61138E-01
41.000 0.59773E-01
41.500 0.58435E-01
42.000 0.57124E-01
42.500 0.55841E-01
43.000 0.54584E-01
43.500 0.53357E-01
44.000 0.52159E-01
44.500 0.50992E-01
45.000 0.49857E-01
45.500 0.48755E-01
46.000 0.47688E-01
46.500 0.46656E-01
47.000 0.45661E-01
47.500 0.44703E-01
48.000 0.43783E-01
48.500 0.42902E-01
49.000 0.42060E-01
49.500 0.41258E-01
50.000 0.40495E-01
50.500 0.39772E-01
51.000 0.39088E-01
51.500 0.38443E-01
52.000 0.37834E-01
52.500 0.37260E-01
53.000 0.36720E-01
53.500 0.36211E-01
54.000 0.35731E-01
54.500 0.35276E-01
55.000 0.34843E-01
55.500 0.34430E-01
56.000 0.34033E-01
56.500 0.33650E-01
57.000 0.33276E-01
57.500 0.32910E-01
58.000 0.32549E-01
58.500 0.32190E-01
59.000 0.31832E-01
59.500 0.31473E-01
60.000 0.31112E-01
60.500 0.30746E-01
61.000 0.30377E-01
61.500 0.30002E-01
62.000 0.29622E-01
62.500 0.29237E-01
63.000 0.28846E-01
63.500 0.28450E-01
64.000 0.28048E-01
64.500 0.27642E-01
65.000 0.27232E-01
65.500 0.26817E-01
66.000 0.26400E-01
66.500 0.25979E-01
67.000 0.25557E-01
67.500 0.25133E-01
68.000 0.24708E-01
68.500 0.24284E-01
69.000 0.23861E-01
69.500 0.23439E-01
70.000 0.23020E-01
70.500 0.22605E-01
71.000 0.22194E-01
71.500 0.21788E-01
72.000 0.21388E-01
72.500 0.20995E-01
73.000 0.20610E-01
73.500 0.20233E-01
74.000 0.19864E-01
74.500 0.19505E-01
75.000 0.19155E-01
75.500 0.18814E-01
76.000 0.18482E-01
76.500 0.18160E-01
77.000 0.17846E-01
77.500 0.17541E-01
78.000 0.17244E-01
78.500 0.16954E-01
79.000 0.16670E-01
79.500 0.16393E-01
80.000 0.16121E-01
80.500 0.15854E-01
81.000 0.15591E-01
81.500 0.15333E-01
82.000 0.15078E-01
82.500 0.14827E-01
83.000 0.14579E-01
83.500 0.14334E-01
84.000 0.14092E-01
84.500 0.13853E-01
85.000 0.13616E-01
85.500 0.13382E-01
86.000 0.13151E-01
86.500 0.12922E-01
87.000 0.12694E-01
87.500 0.12468E-01
88.000 0.12244E-01
88.500 0.12020E-01
89.000 0.11797E-01
89.500 0.11574E-01
90.000 0.11351E-01
90.500 0.11129E-01
91.000 0.10907E-01
91.500 0.10685E-01
92.000 0.10463E-01
92.500 0.10243E-01
93.000 0.10024E-01
93.500 0.98064E-02
94.000 0.95914E-02
94.500 0.93792E-02
95.000 0.91702E-02
95.500 0.89649E-02
96.000 0.87637E-02
96.500 0.85669E-02
97.000 0.83746E-02
97.500 0.81871E-02
98.000 0.80043E-02
98.500 0.78264E-02
99.000 0.76532E-02
99.500 0.74849E-02
100.00 0.73212E-02
100.50 0.71623E-02
101.00 0.70081E-02
101.50 0.68586E-02
102.00 0.67140E-02
102.50 0.65743E-02
103.00 0.64397E-02
103.50 0.63102E-02
104.00 0.61862E-02
104.50 0.60677E-02
105.00 0.59548E-02
105.50 0.58476E-02
106.00 0.57462E-02
106.50 0.56505E-02
107.00 0.55604E-02
107.50 0.54758E-02
108.00 0.53965E-02
108.50 0.53222E-02
109.00 0.52526E-02
109.50 0.51875E-02
110.00 0.51264E-02
110.50 0.50692E-02
111.00 0.50154E-02
111.50 0.49647E-02
112.00 0.49170E-02
112.50 0.48720E-02
113.00 0.48296E-02
113.50 0.47895E-02
114.00 0.47517E-02
114.50 0.47162E-02
115.00 0.46828E-02
115.50 0.46517E-02
116.00 0.46227E-02
116.50 0.45959E-02
117.00 0.45714E-02
117.50 0.45491E-02
118.00 0.45290E-02
118.50 0.45112E-02
119.00 0.44955E-02
119.50 0.44820E-02
120.00 0.44705E-02
120.50 0.44611E-02
121.00 0.44537E-02
121.50 0.44482E-02
122.00 0.44445E-02
122.50 0.44427E-02
123.00 0.44428E-02
123.50 0.44448E-02
124.00 0.44487E-02
124.50 0.44546E-02
125.00 0.44628E-02
125.50 0.44733E-02
126.00 0.44864E-02
126.50 0.45021E-02
127.00 0.45208E-02
127.50 0.45425E-02
128.00 0.45675E-02
128.50 0.45959E-02
129.00 0.46278E-02
129.50 0.46632E-02
130.00 0.47022E-02
130.50 0.47448E-02
131.00 0.47908E-02
131.50 0.48403E-02
132.00 0.48931E-02
132.50 0.49491E-02
133.00 0.50081E-02
133.50 0.50701E-02
134.00 0.51349E-02
134.50 0.52024E-02
135.00 0.52725E-02
135.50 0.53453E-02
136.00 0.54206E-02
136.50 0.54983E-02
137.00 0.55785E-02
137.50 0.56612E-02
138.00 0.57463E-02
138.50 0.58337E-02
139.00 0.59234E-02
139.50 0.60154E-02
140.00 0.61094E-02
140.50 0.62056E-02
141.00 0.63036E-02
141.50 0.64035E-02
142.00 0.65050E-02
142.50 0.66081E-02
143.00 0.67127E-02
143.50 0.68187E-02
144.00 0.69260E-02
144.50 0.70345E-02
145.00 0.71443E-02
145.50 0.72555E-02
146.00 0.73679E-02
146.50 0.74818E-02
147.00 0.75972E-02
147.50 0.77141E-02
148.00 0.78328E-02
148.50 0.79534E-02
149.00 0.80759E-02
149.50 0.82007E-02
150.00 0.83278E-02
150.50 0.84574E-02
151.00 0.85897E-02
151.50 0.87249E-02
152.00 0.88631E-02
152.50 0.90046E-02
153.00 0.91496E-02
153.50 0.92981E-02
154.00 0.94502E-02
154.50 0.96062E-02
155.00 0.97660E-02
155.50 0.99297E-02
156.00 0.10097E-01
156.50 0.10269E-01
157.00 0.10444E-01
157.50 0.10623E-01
158.00 0.10806E-01
158.50 0.10992E-01
159.00 0.11182E-01
159.50 0.11375E-01
160.00 0.11572E-01
160.50 0.11771E-01
161.00 0.11974E-01
161.50 0.12180E-01
162.00 0.12388E-01
162.50 0.12600E-01
163.00 0.12814E-01
163.50 0.13030E-01
164.00 0.13248E-01
164.50 0.13468E-01
165.00 0.13689E-01
165.50 0.13911E-01
166.00 0.14132E-01
166.50 0.14353E-01
167.00 0.14572E-01
167.50 0.14789E-01
168.00 0.15003E-01
168.50 0.15213E-01
169.00 0.15419E-01
169.50 0.15620E-01
170.00 0.15815E-01
170.50 0.16004E-01
171.00 0.16187E-01
171.50 0.16363E-01
172.00 0.16533E-01
172.50 0.16695E-01
173.00 0.16850E-01
173.50 0.16997E-01
174.00 0.17137E-01
174.50 0.17269E-01
175.00 0.17393E-01
175.50 0.17507E-01
176.00 0.17612E-01
176.50 0.17707E-01
177.00 0.17792E-01
177.50 0.17865E-01
178.00 0.17925E-01
178.50 0.17973E-01
179.00 0.18008E-01
179.50 0.18029E-01
180.00 0.18036E-01
