0.0000 0.25794
0.50000 0.25785
1.0000 0.25760
1.5000 0.25719
2.0000 0.25662
2.5000 0.25589
3.0000 0.25501
3.5000 0.25398
4.0000 0.25281
4.5000 0.25149
5.0000 0.25004
5.5000 0.24846
6.0000 0.24674
6.5000 0.24489
7.0000 0.24290
7.5000 0.24079
8.0000 0.23853
8.5000 0.23614
9.0000 0.23362
9.5000 0.23096
10.000 0.22817
10.500 0.22525
11.000 0.22221
11.500 0.21904
12.000 0.21576
12.500 0.21237
13.000 0.20888
13.500 0.20529
14.000 0.20162
14.500 0.19786
15.000 0.19403
15.500 0.19014
16.000 0.18617
16.500 0.18215
17.000 0.17807
17.500 0.17395
18.000 0.16977
18.500 0.16556
19.000 0.16131
19.500 0.15704
20.000 0.15274
20.500 0.14842
21.000 0.14410
21.500 0.13978
22.000 0.13547
22.500 0.13118
23.000 0.12692
23.500 0.12268
24.000 0.11849
24.500 0.11435
25.000 0.11026
25.500 0.10622
26.000 0.10225
26.500 0.98352E-01
27.000 0.94521E-01
27.500 0.90764E-01
28.000 0.87085E-01
28.500 0.83488E-01
29.000 0.79976E-01
29.500 0.76553E-01
30.000 0.73222E-01
30.500 0.69987E-01
31.000 0.66852E-01
31.500 0.63820E-01
32.000 0.60893E-01
32.500 0.58076E-01
33.000 0.55368E-01
33.500 0.52773E-01
34.000 0.50290E-01
34.500 0.47921E-01
35.000 0.45664E-01
35.500 0.43519E-01
36.000 0.41484E-01
36.500 0.39557E-01
37.000 0.37737E-01
37.500 0.36022E-01
38.000 0.34409E-01
38.500 0.32896E-01
39.000 0.31481E-01
39.500 0.30162E-01
40.000 0.28936E-01
40.500 0.27801E-01
41.000 0.26754E-01
41.500 0.25793E-01
42.000 0.24914E-01
42.500 0.24116E-01
43.000 0.23393E-01
43.500 0.22743E-01
44.000 0.22161E-01
44.500 0.21643E-01
45.000 0.21184E-01
45.500 0.20780E-01
46.000 0.20427E-01
46.500 0.20119E-01
47.000 0.19852E-01
47.500 0.19623E-01
48.000 0.19426E-01
48.500 0.19258E-01
49.000 0.19116E-01
49.500 0.18996E-01
50.000 0.18896E-01
50.500 0.18811E-01
51.000 0.18741E-01
51.500 0.18682E-01
52.000 0.18631E-01
52.500 0.18588E-01
53.000 0.18548E-01
53.500 0.18512E-01
54.000 0.18476E-01
54.500 0.18439E-01
55.000 0.18399E-01
55.500 0.18355E-01
56.000 0.18306E-01
56.500 0.18250E-01
57.000 0.18187E-01
57.500 0.18115E-01
58.000 0.18036E-01
58.500 0.17948E-01
59.000 0.17851E-01
59.500 0.17747E-01
60.000 0.17634E-01
60.500 0.17514E-01
61.000 0.17387E-01
61.500 0.17254E-01
62.000 0.17115E-01
62.500 0.16972E-01
63.000 0.16824E-01
63.500 0.16673E-01
64.000 0.16519E-01
64.500 0.16363E-01
65.000 0.16206E-01
65.500 0.16048E-01
66.000 0.15889E-01
66.500 0.15730E-01
67.000 0.15572E-01
67.500 0.15415E-01
68.000 0.15258E-01
68.500 0.15103E-01
69.000 0.14949E-01
69.500 0.14797E-01
70.000 0.14647E-01
70.500 0.14499E-01
71.000 0.14353E-01
71.500 0.14209E-01
72.000 0.14068E-01
72.500 0.13929E-01
73.000 0.13793E-01
73.500 0.13659E-01
74.000 0.13528E-01
74.500 0.13399E-01
75.000 0.13273E-01
75.500 0.13149E-01
76.000 0.13027E-01
76.500 0.12907E-01
77.000 0.12787E-01
77.500 0.12669E-01
78.000 0.12550E-01
78.500 0.12432E-01
79.000 0.12312E-01
79.500 0.12191E-01
80.000 0.12068E-01
80.500 0.11943E-01
81.000 0.11816E-01
81.500 0.11686E-01
82.000 0.11552E-01
82.500 0.11416E-01
83.000 0.11277E-01
83.500 0.11136E-01
84.000 0.10991E-01
84.500 0.10844E-01
85.000 0.10695E-01
85.500 0.10544E-01
86.000 0.10390E-01
86.500 0.10235E-01
87.000 0.10077E-01
87.500 0.99175E-02
88.000 0.97557E-02
88.500 0.95918E-02
89.000 0.94256E-02
89.500 0.92572E-02
90.000 0.90866E-02
90.500 0.89138E-02
91.000 0.87391E-02
91.500 0.85627E-02
92.000 0.83850E-02
92.500 0.82064E-02
93.000 0.80273E-02
93.500 0.78483E-02
94.000 0.76699E-02
94.500 0.74926E-02
95.000 0.73171E-02
95.500 0.71437E-02
96.000 0.69729E-02
96.500 0.68050E-02
97.000 0.66403E-02
97.500 0.64789E-02
98.000 0.63210E-02
98.500 0.61666E-02
99.000 0.60157E-02
99.500 0.58684E-02
100.00 0.57247E-02
100.50 0.55845E-02
101.00 0.54479E-02
101.50 0.53149E-02
102.00 0.51857E-02
102.50 0.50603E-02
103.00 0.49390E-02
103.50 0.48219E-02
104.00 0.47091E-02
104.50 0.46010E-02
105.00 0.44976E-02
105.50 0.43990E-02
106.00 0.43053E-02
106.50 0.42166E-02
107.00 0.41329E-02
107.50 0.40539E-02
108.00 0.39797E-02
108.50 0.39101E-02
109.00 0.38448E-02
109.50 0.37836E-02
110.00 0.37263E-02
110.50 0.36727E-02
111.00 0.36225E-02
111.50 0.35755E-02
112.00 0.35315E-02
112.50 0.34905E-02
113.00 0.34523E-02
113.50 0.34168E-02
114.00 0.33840E-02
114.50 0.33539E-02
115.00 0.33264E-02
115.50 0.33016E-02
116.00 0.32796E-02
116.50 0.32602E-02
117.00 0.32436E-02
117.50 0.32298E-02
118.00 0.32187E-02
118.50 0.32103E-02
119.00 0.32046E-02
119.50 0.32014E-02
120.00 0.32009E-02
120.50 0.32027E-02
121.00 0.32070E-02
121.50 0.32136E-02
122.00 0.32224E-02
122.50 0.32335E-02
123.00 0.32467E-02
123.50 0.32621E-02
124.00 0.32797E-02
124.50 0.32995E-02
125.00 0.33217E-02
125.50 0.33463E-02
126.00 0.33733E-02
126.50 0.34030E-02
127.00 0.34353E-02
127.50 0.34705E-02
128.00 0.35085E-02
128.50 0.35494E-02
129.00 0.35933E-02
129.50 0.36402E-02
130.00 0.36899E-02
130.50 0.37426E-02
131.00 0.37981E-02
131.50 0.38562E-02
132.00 0.39170E-02
132.50 0.39802E-02
133.00 0.40458E-02
133.50 0.41137E-02
134.00 0.41837E-02
134.50 0.42558E-02
135.00 0.43299E-02
135.50 0.44059E-02
136.00 0.44837E-02
136.50 0.45635E-02
137.00 0.46450E-02
137.50 0.47283E-02
138.00 0.48134E-02
138.50 0.49002E-02
139.00 0.49887E-02
139.50 0.50787E-02
140.00 0.51704E-02
140.50 0.52634E-02
141.00 0.53579E-02
141.50 0.54537E-02
142.00 0.55507E-02
142.50 0.56488E-02
143.00 0.57480E-02
143.50 0.58482E-02
144.00 0.59492E-02
144.50 0.60512E-02
145.00 0.61540E-02
145.50 0.62576E-02
146.00 0.63620E-02
146.50 0.64672E-02
147.00 0.65732E-02
147.50 0.66800E-02
148.00 0.67877E-02
148.50 0.68963E-02
149.00 0.70058E-02
149.50 0.71165E-02
150.00 0.72283E-02
150.50 0.73414E-02
151.00 0.74559E-02
151.50 0.75719E-02
152.00 0.76896E-02
152.50 0.78091E-02
153.00 0.79304E-02
153.50 0.80536E-02
154.00 0.81789E-02
154.50 0.83062E-02
155.00 0.84355E-02
155.50 0.85668E-02
156.00 0.86999E-02
156.50 0.88349E-02
157.00 0.89715E-02
157.50 0.91097E-02
158.00 0.92492E-02
158.50 0.93901E-02
159.00 0.95322E-02
159.50 0.96755E-02
160.00 0.98200E-02
160.50 0.99656E-02
161.00 0.10112E-01
161.50 0.10260E-01
162.00 0.10410E-01
162.50 0.10560E-01
163.00 0.10712E-01
163.50 0.10865E-01
164.00 0.11020E-01
164.50 0.11174E-01
165.00 0.11330E-01
165.50 0.11485E-01
166.00 0.11640E-01
166.50 0.11793E-01
167.00 0.11945E-01
167.50 0.12095E-01
168.00 0.12242E-01
168.50 0.12385E-01
169.00 0.12524E-01
169.50 0.12659E-01
170.00 0.12790E-01
170.50 0.12915E-01
171.00 0.13036E-01
171.50 0.13152E-01
172.00 0.13264E-01
172.50 0.13371E-01
173.00 0.13473E-01
173.50 0.13571E-01
174.00 0.13665E-01
174.50 0.13754E-01
175.00 0.13838E-01
175.50 0.13918E-01
176.00 0.13991E-01
176.50 0.14058E-01
177.00 0.14119E-01
177.50 0.14172E-01
178.00 0.14216E-01
178.50 0.14251E-01
179.00 0.14277E-01
179.50 0.14293E-01
180.00 0.14298E-01
