# 101  0.2000   16.0000 = NLN,RINTP,ELAB
   0.000    0.000000    0.000000
   0.200    0.000000    0.000000
   0.400    0.000000    0.000000
   0.600    0.000000    0.000000
   0.800    1.799017   -2.558157
   1.000    2.574907   -2.918977
   1.200    2.582435   -2.783191
   1.400    2.320670   -2.201518
   1.600    2.337768   -1.398508
   1.800    2.720863   -0.705592
   2.000    3.330069   -0.383680
   2.200    4.080970   -0.595468
   2.400    5.240030   -1.417377
   2.600    6.591647   -2.600679
   2.800    7.937708   -3.587068
   3.000    8.764775   -3.880172
   3.200    8.748057   -3.370594
   3.400    8.047175   -2.372121
   3.600    6.785264   -1.309411
   3.800    5.412494   -0.464848
   4.000    4.090657   -0.000985
   4.200    3.030823    0.154367
   4.400    2.240772    0.101543
   4.600    1.667068   -0.060499
   4.800    1.202798   -0.250891
   5.000    0.937634   -0.354802
   5.200    0.680669   -0.461490
   5.400    0.525737   -0.468821
   5.600    0.391146   -0.478282
   5.800    0.299295   -0.431118
   6.000    0.228873   -0.399328
   6.200    0.173613   -0.337070
   6.400    0.141883   -0.310969
   6.600    0.102163   -0.247578
   6.800    0.090278   -0.222474
   7.000    0.076841   -0.194940
   7.200    0.051318   -0.156572
   7.400    0.059921   -0.143507
   7.600    0.050318   -0.124684
   7.800    0.052091   -0.110589
   8.000    0.037469   -0.110906
   8.200    0.041535   -0.071769
   8.400    0.053714   -0.056768
   8.600    0.049843   -0.091724
   8.800    0.045106   -0.045077
   9.000    0.069938   -0.010071
   9.200    0.045637   -0.086303
   9.400    0.052472   -0.008550
   9.600    0.052796    0.007716
   9.800    0.046767   -0.076955
  10.000    0.035417    0.001822
  10.200    0.034843    0.018014
  10.400    0.036544   -0.062003
  10.600    0.021399    0.001044
  10.800    0.020880    0.016410
  11.000    0.027296   -0.044324
  11.200    0.013171    0.004382
  11.400    0.016551    0.018108
  11.600    0.019394   -0.032447
  11.800    0.011404    0.022824
  12.000    0.018752   -0.015174
  12.200    0.010591    0.010245
  12.400    0.018491   -0.001462
  12.600    0.011227   -0.001197
  12.800    0.011323    0.000900
  13.000    0.016681    0.003771
  13.200    0.008524   -0.003884
  13.400    0.006689   -0.003171
  13.600    0.012361    0.002157
  13.800    0.004999   -0.002829
  14.000    0.003562   -0.002127
  14.200    0.007826    0.001042
  14.400    0.001238   -0.001909
  14.600    0.005154    0.001153
  14.800    0.001362   -0.000399
  15.000    0.002754    0.001078
  15.200    0.001682    0.001114
  15.400    0.001367    0.001380
  15.600    0.001164    0.001738
  15.800    0.001107    0.001852
  16.000    0.000895    0.001841
  16.200    0.000916    0.001561
  16.400    0.000701    0.001610
  16.600    0.000789    0.001110
  16.800    0.000452    0.001111
  17.000    0.000697    0.000745
  17.200    0.000243    0.000637
  17.400    0.000499    0.000454
  17.600    0.000245    0.000316
  17.800    0.000128    0.000206
  18.000    0.000254    0.000199
  18.200    0.000087    0.000086
  18.400    0.000031    0.000047
  18.600   -0.000019    0.000059
  18.800   -0.000056    0.000034
  19.000   -0.000138   -0.000016
  19.200    0.000000    0.000000
  19.400    0.000000    0.000000
  19.600    0.000000    0.000000
  19.800    0.000000    0.000000
  20.000    0.000000    0.000000
 END
