    2    1    1    0  0.5  -1.85700 F T F : KN,in-set,total-set,l,j,E
         201  0.100000001       0.00000000     F  : N,H,R0,cmp
 -0.0000E+00  5.5332E-02  1.0947E-01  1.6125E-01  2.0957E-01  2.5340E-01
  2.9183E-01  3.2406E-01  3.4943E-01  3.6746E-01  3.7780E-01  3.8029E-01
  3.7496E-01  3.6196E-01  3.4166E-01  3.1453E-01  2.8122E-01  2.4244E-01
  1.9905E-01  1.5194E-01  1.0205E-01  5.0335E-02 -2.2507E-03 -5.4804E-02
 -1.0648E-01 -1.5650E-01 -2.0421E-01 -2.4904E-01 -2.9054E-01 -3.2838E-01
 -3.6235E-01 -3.9233E-01 -4.1831E-01 -4.4036E-01 -4.5863E-01 -4.7331E-01
 -4.8465E-01 -4.9291E-01 -4.9837E-01 -5.0133E-01 -5.0207E-01 -5.0086E-01
 -4.9796E-01 -4.9362E-01 -4.8806E-01 -4.8147E-01 -4.7404E-01 -4.6593E-01
 -4.5727E-01 -4.4819E-01 -4.3880E-01 -4.2917E-01 -4.1940E-01 -4.0955E-01
 -3.9967E-01 -3.8981E-01 -3.8000E-01 -3.7029E-01 -3.6069E-01 -3.5123E-01
 -3.4192E-01 -3.3277E-01 -3.2381E-01 -3.1503E-01 -3.0643E-01 -2.9803E-01
 -2.8983E-01 -2.8183E-01 -2.7402E-01 -2.6640E-01 -2.5898E-01 -2.5176E-01
 -2.4472E-01 -2.3787E-01 -2.3120E-01 -2.2471E-01 -2.1840E-01 -2.1226E-01
 -2.0628E-01 -2.0048E-01 -1.9483E-01 -1.8934E-01 -1.8400E-01 -1.7881E-01
 -1.7376E-01 -1.6886E-01 -1.6409E-01 -1.5946E-01 -1.5495E-01 -1.5058E-01
 -1.4632E-01 -1.4219E-01 -1.3817E-01 -1.3427E-01 -1.3047E-01 -1.2679E-01
 -1.2320E-01 -1.1972E-01 -1.1634E-01 -1.1305E-01 -1.0985E-01 -1.0675E-01
 -1.0373E-01 -1.0080E-01 -9.7946E-02 -9.5177E-02 -9.2486E-02 -8.9871E-02
 -8.7330E-02 -8.4861E-02 -8.2462E-02 -8.0131E-02 -7.7865E-02 -7.5664E-02
 -7.3524E-02 -7.1446E-02 -6.9426E-02 -6.7463E-02 -6.5555E-02 -6.3702E-02
 -6.1901E-02 -6.0150E-02 -5.8450E-02 -5.6797E-02 -5.5191E-02 -5.3631E-02
 -5.2114E-02 -5.0641E-02 -4.9209E-02 -4.7818E-02 -4.6466E-02 -4.5152E-02
 -4.3875E-02 -4.2635E-02 -4.1429E-02 -4.0258E-02 -3.9120E-02 -3.8014E-02
 -3.6939E-02 -3.5894E-02 -3.4880E-02 -3.3893E-02 -3.2935E-02 -3.2004E-02
 -3.1099E-02 -3.0220E-02 -2.9365E-02 -2.8535E-02 -2.7728E-02 -2.6944E-02
 -2.6182E-02 -2.5442E-02 -2.4723E-02 -2.4024E-02 -2.3344E-02 -2.2684E-02
 -2.2043E-02 -2.1420E-02 -2.0814E-02 -2.0226E-02 -1.9654E-02 -1.9098E-02
 -1.8558E-02 -1.8033E-02 -1.7523E-02 -1.7028E-02 -1.6547E-02 -1.6079E-02
 -1.5624E-02 -1.5182E-02 -1.4753E-02 -1.4336E-02 -1.3931E-02 -1.3537E-02
 -1.3154E-02 -1.2782E-02 -1.2421E-02 -1.2069E-02 -1.1728E-02 -1.1397E-02
 -1.1074E-02 -1.0761E-02 -1.0457E-02 -1.0161E-02 -9.8740E-03 -9.5949E-03
 -9.3236E-03 -9.0600E-03 -8.8038E-03 -8.5549E-03 -8.3130E-03 -8.0779E-03
 -7.8496E-03 -7.6276E-03 -7.4119E-03 -7.2024E-03 -6.9987E-03 -6.8009E-03
 -6.6086E-03 -6.4217E-03 -6.2401E-03
    3    1    1    2  2.5  -6.29590 F T F : KN,in-set,total-set,l,j,E
         201  0.100000001       0.00000000     F  : N,H,R0,cmp
  0.0000E+00  1.2242E-04  1.0048E-03  3.3602E-03  7.8640E-03  1.5114E-02
  2.5612E-02  3.9743E-02  5.7767E-02  7.9803E-02  1.0583E-01  1.3568E-01
  1.6904E-01  2.0547E-01  2.4443E-01  2.8525E-01  3.2720E-01  3.6950E-01
  4.1135E-01  4.5192E-01  4.9045E-01  5.2620E-01  5.5853E-01  5.8691E-01
  6.1090E-01  6.3020E-01  6.4464E-01  6.5418E-01  6.5892E-01  6.5903E-01
  6.5483E-01  6.4668E-01  6.3501E-01  6.2028E-01  6.0298E-01  5.8358E-01
  5.6255E-01  5.4032E-01  5.1729E-01  4.9381E-01  4.7020E-01  4.4670E-01
  4.2354E-01  4.0090E-01  3.7891E-01  3.5767E-01  3.3726E-01  3.1773E-01
  2.9910E-01  2.8139E-01  2.6460E-01  2.4871E-01  2.3370E-01  2.1955E-01
  2.0622E-01  1.9368E-01  1.8189E-01  1.7081E-01  1.6042E-01  1.5066E-01
  1.4151E-01  1.3292E-01  1.2487E-01  1.1732E-01  1.1025E-01  1.0361E-01
  9.7389E-02  9.1555E-02  8.6084E-02  8.0953E-02  7.6141E-02  7.1626E-02
  6.7389E-02  6.3413E-02  5.9682E-02  5.6178E-02  5.2889E-02  4.9799E-02
  4.6898E-02  4.4171E-02  4.1609E-02  3.9201E-02  3.6938E-02  3.4810E-02
  3.2809E-02  3.0926E-02  2.9156E-02  2.7490E-02  2.5922E-02  2.4447E-02
  2.3058E-02  2.1750E-02  2.0519E-02  1.9359E-02  1.8267E-02  1.7238E-02
  1.6269E-02  1.5355E-02  1.4494E-02  1.3683E-02  1.2918E-02  1.2197E-02
  1.1517E-02  1.0876E-02  1.0271E-02  9.7011E-03  9.1631E-03  8.6556E-03
  8.1768E-03  7.7249E-03  7.2986E-03  6.8962E-03  6.5164E-03  6.1579E-03
  5.8195E-03  5.5000E-03  5.1984E-03  4.9136E-03  4.6446E-03  4.3906E-03
  4.1507E-03  3.9241E-03  3.7101E-03  3.5079E-03  3.3169E-03  3.1364E-03
  2.9659E-03  2.8048E-03  2.6525E-03  2.5087E-03  2.3727E-03  2.2442E-03
  2.1227E-03  2.0079E-03  1.8994E-03  1.7968E-03  1.6998E-03  1.6081E-03
  1.5214E-03  1.4394E-03  1.3619E-03  1.2886E-03  1.2193E-03  1.1538E-03
  1.0918E-03  1.0332E-03  9.7774E-04  9.2530E-04  8.7570E-04  8.2878E-04
  7.8439E-04  7.4240E-04  7.0268E-04  6.6511E-04  6.2955E-04  5.9592E-04
  5.6409E-04  5.3398E-04  5.0549E-04  4.7853E-04  4.5302E-04  4.2887E-04
  4.0603E-04  3.8441E-04  3.6395E-04  3.4458E-04  3.2625E-04  3.0891E-04
  2.9249E-04  2.7695E-04  2.6224E-04  2.4832E-04  2.3514E-04  2.2266E-04
  2.1085E-04  1.9967E-04  1.8909E-04  1.7907E-04  1.6958E-04  1.6060E-04
  1.5210E-04  1.4405E-04  1.3643E-04  1.2921E-04  1.2238E-04  1.1591E-04
  1.0979E-04  1.0398E-04  9.8492E-05  9.3291E-05  8.8366E-05  8.3702E-05
  7.9285E-05  7.5102E-05  7.1141E-05  6.7390E-05  6.3837E-05  6.0473E-05
  5.7287E-05  5.4269E-05  5.1410E-05
