   19.900   0.879034       0.867046E-02   0.986361E-02
   19.900   0.231294E-01   0.408397E-03   0.176571E-01
# For Channel #  2: l = 0, j =  0.5, c#  1
    0.900   0.475679       0.367458       0.772491    
    1.000   0.503295       0.377798       0.750650    
    1.100   0.521360       0.380294       0.729426    
    1.200   0.528999       0.374955       0.708802    
    1.300   0.525528       0.361963       0.688761    
    1.400   0.510482       0.341659       0.669287    
    1.500   0.483629       0.314535       0.650363    
    1.600   0.444979       0.281216       0.631975    
    1.700   0.394790       0.242443       0.614106    
    1.800   0.333560       0.199049       0.596743    
    1.900   0.262017       0.151936       0.579870    
    2.000   0.181100       0.102046       0.563475    
    2.100   0.919287E-01   0.503350E-01   0.547543    
    2.200  -0.423011E-02  -0.225068E-02   0.532062    
    2.300  -0.105999      -0.548036E-01   0.517018    
    2.400  -0.211936      -0.106477       0.502400    
    2.500  -0.320574      -0.156503       0.488195    
    2.600  -0.430470      -0.204211       0.474392    
    2.700  -0.540242      -0.249040       0.460979    
    2.800  -0.648608      -0.290540       0.447945    
    2.900  -0.754416      -0.328382       0.435280    
    3.000  -0.856668      -0.362347       0.422972    
    3.100  -0.954533      -0.392325       0.411013    
    3.200   -1.04735      -0.418305       0.399392    
    3.300   -1.13465      -0.440358       0.388100    
    3.400   -1.21611      -0.458627       0.377126    
    3.500   -1.29156      -0.473310       0.366463    
    3.600   -1.36098      -0.484648       0.356102    
    3.700   -1.42445      -0.492907       0.346033    
    3.800   -1.48215      -0.498372       0.336250    
    3.900   -1.53433      -0.501330       0.326742    
    4.000   -1.58129      -0.502067       0.317504    
    4.100   -1.62338      -0.500857       0.308527    
    4.200   -1.66096      -0.497961       0.299804    
    4.300   -1.69439      -0.493621       0.291327    
    4.400   -1.72404      -0.488057       0.283090    
    4.500   -1.75026      -0.481471       0.275086    
    4.600   -1.77339      -0.474042       0.267308    
    4.700   -1.79376      -0.465928       0.259750    
    4.800   -1.81165      -0.457271       0.252406    
    4.900   -1.82735      -0.448192       0.245269    
    5.000   -1.84110      -0.438796       0.238334    
    5.100   -1.85312      -0.429174       0.231596    
    5.200   -1.86363      -0.419404       0.225047    
    5.300   -1.87279      -0.409551       0.218684    
    5.400   -1.88079      -0.399670       0.212501    
    5.500   -1.88776      -0.389809       0.206493    
    5.600   -1.89383      -0.380005       0.200655    
    5.700   -1.89911      -0.370290       0.194981    
    5.800   -1.90370      -0.360690       0.189468    
    5.900   -1.90769      -0.351227       0.184111    
    6.000   -1.91116      -0.341917       0.178906    
    6.100   -1.91418      -0.332774       0.173847    
    6.200   -1.91679      -0.323808       0.168932    
    6.300   -1.91907      -0.315025       0.164155    
    6.400   -1.92104      -0.306433       0.159514    
    6.500   -1.92276      -0.298035       0.155004    
    6.600   -1.92424      -0.289832       0.150621    
    6.700   -1.92553      -0.281826       0.146363    
    6.800   -1.92665      -0.274017       0.142224    
    6.900   -1.92762      -0.266403       0.138203    
    7.000   -1.92847      -0.258984       0.134295    
    7.100   -1.92920      -0.251757       0.130498    
    7.200   -1.92983      -0.244719       0.126809    
    7.300   -1.93038      -0.237868       0.123223    
    7.400   -1.93086      -0.231199       0.119739    
    7.500   -1.93127      -0.224710       0.116354    
    7.600   -1.93163      -0.218397       0.113064    
    7.700   -1.93194      -0.212256       0.109867    
    7.800   -1.93221      -0.206284       0.106761    
    7.900   -1.93244      -0.200475       0.103742    
    8.000   -1.93264      -0.194828       0.100809    
    8.100   -1.93282      -0.189336       0.979585E-01
    8.200   -1.93297      -0.183997       0.951888E-01
    8.300   -1.93310      -0.178807       0.924975E-01
    8.400   -1.93322      -0.173762       0.898822E-01
    8.500   -1.93332      -0.168857       0.873408E-01
    8.600   -1.93340      -0.164090       0.848713E-01
    8.700   -1.93348      -0.159457       0.824717E-01
    8.800   -1.93354      -0.154954       0.801398E-01
    8.900   -1.93360      -0.150577       0.778739E-01
    9.000   -1.93365      -0.146323       0.756721E-01
    9.100   -1.93369      -0.142189       0.735326E-01
    9.200   -1.93373      -0.138171       0.714535E-01
    9.300   -1.93376      -0.134267       0.694332E-01
    9.400   -1.93378      -0.130472       0.674700E-01
    9.500   -1.93381      -0.126785       0.655624E-01
    9.600   -1.93383      -0.123202       0.637086E-01
    9.700   -1.93385      -0.119719       0.619073E-01
    9.800   -1.93386      -0.116335       0.601569E-01
    9.900   -1.93388      -0.113047       0.584561E-01
   10.000   -1.93389      -0.109851       0.568033E-01
   10.100   -1.93390      -0.106746       0.551972E-01
   10.200   -1.93391      -0.103728       0.536365E-01
   10.300   -1.93391      -0.100796       0.521200E-01
   10.400   -1.93392      -0.979460E-01   0.506464E-01
   10.500   -1.93393      -0.951769E-01   0.492144E-01
   10.600   -1.93393      -0.924861E-01   0.478229E-01
   10.700   -1.93393      -0.898713E-01   0.464707E-01
   10.800   -1.93394      -0.873305E-01   0.451568E-01
   10.900   -1.93394      -0.848614E-01   0.438800E-01
   11.000   -1.93394      -0.824621E-01   0.426393E-01
   11.100   -1.93395      -0.801307E-01   0.414338E-01
   11.200   -1.93395      -0.778651E-01   0.402622E-01
   11.300   -1.93395      -0.756636E-01   0.391239E-01
   11.400   -1.93395      -0.735244E-01   0.380177E-01
   11.500   -1.93395      -0.714456E-01   0.369428E-01
   11.600   -1.93396      -0.694256E-01   0.358982E-01
   11.700   -1.93396      -0.674626E-01   0.348832E-01
   11.800   -1.93396      -0.655552E-01   0.338969E-01
   11.900   -1.93396      -0.637017E-01   0.329385E-01
   12.000   -1.93396      -0.619006E-01   0.320072E-01
   12.100   -1.93396      -0.601505E-01   0.311022E-01
   12.200   -1.93396      -0.584498E-01   0.302228E-01
   12.300   -1.93396      -0.567972E-01   0.293683E-01
   12.400   -1.93396      -0.551913E-01   0.285380E-01
   12.500   -1.93396      -0.536308E-01   0.277311E-01
   12.600   -1.93396      -0.521144E-01   0.269470E-01
   12.700   -1.93396      -0.506409E-01   0.261851E-01
   12.800   -1.93396      -0.492091E-01   0.254447E-01
   12.900   -1.93396      -0.478178E-01   0.247253E-01
   13.000   -1.93396      -0.464658E-01   0.240262E-01
   13.100   -1.93396      -0.451520E-01   0.233469E-01
   13.200   -1.93396      -0.438754E-01   0.226868E-01
   13.300   -1.93396      -0.426348E-01   0.220453E-01
   13.400   -1.93396      -0.414294E-01   0.214220E-01
   13.500   -1.93396      -0.402580E-01   0.208163E-01
   13.600   -1.93396      -0.391197E-01   0.202278E-01
   13.700   -1.93396      -0.380136E-01   0.196558E-01
   13.800   -1.93396      -0.369388E-01   0.191001E-01
   13.900   -1.93396      -0.358944E-01   0.185600E-01
   14.000   -1.93396      -0.348795E-01   0.180353E-01
   14.100   -1.93396      -0.338933E-01   0.175253E-01
   14.200   -1.93396      -0.329350E-01   0.170298E-01
   14.300   -1.93396      -0.320038E-01   0.165483E-01
   14.400   -1.93396      -0.310989E-01   0.160804E-01
   14.500   -1.93396      -0.302196E-01   0.156258E-01
   14.600   -1.93396      -0.293652E-01   0.151840E-01
   14.700   -1.93396      -0.285349E-01   0.147546E-01
   14.800   -1.93396      -0.277281E-01   0.143375E-01
   14.900   -1.93396      -0.269441E-01   0.139321E-01
   15.000   -1.93396      -0.261823E-01   0.135382E-01
   15.100   -1.93396      -0.254420E-01   0.131554E-01
   15.200   -1.93396      -0.247227E-01   0.127834E-01
   15.300   -1.93396      -0.240237E-01   0.124220E-01
   15.400   -1.93396      -0.233444E-01   0.120708E-01
   15.500   -1.93396      -0.226844E-01   0.117295E-01
   15.600   -1.93396      -0.220430E-01   0.113978E-01
   15.700   -1.93396      -0.214197E-01   0.110756E-01
   15.800   -1.93396      -0.208141E-01   0.107624E-01
   15.900   -1.93396      -0.202256E-01   0.104581E-01
   16.000   -1.93396      -0.196537E-01   0.101624E-01
   16.100   -1.93396      -0.190981E-01   0.987509E-02
   16.200   -1.93396      -0.185581E-01   0.959588E-02
   16.300   -1.93396      -0.180334E-01   0.932456E-02
   16.400   -1.93396      -0.175235E-01   0.906092E-02
   16.500   -1.93396      -0.170280E-01   0.880473E-02
   16.600   -1.93396      -0.165466E-01   0.855578E-02
   16.700   -1.93396      -0.160787E-01   0.831387E-02
   16.800   -1.93396      -0.156241E-01   0.807880E-02
   16.900   -1.93396      -0.151823E-01   0.785038E-02
   17.000   -1.93396      -0.147531E-01   0.762842E-02
   17.100   -1.93396      -0.143359E-01   0.741273E-02
   17.200   -1.93396      -0.139306E-01   0.720314E-02
   17.300   -1.93396      -0.135367E-01   0.699948E-02
   17.400   -1.93396      -0.131540E-01   0.680157E-02
   17.500   -1.93396      -0.127821E-01   0.660927E-02
   17.600   -1.93396      -0.124207E-01   0.642239E-02
   17.700   -1.93396      -0.120695E-01   0.624081E-02
   17.800   -1.93396      -0.117282E-01   0.606435E-02
   17.900   -1.93396      -0.113966E-01   0.589289E-02
   18.000   -1.93396      -0.110744E-01   0.572627E-02
   18.100   -1.93396      -0.107613E-01   0.556436E-02
   18.200   -1.93396      -0.104570E-01   0.540704E-02
   18.300   -1.93396      -0.101613E-01   0.525416E-02
   18.400   -1.93396      -0.987404E-02   0.510560E-02
   18.500   -1.93396      -0.959486E-02   0.496124E-02
   18.600   -1.93396      -0.932357E-02   0.482097E-02
   18.700   -1.93396      -0.905996E-02   0.468466E-02
   18.800   -1.93396      -0.880379E-02   0.455220E-02
   18.900   -1.93396      -0.855487E-02   0.442349E-02
   19.000   -1.93396      -0.831299E-02   0.429842E-02
   19.100   -1.93396      -0.807795E-02   0.417689E-02
   19.200   -1.93396      -0.784955E-02   0.405879E-02
   19.300   -1.93396      -0.762761E-02   0.394403E-02
   19.400   -1.93396      -0.741195E-02   0.383252E-02
   19.500   -1.93396      -0.720238E-02   0.372416E-02
   19.600   -1.93396      -0.699874E-02   0.361886E-02
   19.700   -1.93396      -0.680085E-02   0.351654E-02
   19.800   -1.93396      -0.660857E-02   0.341711E-02
   19.900   -1.93396      -0.642171E-02   0.332049E-02
 &
# For Channel #  3: l = 2, j =  2.5, c#  1
    0.900   0.623386E-02   0.798033E-01    12.8016    
    1.000   0.102917E-01   0.105829        10.2829    
    1.100   0.161119E-01   0.135675        8.42081    
    1.200   0.241276E-01   0.169036        7.00590    
    1.300   0.347897E-01   0.205471        5.90608    
    1.400   0.485486E-01   0.244426        5.03466    
    1.500   0.658335E-01   0.285246        4.33285    
    1.600   0.870305E-01   0.327201        3.75961    
    1.700   0.112461       0.369504        3.28561    
    1.800   0.142362       0.411347        2.88945    
    1.900   0.176866       0.451921        2.55517    
    2.000   0.215988       0.490446        2.27071    
    2.100   0.259619       0.526198        2.02681    
    2.200   0.307517       0.558535        1.81627    
    2.300   0.359318       0.586911        1.63341    
    2.400   0.414536       0.610900        1.47370    
    2.500   0.472589       0.630199        1.33350    
    2.600   0.532815       0.644641        1.20988    
    2.700   0.594499       0.654185        1.10040    
    2.800   0.656899       0.658917        1.00307    
    2.900   0.719279       0.659034       0.916242    
    3.000   0.780933       0.654831       0.838524    
    3.100   0.841210       0.646679       0.768749    
    3.200   0.899533       0.635007       0.705930    
    3.300   0.955413       0.620279       0.649226    
    3.400    1.00846       0.602977       0.597918    
    3.500    1.05838       0.583579       0.551389    
    3.600    1.10498       0.562549       0.509103    
    3.700    1.14815       0.540321       0.470600    
    3.800    1.18788       0.517292       0.435476    
    3.900    1.22419       0.493814       0.403379    
    4.000    1.25720       0.470196       0.374002    
    4.100    1.28705       0.446701       0.347073    
    4.200    1.31391       0.423545       0.322353    
    4.300    1.33798       0.400901       0.299631    
    4.400    1.35947       0.378908       0.278718    
    4.500    1.37858       0.357669       0.259448    
    4.600    1.39552       0.337259       0.241672    
    4.700    1.41051       0.317726       0.225256    
    4.800    1.42373       0.299099       0.210081    
    4.900    1.43537       0.281391       0.196040    
    5.000    1.44560       0.264598       0.183037    
    5.100    1.45457       0.248709       0.170984    
    5.200    1.46244       0.233701       0.159803    
    5.300    1.46931       0.219549       0.149423    
    5.400    1.47532       0.206219       0.139779    
    5.500    1.48057       0.193678       0.130813    
    5.600    1.48515       0.181889       0.122472    
    5.700    1.48914       0.170814       0.114707    
    5.800    1.49261       0.160417       0.107474    
    5.900    1.49564       0.150660       0.100733    
    6.000    1.49827       0.141506       0.944465E-01
    6.100    1.50056       0.132921       0.885812E-01
    6.200    1.50255       0.124871       0.831060E-01
    6.300    1.50428       0.117323       0.779926E-01
    6.400    1.50578       0.110246       0.732147E-01
    6.500    1.50709       0.103610       0.687485E-01
    6.600    1.50823       0.973887E-01   0.645717E-01
    6.700    1.50921       0.915549E-01   0.606642E-01
    6.800    1.51006       0.860842E-01   0.570070E-01
    6.900    1.51081       0.809534E-01   0.535829E-01
    7.000    1.51145       0.761406E-01   0.503758E-01
    7.100    1.51201       0.716256E-01   0.473711E-01
    7.200    1.51249       0.673891E-01   0.445549E-01
    7.300    1.51292       0.634134E-01   0.419147E-01
    7.400    1.51328       0.596816E-01   0.394386E-01
    7.500    1.51360       0.561783E-01   0.371158E-01
    7.600    1.51387       0.528888E-01   0.349361E-01
    7.700    1.51411       0.497995E-01   0.328903E-01
    7.800    1.51432       0.468976E-01   0.309695E-01
    7.900    1.51450       0.441712E-01   0.291656E-01
    8.000    1.51465       0.416093E-01   0.274712E-01
    8.100    1.51479       0.392015E-01   0.258792E-01
    8.200    1.51490       0.369380E-01   0.243831E-01
    8.300    1.51500       0.348099E-01   0.229768E-01
    8.400    1.51509       0.328087E-01   0.216546E-01
    8.500    1.51517       0.309265E-01   0.204112E-01
    8.600    1.51523       0.291558E-01   0.192418E-01
    8.700    1.51529       0.274899E-01   0.181417E-01
    8.800    1.51534       0.259222E-01   0.171065E-01
    8.900    1.51538       0.244467E-01   0.161324E-01
    9.000    1.51542       0.230578E-01   0.152154E-01
    9.100    1.51545       0.217502E-01   0.143522E-01
    9.200    1.51548       0.205189E-01   0.135395E-01
    9.300    1.51551       0.193593E-01   0.127741E-01
    9.400    1.51553       0.182670E-01   0.120532E-01
    9.500    1.51555       0.172381E-01   0.113742E-01
    9.600    1.51556       0.162687E-01   0.107344E-01
    9.700    1.51558       0.153552E-01   0.101316E-01
    9.800    1.51559       0.144944E-01   0.956354E-02
    9.900    1.51560       0.136830E-01   0.902811E-02
   10.000    1.51561       0.129181E-01   0.852340E-02
   10.100    1.51561       0.121970E-01   0.804758E-02
   10.200    1.51562       0.115171E-01   0.759895E-02
   10.300    1.51563       0.108760E-01   0.717591E-02
   10.400    1.51563       0.102714E-01   0.677694E-02
   10.500    1.51564       0.970105E-02   0.640065E-02
   10.600    1.51564       0.916309E-02   0.604569E-02
   10.700    1.51564       0.865558E-02   0.571083E-02
   10.800    1.51565       0.817676E-02   0.539490E-02
   10.900    1.51565       0.772495E-02   0.509679E-02
   11.000    1.51565       0.729859E-02   0.481548E-02
   11.100    1.51565       0.689621E-02   0.454999E-02
   11.200    1.51565       0.651643E-02   0.429942E-02
   11.300    1.51566       0.615794E-02   0.406289E-02
   11.400    1.51566       0.581953E-02   0.383961E-02
   11.500    1.51566       0.550004E-02   0.362881E-02
   11.600    1.51566       0.519839E-02   0.342979E-02
   11.700    1.51566       0.491356E-02   0.324186E-02
   11.800    1.51566       0.464459E-02   0.306440E-02
   11.900    1.51566       0.439058E-02   0.289681E-02
   12.000    1.51566       0.415068E-02   0.273853E-02
   12.100    1.51566       0.392409E-02   0.258903E-02
   12.200    1.51566       0.371005E-02   0.244781E-02
   12.300    1.51566       0.350786E-02   0.231441E-02
   12.400    1.51566       0.331685E-02   0.218838E-02
   12.500    1.51566       0.313639E-02   0.206932E-02
   12.600    1.51566       0.296588E-02   0.195682E-02
   12.700    1.51566       0.280477E-02   0.185052E-02
   12.800    1.51566       0.265252E-02   0.175007E-02
   12.900    1.51566       0.250865E-02   0.165515E-02
   13.000    1.51566       0.237268E-02   0.156544E-02
   13.100    1.51566       0.224417E-02   0.148065E-02
   13.200    1.51566       0.212271E-02   0.140052E-02
   13.300    1.51566       0.200790E-02   0.132477E-02
   13.400    1.51566       0.189938E-02   0.125317E-02
   13.500    1.51566       0.179679E-02   0.118548E-02
   13.600    1.51566       0.169980E-02   0.112149E-02
   13.700    1.51566       0.160810E-02   0.106099E-02
   13.800    1.51566       0.152141E-02   0.100379E-02
   13.900    1.51566       0.143944E-02   0.949709E-03
   14.000    1.51566       0.136193E-02   0.898572E-03
   14.100    1.51566       0.128864E-02   0.850216E-03
   14.200    1.51566       0.121934E-02   0.804490E-03
   14.300    1.51566       0.115379E-02   0.761247E-03
   14.400    1.51566       0.109181E-02   0.720351E-03
   14.500    1.51566       0.103319E-02   0.681673E-03
   14.600    1.51566       0.977743E-03   0.645092E-03
   14.700    1.51566       0.925301E-03   0.610492E-03
   14.800    1.51566       0.875697E-03   0.577764E-03
   14.900    1.51566       0.828776E-03   0.546807E-03
   15.000    1.51566       0.784392E-03   0.517523E-03
   15.100    1.51566       0.742404E-03   0.489821E-03
   15.200    1.51566       0.702684E-03   0.463614E-03
   15.300    1.51566       0.665106E-03   0.438821E-03
   15.400    1.51566       0.629554E-03   0.415365E-03
   15.500    1.51566       0.595918E-03   0.393173E-03
   15.600    1.51566       0.564093E-03   0.372176E-03
   15.700    1.51566       0.533982E-03   0.352308E-03
   15.800    1.51566       0.505489E-03   0.333510E-03
   15.900    1.51566       0.478529E-03   0.315722E-03
   16.000    1.51566       0.453017E-03   0.298890E-03
   16.100    1.51566       0.428875E-03   0.282961E-03
   16.200    1.51566       0.406029E-03   0.267888E-03
   16.300    1.51566       0.384408E-03   0.253623E-03
   16.400    1.51566       0.363947E-03   0.240123E-03
   16.500    1.51566       0.344582E-03   0.227347E-03
   16.600    1.51566       0.326254E-03   0.215255E-03
   16.700    1.51566       0.308908E-03   0.203810E-03
   16.800    1.51566       0.292490E-03   0.192978E-03
   16.900    1.51566       0.276950E-03   0.182725E-03
   17.000    1.51566       0.262241E-03   0.173020E-03
   17.100    1.51566       0.248317E-03   0.163834E-03
   17.200    1.51566       0.235138E-03   0.155139E-03
   17.300    1.51566       0.222662E-03   0.146907E-03
   17.400    1.51566       0.210852E-03   0.139115E-03
   17.500    1.51566       0.199673E-03   0.131739E-03
   17.600    1.51566       0.189089E-03   0.124756E-03
   17.700    1.51566       0.179069E-03   0.118146E-03
   17.800    1.51566       0.169584E-03   0.111887E-03
   17.900    1.51566       0.160603E-03   0.105962E-03
   18.000    1.51566       0.152101E-03   0.100353E-03
   18.100    1.51566       0.144051E-03   0.950414E-04
   18.200    1.51566       0.136429E-03   0.900129E-04
   18.300    1.51566       0.129213E-03   0.852518E-04
   18.400    1.51566       0.122380E-03   0.807437E-04
   18.500    1.51566       0.115911E-03   0.764753E-04
   18.600    1.51566       0.109785E-03   0.724336E-04
   18.700    1.51566       0.103984E-03   0.686065E-04
   18.800    1.51566       0.984919E-04   0.649826E-04
   18.900    1.51566       0.932907E-04   0.615510E-04
   19.000    1.51566       0.883655E-04   0.583015E-04
   19.100    1.51566       0.837016E-04   0.552243E-04
   19.200    1.51566       0.792848E-04   0.523103E-04
   19.300    1.51566       0.751022E-04   0.495507E-04
   19.400    1.51566       0.711412E-04   0.469373E-04
   19.500    1.51566       0.673900E-04   0.444624E-04
   19.600    1.51566       0.638375E-04   0.421185E-04
   19.700    1.51566       0.604730E-04   0.398987E-04
   19.800    1.51566       0.572865E-04   0.377963E-04
   19.900    1.51566       0.542687E-04   0.358052E-04
 &
