# 361 angles,  1 tensor ranks for 0=projectile
@subtitle   "12C(d,p)13C(3.089 MeV,1/2+) CCBA"                                                                                      
@legend ON
@legend x1 0.2
@legend y1 0.8
@g0 type LOGY
@             s0 legend        "Lab energy =   16.0000"
#             s0 legend        "Partition=  2 Excit=  2 near/far= 1"
#  Theta       sigma       iT11        T20         T21         T22         Kyy for projectile
  0.0000      90.349    
 0.50000      90.178    
  1.0000      89.664    
  1.5000      88.814    
  2.0000      87.637    
  2.5000      86.146    
  3.0000      84.356    
  3.5000      82.286    
  4.0000      79.958    
  4.5000      77.395    
  5.0000      74.622    
  5.5000      71.668    
  6.0000      68.559    
  6.5000      65.325    
  7.0000      61.994    
  7.5000      58.595    
  8.0000      55.156    
  8.5000      51.703    
  9.0000      48.263    
  9.5000      44.860    
  10.000      41.516    
  10.500      38.253    
  11.000      35.087    
  11.500      32.037    
  12.000      29.115    
  12.500      26.333    
  13.000      23.701    
  13.500      21.227    
  14.000      18.916    
  14.500      16.772    
  15.000      14.795    
  15.500      12.986    
  16.000      11.345    
  16.500      9.8663    
  17.000      8.5479    
  17.500      7.3844    
  18.000      6.3698    
  18.500      5.4978    
  19.000      4.7611    
  19.500      4.1525    
  20.000      3.6640    
  20.500      3.2876    
  21.000      3.0154    
  21.500      2.8390    
  22.000      2.7505    
  22.500      2.7417    
  23.000      2.8049    
  23.500      2.9323    
  24.000      3.1165    
  24.500      3.3501    
  25.000      3.6261    
  25.500      3.9379    
  26.000      4.2789    
  26.500      4.6428    
  27.000      5.0239    
  27.500      5.4165    
  28.000      5.8153    
  28.500      6.2152    
  29.000      6.6117    
  29.500      7.0003    
  30.000      7.3771    
  30.500      7.7384    
  31.000      8.0808    
  31.500      8.4013    
  32.000      8.6973    
  32.500      8.9667    
  33.000      9.2074    
  33.500      9.4179    
  34.000      9.5972    
  34.500      9.7444    
  35.000      9.8590    
  35.500      9.9410    
  36.000      9.9907    
  36.500      10.009    
  37.000      9.9954    
  37.500      9.9523    
  38.000      9.8808    
  38.500      9.7823    
  39.000      9.6586    
  39.500      9.5115    
  40.000      9.3432    
  40.500      9.1557    
  41.000      8.9512    
  41.500      8.7318    
  42.000      8.4996    
  42.500      8.2570    
  43.000      8.0058    
  43.500      7.7480    
  44.000      7.4857    
  44.500      7.2204    
  45.000      6.9538    
  45.500      6.6875    
  46.000      6.4227    
  46.500      6.1606    
  47.000      5.9023    
  47.500      5.6486    
  48.000      5.4004    
  48.500      5.1581    
  49.000      4.9223    
  49.500      4.6934    
  50.000      4.4716    
  50.500      4.2572    
  51.000      4.0501    
  51.500      3.8505    
  52.000      3.6582    
  52.500      3.4733    
  53.000      3.2955    
  53.500      3.1249    
  54.000      2.9611    
  54.500      2.8040    
  55.000      2.6534    
  55.500      2.5092    
  56.000      2.3711    
  56.500      2.2390    
  57.000      2.1128    
  57.500      1.9921    
  58.000      1.8770    
  58.500      1.7673    
  59.000      1.6629    
  59.500      1.5636    
  60.000      1.4694    
  60.500      1.3801    
  61.000      1.2958    
  61.500      1.2162    
  62.000      1.1414    
  62.500      1.0714    
  63.000      1.0059    
  63.500     0.94497    
  64.000     0.88854    
  64.500     0.83653    
  65.000     0.78887    
  65.500     0.74546    
  66.000     0.70622    
  66.500     0.67105    
  67.000     0.63984    
  67.500     0.61248    
  68.000     0.58886    
  68.500     0.56882    
  69.000     0.55225    
  69.500     0.53898    
  70.000     0.52888    
  70.500     0.52178    
  71.000     0.51752    
  71.500     0.51593    
  72.000     0.51686    
  72.500     0.52013    
  73.000     0.52558    
  73.500     0.53304    
  74.000     0.54235    
  74.500     0.55336    
  75.000     0.56591    
  75.500     0.57985    
  76.000     0.59505    
  76.500     0.61137    
  77.000     0.62869    
  77.500     0.64688    
  78.000     0.66583    
  78.500     0.68545    
  79.000     0.70564    
  79.500     0.72631    
  80.000     0.74738    
  80.500     0.76877    
  81.000     0.79043    
  81.500     0.81228    
  82.000     0.83428    
  82.500     0.85637    
  83.000     0.87851    
  83.500     0.90065    
  84.000     0.92276    
  84.500     0.94480    
  85.000     0.96674    
  85.500     0.98854    
  86.000      1.0102    
  86.500      1.0316    
  87.000      1.0528    
  87.500      1.0738    
  88.000      1.0945    
  88.500      1.1149    
  89.000      1.1349    
  89.500      1.1545    
  90.000      1.1738    
  90.500      1.1926    
  91.000      1.2110    
  91.500      1.2288    
  92.000      1.2461    
  92.500      1.2628    
  93.000      1.2789    
  93.500      1.2944    
  94.000      1.3092    
  94.500      1.3233    
  95.000      1.3366    
  95.500      1.3491    
  96.000      1.3608    
  96.500      1.3716    
  97.000      1.3815    
  97.500      1.3904    
  98.000      1.3984    
  98.500      1.4054    
  99.000      1.4113    
  99.500      1.4162    
  100.00      1.4200    
  100.50      1.4227    
  101.00      1.4242    
  101.50      1.4246    
  102.00      1.4239    
  102.50      1.4219    
  103.00      1.4188    
  103.50      1.4145    
  104.00      1.4090    
  104.50      1.4023    
  105.00      1.3945    
  105.50      1.3855    
  106.00      1.3753    
  106.50      1.3641    
  107.00      1.3517    
  107.50      1.3382    
  108.00      1.3237    
  108.50      1.3082    
  109.00      1.2917    
  109.50      1.2743    
  110.00      1.2560    
  110.50      1.2368    
  111.00      1.2169    
  111.50      1.1962    
  112.00      1.1748    
  112.50      1.1527    
  113.00      1.1301    
  113.50      1.1069    
  114.00      1.0833    
  114.50      1.0592    
  115.00      1.0348    
  115.50      1.0100    
  116.00     0.98506    
  116.50     0.95989    
  117.00     0.93458    
  117.50     0.90918    
  118.00     0.88375    
  118.50     0.85834    
  119.00     0.83300    
  119.50     0.80779    
  120.00     0.78273    
  120.50     0.75789    
  121.00     0.73331    
  121.50     0.70901    
  122.00     0.68505    
  122.50     0.66147    
  123.00     0.63828    
  123.50     0.61554    
  124.00     0.59326    
  124.50     0.57148    
  125.00     0.55021    
  125.50     0.52950    
  126.00     0.50935    
  126.50     0.48979    
  127.00     0.47083    
  127.50     0.45250    
  128.00     0.43480    
  128.50     0.41774    
  129.00     0.40134    
  129.50     0.38561    
  130.00     0.37054    
  130.50     0.35616    
  131.00     0.34245    
  131.50     0.32943    
  132.00     0.31708    
  132.50     0.30542    
  133.00     0.29444    
  133.50     0.28414    
  134.00     0.27451    
  134.50     0.26554    
  135.00     0.25724    
  135.50     0.24959    
  136.00     0.24258    
  136.50     0.23622    
  137.00     0.23048    
  137.50     0.22535    
  138.00     0.22083    
  138.50     0.21691    
  139.00     0.21357    
  139.50     0.21081    
  140.00     0.20860    
  140.50     0.20694    
  141.00     0.20582    
  141.50     0.20521    
  142.00     0.20512    
  142.50     0.20551    
  143.00     0.20640    
  143.50     0.20774    
  144.00     0.20955    
  144.50     0.21179    
  145.00     0.21447    
  145.50     0.21755    
  146.00     0.22104    
  146.50     0.22491    
  147.00     0.22915    
  147.50     0.23376    
  148.00     0.23870    
  148.50     0.24398    
  149.00     0.24957    
  149.50     0.25546    
  150.00     0.26164    
  150.50     0.26809    
  151.00     0.27479    
  151.50     0.28174    
  152.00     0.28891    
  152.50     0.29629    
  153.00     0.30387    
  153.50     0.31162    
  154.00     0.31955    
  154.50     0.32762    
  155.00     0.33582    
  155.50     0.34415    
  156.00     0.35258    
  156.50     0.36110    
  157.00     0.36969    
  157.50     0.37834    
  158.00     0.38704    
  158.50     0.39577    
  159.00     0.40452    
  159.50     0.41327    
  160.00     0.42202    
  160.50     0.43075    
  161.00     0.43944    
  161.50     0.44809    
  162.00     0.45669    
  162.50     0.46522    
  163.00     0.47367    
  163.50     0.48204    
  164.00     0.49031    
  164.50     0.49847    
  165.00     0.50652    
  165.50     0.51444    
  166.00     0.52222    
  166.50     0.52986    
  167.00     0.53734    
  167.50     0.54466    
  168.00     0.55180    
  168.50     0.55876    
  169.00     0.56552    
  169.50     0.57209    
  170.00     0.57843    
  170.50     0.58456    
  171.00     0.59045    
  171.50     0.59610    
  172.00     0.60149    
  172.50     0.60662    
  173.00     0.61148    
  173.50     0.61605    
  174.00     0.62033    
  174.50     0.62430    
  175.00     0.62797    
  175.50     0.63131    
  176.00     0.63433    
  176.50     0.63700    
  177.00     0.63934    
  177.50     0.64133    
  178.00     0.64296    
  178.50     0.64424    
  179.00     0.64515    
  179.50     0.64570    
  180.00     0.64588    
 &
