# KN1,E,l,j,2j+1,N,cmb =   2  -1.85700   0  0.5   2 201 F T F
   0.000     0.0000    
   0.100    -2.8031    
   0.200    -5.5334    
   0.300    -8.1301    
   0.400    -10.535    
   0.500    -12.696    
   0.600    -14.565    
   0.700    -16.102    
   0.800    -17.274    
   0.900    -18.059    
   1.000    -18.443    
   1.100    -18.422    
   1.200    -18.004    
   1.300    -17.207    
   1.400    -16.056    
   1.500    -14.589    
   1.600    -12.851    
   1.700    -10.894    
   1.800    -8.7743    
   1.900    -6.5541    
   2.000    -4.2959    
   2.100    -2.0617    
   2.200    0.89398E-01
   2.300     2.1034    
   2.400     3.9337    
   2.500     5.5424    
   2.600     6.9023    
   2.700     7.9970    
   2.800     8.8213    
   2.900     9.3806    
   3.000     9.6898    
   3.100     9.7715    
   3.200     9.6544    
   3.300     9.3705    
   3.400     8.9535    
   3.500     8.4367    
   3.600     7.8512    
   3.700     7.2252    
   3.800     6.5827    
   3.900     5.9436    
   4.000     5.3234    
   4.100     4.7336    
   4.200     4.1821    
   4.300     3.6736    
   4.400     3.2106    
   4.500     2.7932    
   4.600     2.4204    
   4.700     2.0899    
   4.800     1.7989    
   4.900     1.5442    
   5.000     1.3224    
   5.100     1.1300    
   5.200    0.96387    
   5.300    0.82081    
   5.400    0.69800    
   5.500    0.59283    
   5.600    0.50297    
   5.700    0.42633    
   5.800    0.36107    
   5.900    0.30558    
   6.000    0.25846    
   6.100    0.21849    
   6.200    0.18462    
   6.300    0.15593    
   6.400    0.13165    
   6.500    0.11112    
   6.600    0.93770E-01
   6.700    0.79108E-01
   6.800    0.66725E-01
   6.900    0.56271E-01
   7.000    0.47448E-01
   7.100    0.40002E-01
   7.200    0.33722E-01
   7.300    0.28424E-01
   7.400    0.23957E-01
   7.500    0.20190E-01
   7.600    0.17015E-01
   7.700    0.14338E-01
   7.800    0.12082E-01
   7.900    0.10180E-01
   8.000    0.85773E-02
   8.100    0.72267E-02
   8.200    0.60886E-02
   8.300    0.51296E-02
   8.400    0.43216E-02
   8.500    0.36408E-02
   8.600    0.30672E-02
   8.700    0.25839E-02
   8.800    0.21768E-02
   8.900    0.18338E-02
   9.000    0.15448E-02
   9.100    0.13014E-02
   9.200    0.10963E-02
   9.300    0.92350E-03
   9.400    0.77795E-03
   9.500    0.65534E-03
   9.600    0.55205E-03
   9.700    0.46504E-03
   9.800    0.39174E-03
   9.900    0.32999E-03
  10.000    0.27798E-03
  10.100    0.23416E-03
  10.200    0.19725E-03
  10.300    0.16616E-03
  10.400    0.13997E-03
  10.500    0.11791E-03
  10.600    0.99322E-04
  10.700    0.83666E-04
  10.800    0.70478E-04
  10.900    0.59368E-04
  11.000    0.50010E-04
  11.100    0.42127E-04
  11.200    0.35487E-04
  11.300    0.29893E-04
  11.400    0.25181E-04
  11.500    0.21212E-04
  11.600    0.17868E-04
  11.700    0.15051E-04
  11.800    0.12679E-04
  11.900    0.10680E-04
  12.000    0.89967E-05
  12.100    0.75785E-05
  12.200    0.63839E-05
  12.300    0.53776E-05
  12.400    0.45299E-05
  12.500    0.38159E-05
  12.600    0.32144E-05
  12.700    0.27077E-05
  12.800    0.22809E-05
  12.900    0.19213E-05
  13.000    0.16185E-05
  13.100    0.13633E-05
  13.200    0.11484E-05
  13.300    0.96740E-06
  13.400    0.81491E-06
  13.500    0.68645E-06
  13.600    0.57824E-06
  13.700    0.48709E-06
  13.800    0.41031E-06
  13.900    0.34563E-06
  14.000    0.29115E-06
  14.100    0.24526E-06
  14.200    0.20660E-06
  14.300    0.17403E-06
  14.400    0.14660E-06
  14.500    0.12349E-06
  14.600    0.10402E-06
  14.700    0.87625E-07
  14.800    0.73813E-07
  14.900    0.62177E-07
  15.000    0.52376E-07
  15.100    0.44120E-07
  15.200    0.37165E-07
  15.300    0.31307E-07
  15.400    0.26372E-07
  15.500    0.22215E-07
  15.600    0.18713E-07
  15.700    0.15763E-07
  15.800    0.13278E-07
  15.900    0.11185E-07
  16.000    0.94222E-08
  16.100    0.79369E-08
  16.200    0.66858E-08
  16.300    0.56319E-08
  16.400    0.47441E-08
  16.500    0.39963E-08
  16.600    0.33664E-08
  16.700    0.28357E-08
  16.800    0.23887E-08
  16.900    0.20122E-08
  17.000    0.16950E-08
  17.100    0.14278E-08
  17.200    0.12027E-08
  17.300    0.10131E-08
  17.400    0.85344E-09
  17.500    0.71891E-09
  17.600    0.60559E-09
  17.700    0.51013E-09
  17.800    0.42972E-09
  17.900    0.36198E-09
  18.000    0.30492E-09
  18.100    0.25685E-09
  18.200    0.21637E-09
  18.300    0.18226E-09
  18.400    0.15353E-09
  18.500    0.12933E-09
  18.600    0.10894E-09
  18.700    0.91769E-10
  18.800    0.77303E-10
  18.900    0.65118E-10
  19.000    0.54853E-10
  19.100    0.46206E-10
  19.200    0.38923E-10
  19.300    0.32787E-10
  19.400     0.0000    
  19.500     0.0000    
  19.600     0.0000    
  19.700     0.0000    
  19.800     0.0000    
  19.900     0.0000    
  20.000     0.0000    
 &
# KN1,E,l,j,2j+1,N,cmb =   3  -6.29590   2  2.5   6 201 F T F
   0.000     0.0000    
   0.100   -0.80413E-02
   0.200   -0.63603E-01
   0.300   -0.20980    
   0.400   -0.48707    
   0.500   -0.93055    
   0.600    -1.5688    
   0.700    -2.4225    
   0.800    -3.5036    
   0.900    -4.8144    
   1.000    -6.3474    
   1.100    -8.0849    
   1.200    -9.9994    
   1.300    -12.054    
   1.400    -14.204    
   1.500    -16.397    
   1.600    -18.577    
   1.700    -20.684    
   1.800    -22.656    
   1.900    -24.436    
   2.000    -25.968    
   2.100    -27.204    
   2.200    -28.108    
   2.300    -28.651    
   2.400    -28.821    
   2.500    -28.617    
   2.600    -28.053    
   2.700    -27.157    
   2.800    -25.967    
   2.900    -24.531    
   3.000    -22.903    
   3.100    -21.139    
   3.200    -19.298    
   3.300    -17.431    
   3.400    -15.587    
   3.500    -13.806    
   3.600    -12.119    
   3.700    -10.549    
   3.800    -9.1120    
   3.900    -7.8149    
   4.000    -6.6590    
   4.100    -5.6409    
   4.200    -4.7532    
   4.300    -3.9862    
   4.400    -3.3289    
   4.500    -2.7696    
   4.600    -2.2968    
   4.700    -1.8992    
   4.800    -1.5665    
   4.900    -1.2894    
   5.000    -1.0592    
   5.100   -0.86883    
   5.200   -0.71168    
   5.300   -0.58229    
   5.400   -0.47597    
   5.500   -0.38875    
   5.600   -0.31731    
   5.700   -0.25886    
   5.800   -0.21109    
   5.900   -0.17207    
   6.000   -0.14023    
   6.100   -0.11426    
   6.200   -0.93092E-01
   6.300   -0.75837E-01
   6.400   -0.61778E-01
   6.500   -0.50325E-01
   6.600   -0.40996E-01
   6.700   -0.33398E-01
   6.800   -0.27211E-01
   6.900   -0.22171E-01
   7.000   -0.18067E-01
   7.100   -0.14724E-01
   7.200   -0.12001E-01
   7.300   -0.97833E-02
   7.400   -0.79763E-02
   7.500   -0.65039E-02
   7.600   -0.53041E-02
   7.700   -0.43262E-02
   7.800   -0.35291E-02
   7.900   -0.28793E-02
   8.000   -0.23495E-02
   8.100   -0.19174E-02
   8.200   -0.15650E-02
   8.300   -0.12776E-02
   8.400   -0.10431E-02
   8.500   -0.85173E-03
   8.600   -0.69557E-03
   8.700   -0.56812E-03
   8.800   -0.46408E-03
   8.900   -0.37915E-03
   9.000   -0.30979E-03
   9.100   -0.25315E-03
   9.200   -0.20689E-03
   9.300   -0.16911E-03
   9.400   -0.13824E-03
   9.500   -0.11301E-03
   9.600   -0.92404E-04
   9.700   -0.75560E-04
   9.800   -0.61792E-04
   9.900   -0.50539E-04
  10.000   -0.41338E-04
  10.100   -0.33816E-04
  10.200   -0.27665E-04
  10.300   -0.22635E-04
  10.400   -0.18521E-04
  10.500   -0.15156E-04
  10.600   -0.12404E-04
  10.700   -0.10152E-04
  10.800   -0.83094E-05
  10.900   -0.68019E-05
  11.000   -0.55683E-05
  11.100   -0.45588E-05
  11.200   -0.37326E-05
  11.300   -0.30563E-05
  11.400   -0.25027E-05
  11.500   -0.20495E-05
  11.600   -0.16785E-05
  11.700   -0.13748E-05
  11.800   -0.11261E-05
  11.900   -0.92239E-06
  12.000   -0.75561E-06
  12.100   -0.61901E-06
  12.200   -0.50714E-06
  12.300   -0.41551E-06
  12.400   -0.34046E-06
  12.500   -0.27897E-06
  12.600   -0.22860E-06
  12.700   -0.18734E-06
  12.800   -0.15353E-06
  12.900   -0.12583E-06
  13.000   -0.10313E-06
  13.100   -0.84531E-07
  13.200   -0.69289E-07
  13.300   -0.56797E-07
  13.400   -0.46560E-07
  13.500   -0.38170E-07
  13.600   -0.31292E-07
  13.700   -0.25655E-07
  13.800   -0.21035E-07
  13.900   -0.17247E-07
  14.000   -0.14142E-07
  14.100   -0.11596E-07
  14.200   -0.95089E-08
  14.300   -0.77977E-08
  14.400   -0.63947E-08
  14.500   -0.52443E-08
  14.600   -0.43010E-08
  14.700   -0.35275E-08
  14.800   -0.28932E-08
  14.900   -0.23731E-08
  15.000   -0.19465E-08
  15.100   -0.15966E-08
  15.200   -0.13097E-08
  15.300   -0.10744E-08
  15.400   -0.88135E-09
  15.500   -0.72302E-09
  15.600   -0.59316E-09
  15.700   -0.48663E-09
  15.800   -0.39925E-09
  15.900   -0.32756E-09
  16.000   -0.26876E-09
  16.100   -0.22051E-09
  16.200   -0.18093E-09
  16.300   -0.14846E-09
  16.400   -0.12182E-09
  16.500   -0.99964E-10
  16.600   -0.82030E-10
  16.700   -0.67315E-10
  16.800   -0.55241E-10
  16.900   -0.45334E-10
  17.000   -0.37204E-10
  17.100   -0.30533E-10
  17.200   -0.25058E-10
  17.300   -0.20566E-10
  17.400   -0.16879E-10
  17.500   -0.13854E-10
  17.600   -0.11371E-10
  17.700   -0.93331E-11
  17.800   -0.76606E-11
  17.900   -0.62880E-11
  18.000   -0.51614E-11
  18.100   -0.42368E-11
  18.200   -0.34778E-11
  18.300   -0.28549E-11
  18.400   -0.23435E-11
  18.500   -0.19238E-11
  18.600   -0.15793E-11
  18.700   -0.12965E-11
  18.800   -0.10644E-11
  18.900   -0.87382E-12
  19.000   -0.71739E-12
  19.100   -0.58897E-12
  19.200   -0.48355E-12
  19.300   -0.39700E-12
  19.400   -0.98740E-14
  19.500   -0.80667E-14
  19.600   -0.65904E-14
  19.700   -0.53845E-14
  19.800   -0.43994E-14
  19.900   -0.35947E-14
  20.000   -0.29373E-14
 &
