 Mean Elastic Optical Potential generated            1
         101  0.20000000000000001        0.00000000    
  0.0000E+00  0.0000E+00  0.0000E+00  0.0000E+00  0.0000E+00  0.0000E+00
  0.0000E+00  0.0000E+00  1.7990E+00 -2.5582E+00  2.5749E+00 -2.9190E+00
  2.5824E+00 -2.7832E+00  2.3207E+00 -2.2015E+00  2.3378E+00 -1.3985E+00
  2.7209E+00 -7.0559E-01  3.3301E+00 -3.8368E-01  4.0810E+00 -5.9547E-01
  5.2400E+00 -1.4174E+00  6.5916E+00 -2.6007E+00  7.9377E+00 -3.5871E+00
  8.7648E+00 -3.8802E+00  8.7481E+00 -3.3706E+00  8.0472E+00 -2.3721E+00
  6.7853E+00 -1.3094E+00  5.4125E+00 -4.6485E-01  4.0907E+00 -9.8505E-04
  3.0308E+00  1.5437E-01  2.2408E+00  1.0154E-01  1.6671E+00 -6.0499E-02
  1.2028E+00 -2.5089E-01  9.3763E-01 -3.5480E-01  6.8067E-01 -4.6149E-01
  5.2574E-01 -4.6882E-01  3.9115E-01 -4.7828E-01  2.9929E-01 -4.3112E-01
  2.2887E-01 -3.9933E-01  1.7361E-01 -3.3707E-01  1.4188E-01 -3.1097E-01
  1.0216E-01 -2.4758E-01  9.0278E-02 -2.2247E-01  7.6841E-02 -1.9494E-01
  5.1318E-02 -1.5657E-01  5.9921E-02 -1.4351E-01  5.0318E-02 -1.2468E-01
  5.2091E-02 -1.1059E-01  3.7469E-02 -1.1091E-01  4.1535E-02 -7.1769E-02
  5.3714E-02 -5.6768E-02  4.9843E-02 -9.1724E-02  4.5106E-02 -4.5077E-02
  6.9938E-02 -1.0071E-02  4.5637E-02 -8.6303E-02  5.2472E-02 -8.5498E-03
  5.2796E-02  7.7156E-03  4.6767E-02 -7.6955E-02  3.5417E-02  1.8219E-03
  3.4843E-02  1.8014E-02  3.6544E-02 -6.2003E-02  2.1399E-02  1.0442E-03
  2.0880E-02  1.6410E-02  2.7296E-02 -4.4324E-02  1.3171E-02  4.3823E-03
  1.6551E-02  1.8108E-02  1.9394E-02 -3.2447E-02  1.1404E-02  2.2824E-02
  1.8752E-02 -1.5174E-02  1.0591E-02  1.0245E-02  1.8491E-02 -1.4622E-03
  1.1227E-02 -1.1968E-03  1.1323E-02  9.0007E-04  1.6681E-02  3.7712E-03
  8.5242E-03 -3.8843E-03  6.6895E-03 -3.1711E-03  1.2361E-02  2.1570E-03
  4.9988E-03 -2.8292E-03  3.5625E-03 -2.1273E-03  7.8264E-03  1.0421E-03
  1.2381E-03 -1.9094E-03  5.1536E-03  1.1532E-03  1.3621E-03 -3.9913E-04
  2.7541E-03  1.0781E-03  1.6824E-03  1.1144E-03  1.3667E-03  1.3795E-03
  1.1640E-03  1.7381E-03  1.1071E-03  1.8516E-03  8.9504E-04  1.8414E-03
  9.1631E-04  1.5607E-03  7.0058E-04  1.6104E-03  7.8872E-04  1.1098E-03
  4.5225E-04  1.1114E-03  6.9707E-04  7.4545E-04  2.4341E-04  6.3664E-04
  4.9935E-04  4.5360E-04  2.4482E-04  3.1638E-04  1.2799E-04  2.0643E-04
  2.5371E-04  1.9921E-04  8.6526E-05  8.5504E-05  3.1318E-05  4.6832E-05
 -1.9024E-05  5.8810E-05 -5.6471E-05  3.4415E-05 -1.3788E-04 -1.6416E-05
  0.0000E+00  0.0000E+00  0.0000E+00  0.0000E+00  0.0000E+00  0.0000E+00
  0.0000E+00  0.0000E+00  0.0000E+00  0.0000E+00
