# KN1,E,l,j,2j+1,N,cmb =   2  -1.85700   0  0.5   2 201 F T F
   0.001    -0.0000    
   0.100    0.55332E-01
   0.200    0.10947    
   0.300    0.16125    
   0.400    0.20957    
   0.500    0.25340    
   0.600    0.29183    
   0.700    0.32406    
   0.800    0.34943    
   0.900    0.36746    
   1.000    0.37780    
   1.100    0.38029    
   1.200    0.37496    
   1.300    0.36196    
   1.400    0.34166    
   1.500    0.31453    
   1.600    0.28122    
   1.700    0.24244    
   1.800    0.19905    
   1.900    0.15194    
   2.000    0.10205    
   2.100    0.50335E-01
   2.200   -0.22507E-02
   2.300   -0.54804E-01
   2.400   -0.10648    
   2.500   -0.15650    
   2.600   -0.20421    
   2.700   -0.24904    
   2.800   -0.29054    
   2.900   -0.32838    
   3.000   -0.36235    
   3.100   -0.39233    
   3.200   -0.41831    
   3.300   -0.44036    
   3.400   -0.45863    
   3.500   -0.47331    
   3.600   -0.48465    
   3.700   -0.49291    
   3.800   -0.49837    
   3.900   -0.50133    
   4.000   -0.50207    
   4.100   -0.50086    
   4.200   -0.49796    
   4.300   -0.49362    
   4.400   -0.48806    
   4.500   -0.48147    
   4.600   -0.47404    
   4.700   -0.46593    
   4.800   -0.45727    
   4.900   -0.44819    
   5.000   -0.43880    
   5.100   -0.42917    
   5.200   -0.41940    
   5.300   -0.40955    
   5.400   -0.39967    
   5.500   -0.38981    
   5.600   -0.38000    
   5.700   -0.37029    
   5.800   -0.36069    
   5.900   -0.35123    
   6.000   -0.34192    
   6.100   -0.33277    
   6.200   -0.32381    
   6.300   -0.31503    
   6.400   -0.30643    
   6.500   -0.29803    
   6.600   -0.28983    
   6.700   -0.28183    
   6.800   -0.27402    
   6.900   -0.26640    
   7.000   -0.25898    
   7.100   -0.25176    
   7.200   -0.24472    
   7.300   -0.23787    
   7.400   -0.23120    
   7.500   -0.22471    
   7.600   -0.21840    
   7.700   -0.21226    
   7.800   -0.20628    
   7.900   -0.20048    
   8.000   -0.19483    
   8.100   -0.18934    
   8.200   -0.18400    
   8.300   -0.17881    
   8.400   -0.17376    
   8.500   -0.16886    
   8.600   -0.16409    
   8.700   -0.15946    
   8.800   -0.15495    
   8.900   -0.15058    
   9.000   -0.14632    
   9.100   -0.14219    
   9.200   -0.13817    
   9.300   -0.13427    
   9.400   -0.13047    
   9.500   -0.12679    
   9.600   -0.12320    
   9.700   -0.11972    
   9.800   -0.11634    
   9.900   -0.11305    
  10.000   -0.10985    
  10.100   -0.10675    
  10.200   -0.10373    
  10.300   -0.10080    
  10.400   -0.97946E-01
  10.500   -0.95177E-01
  10.600   -0.92486E-01
  10.700   -0.89871E-01
  10.800   -0.87330E-01
  10.900   -0.84861E-01
  11.000   -0.82462E-01
  11.100   -0.80131E-01
  11.200   -0.77865E-01
  11.300   -0.75664E-01
  11.400   -0.73524E-01
  11.500   -0.71446E-01
  11.600   -0.69426E-01
  11.700   -0.67463E-01
  11.800   -0.65555E-01
  11.900   -0.63702E-01
  12.000   -0.61901E-01
  12.100   -0.60150E-01
  12.200   -0.58450E-01
  12.300   -0.56797E-01
  12.400   -0.55191E-01
  12.500   -0.53631E-01
  12.600   -0.52114E-01
  12.700   -0.50641E-01
  12.800   -0.49209E-01
  12.900   -0.47818E-01
  13.000   -0.46466E-01
  13.100   -0.45152E-01
  13.200   -0.43875E-01
  13.300   -0.42635E-01
  13.400   -0.41429E-01
  13.500   -0.40258E-01
  13.600   -0.39120E-01
  13.700   -0.38014E-01
  13.800   -0.36939E-01
  13.900   -0.35894E-01
  14.000   -0.34880E-01
  14.100   -0.33893E-01
  14.200   -0.32935E-01
  14.300   -0.32004E-01
  14.400   -0.31099E-01
  14.500   -0.30220E-01
  14.600   -0.29365E-01
  14.700   -0.28535E-01
  14.800   -0.27728E-01
  14.900   -0.26944E-01
  15.000   -0.26182E-01
  15.100   -0.25442E-01
  15.200   -0.24723E-01
  15.300   -0.24024E-01
  15.400   -0.23344E-01
  15.500   -0.22684E-01
  15.600   -0.22043E-01
  15.700   -0.21420E-01
  15.800   -0.20814E-01
  15.900   -0.20226E-01
  16.000   -0.19654E-01
  16.100   -0.19098E-01
  16.200   -0.18558E-01
  16.300   -0.18033E-01
  16.400   -0.17523E-01
  16.500   -0.17028E-01
  16.600   -0.16547E-01
  16.700   -0.16079E-01
  16.800   -0.15624E-01
  16.900   -0.15182E-01
  17.000   -0.14753E-01
  17.100   -0.14336E-01
  17.200   -0.13931E-01
  17.300   -0.13537E-01
  17.400   -0.13154E-01
  17.500   -0.12782E-01
  17.600   -0.12421E-01
  17.700   -0.12069E-01
  17.800   -0.11728E-01
  17.900   -0.11397E-01
  18.000   -0.11074E-01
  18.100   -0.10761E-01
  18.200   -0.10457E-01
  18.300   -0.10161E-01
  18.400   -0.98740E-02
  18.500   -0.95949E-02
  18.600   -0.93236E-02
  18.700   -0.90600E-02
  18.800   -0.88038E-02
  18.900   -0.85549E-02
  19.000   -0.83130E-02
  19.100   -0.80779E-02
  19.200   -0.78496E-02
  19.300   -0.76276E-02
  19.400   -0.74119E-02
  19.500   -0.72024E-02
  19.600   -0.69987E-02
  19.700   -0.68009E-02
  19.800   -0.66086E-02
  19.900   -0.64217E-02
 &
# KN1,E,l,j,2j+1,N,cmb =   3  -6.29590   2  2.5   6 201 F T F
   0.001     0.0000    
   0.100    0.12242E-03
   0.200    0.10048E-02
   0.300    0.33602E-02
   0.400    0.78640E-02
   0.500    0.15114E-01
   0.600    0.25612E-01
   0.700    0.39743E-01
   0.800    0.57767E-01
   0.900    0.79803E-01
   1.000    0.10583    
   1.100    0.13568    
   1.200    0.16904    
   1.300    0.20547    
   1.400    0.24443    
   1.500    0.28525    
   1.600    0.32720    
   1.700    0.36950    
   1.800    0.41135    
   1.900    0.45192    
   2.000    0.49045    
   2.100    0.52620    
   2.200    0.55853    
   2.300    0.58691    
   2.400    0.61090    
   2.500    0.63020    
   2.600    0.64464    
   2.700    0.65418    
   2.800    0.65892    
   2.900    0.65903    
   3.000    0.65483    
   3.100    0.64668    
   3.200    0.63501    
   3.300    0.62028    
   3.400    0.60298    
   3.500    0.58358    
   3.600    0.56255    
   3.700    0.54032    
   3.800    0.51729    
   3.900    0.49381    
   4.000    0.47020    
   4.100    0.44670    
   4.200    0.42354    
   4.300    0.40090    
   4.400    0.37891    
   4.500    0.35767    
   4.600    0.33726    
   4.700    0.31773    
   4.800    0.29910    
   4.900    0.28139    
   5.000    0.26460    
   5.100    0.24871    
   5.200    0.23370    
   5.300    0.21955    
   5.400    0.20622    
   5.500    0.19368    
   5.600    0.18189    
   5.700    0.17081    
   5.800    0.16042    
   5.900    0.15066    
   6.000    0.14151    
   6.100    0.13292    
   6.200    0.12487    
   6.300    0.11732    
   6.400    0.11025    
   6.500    0.10361    
   6.600    0.97389E-01
   6.700    0.91555E-01
   6.800    0.86084E-01
   6.900    0.80953E-01
   7.000    0.76141E-01
   7.100    0.71626E-01
   7.200    0.67389E-01
   7.300    0.63413E-01
   7.400    0.59682E-01
   7.500    0.56178E-01
   7.600    0.52889E-01
   7.700    0.49799E-01
   7.800    0.46898E-01
   7.900    0.44171E-01
   8.000    0.41609E-01
   8.100    0.39201E-01
   8.200    0.36938E-01
   8.300    0.34810E-01
   8.400    0.32809E-01
   8.500    0.30926E-01
   8.600    0.29156E-01
   8.700    0.27490E-01
   8.800    0.25922E-01
   8.900    0.24447E-01
   9.000    0.23058E-01
   9.100    0.21750E-01
   9.200    0.20519E-01
   9.300    0.19359E-01
   9.400    0.18267E-01
   9.500    0.17238E-01
   9.600    0.16269E-01
   9.700    0.15355E-01
   9.800    0.14494E-01
   9.900    0.13683E-01
  10.000    0.12918E-01
  10.100    0.12197E-01
  10.200    0.11517E-01
  10.300    0.10876E-01
  10.400    0.10271E-01
  10.500    0.97011E-02
  10.600    0.91631E-02
  10.700    0.86556E-02
  10.800    0.81768E-02
  10.900    0.77249E-02
  11.000    0.72986E-02
  11.100    0.68962E-02
  11.200    0.65164E-02
  11.300    0.61579E-02
  11.400    0.58195E-02
  11.500    0.55000E-02
  11.600    0.51984E-02
  11.700    0.49136E-02
  11.800    0.46446E-02
  11.900    0.43906E-02
  12.000    0.41507E-02
  12.100    0.39241E-02
  12.200    0.37101E-02
  12.300    0.35079E-02
  12.400    0.33169E-02
  12.500    0.31364E-02
  12.600    0.29659E-02
  12.700    0.28048E-02
  12.800    0.26525E-02
  12.900    0.25087E-02
  13.000    0.23727E-02
  13.100    0.22442E-02
  13.200    0.21227E-02
  13.300    0.20079E-02
  13.400    0.18994E-02
  13.500    0.17968E-02
  13.600    0.16998E-02
  13.700    0.16081E-02
  13.800    0.15214E-02
  13.900    0.14394E-02
  14.000    0.13619E-02
  14.100    0.12886E-02
  14.200    0.12193E-02
  14.300    0.11538E-02
  14.400    0.10918E-02
  14.500    0.10332E-02
  14.600    0.97774E-03
  14.700    0.92530E-03
  14.800    0.87570E-03
  14.900    0.82878E-03
  15.000    0.78439E-03
  15.100    0.74240E-03
  15.200    0.70268E-03
  15.300    0.66511E-03
  15.400    0.62955E-03
  15.500    0.59592E-03
  15.600    0.56409E-03
  15.700    0.53398E-03
  15.800    0.50549E-03
  15.900    0.47853E-03
  16.000    0.45302E-03
  16.100    0.42887E-03
  16.200    0.40603E-03
  16.300    0.38441E-03
  16.400    0.36395E-03
  16.500    0.34458E-03
  16.600    0.32625E-03
  16.700    0.30891E-03
  16.800    0.29249E-03
  16.900    0.27695E-03
  17.000    0.26224E-03
  17.100    0.24832E-03
  17.200    0.23514E-03
  17.300    0.22266E-03
  17.400    0.21085E-03
  17.500    0.19967E-03
  17.600    0.18909E-03
  17.700    0.17907E-03
  17.800    0.16958E-03
  17.900    0.16060E-03
  18.000    0.15210E-03
  18.100    0.14405E-03
  18.200    0.13643E-03
  18.300    0.12921E-03
  18.400    0.12238E-03
  18.500    0.11591E-03
  18.600    0.10979E-03
  18.700    0.10398E-03
  18.800    0.98492E-04
  18.900    0.93291E-04
  19.000    0.88366E-04
  19.100    0.83702E-04
  19.200    0.79285E-04
  19.300    0.75102E-04
  19.400    0.71141E-04
  19.500    0.67390E-04
  19.600    0.63837E-04
  19.700    0.60473E-04
  19.800    0.57287E-04
  19.900    0.54269E-04
 &
