# Fusion cross sections for ELAB=   16.000000, ECM=   13.700487
     0.0   6.797       8.619       1.822    
     1.0   69.01       77.81       8.803    
     2.0   113.8       131.4       17.60    
     3.0   167.9       185.8       17.86    
     4.0   196.6       214.8       18.20    
     5.0   175.3       190.1       14.76    
     6.0   117.2       126.0       8.777    
     7.0   43.88       47.95       4.067    
     8.0   12.64       14.07       1.432    
     9.0   3.529       3.998      0.4692    
    10.0  0.9815       1.136      0.1546    
    11.0  0.2651      0.3081      0.4301E-01
    12.0  0.7499E-01  0.8978E-01  0.1478E-01
    13.0  0.2015E-01  0.3219E-01  0.1204E-01
    14.0  0.5079E-02  0.1592E-01  0.1084E-01
    15.0  0.9871E-03  0.8096E-02  0.7109E-02
    16.0 -0.2772E-05  0.3057E-02  0.3060E-02
    17.0 -0.1166E-03  0.7840E-03  0.9006E-03
    18.0 -0.6983E-04  0.1309E-03  0.2007E-03
 & 
