# 361 angles,  1 tensor ranks for 0=projectile
@subtitle   "12C(d,p)13C(3.089 MeV,1/2+) CCBA"                                                                                      
@legend ON
@legend x1 0.2
@legend y1 0.8
@g0 type LOGY
@xaxis label "Scattering angle (degrees)"
@yaxis label "Cross section (mb/sr)"
@             s0 legend        "Partition=  1 Excit=  1 near/far= 1"
#             s0 legend        "Lab energy =   16.0000"
@s0 linestyle   1
#  Theta       sigma       iT11        T20         T21         T22         Kyy for projectile
 0.10000E-01  1.0000    
 0.50000     0.99788    
  1.0000     0.98735    
  1.5000     0.96894    
  2.0000     0.94423    
  2.5000     0.91482    
  3.0000     0.88228    
  3.5000     0.84808    
  4.0000     0.81362    
  4.5000     0.78027    
  5.0000     0.74929    
  5.5000     0.72189    
  6.0000     0.69922    
  6.5000     0.68234    
  7.0000     0.67222    
  7.5000     0.66974    
  8.0000     0.67567    
  8.5000     0.69066    
  9.0000     0.71527    
  9.5000     0.74989    
  10.000     0.79482    
  10.500     0.85018    
  11.000     0.91596    
  11.500     0.99203    
  12.000      1.0781    
  12.500      1.1737    
  13.000      1.2783    
  13.500      1.3911    
  14.000      1.5113    
  14.500      1.6380    
  15.000      1.7702    
  15.500      1.9065    
  16.000      2.0458    
  16.500      2.1868    
  17.000      2.3282    
  17.500      2.4684    
  18.000      2.6061    
  18.500      2.7398    
  19.000      2.8682    
  19.500      2.9898    
  20.000      3.1034    
  20.500      3.2076    
  21.000      3.3013    
  21.500      3.3834    
  22.000      3.4528    
  22.500      3.5089    
  23.000      3.5507    
  23.500      3.5778    
  24.000      3.5896    
  24.500      3.5860    
  25.000      3.5668    
  25.500      3.5320    
  26.000      3.4819    
  26.500      3.4168    
  27.000      3.3371    
  27.500      3.2437    
  28.000      3.1373    
  28.500      3.0187    
  29.000      2.8892    
  29.500      2.7498    
  30.000      2.6019    
  30.500      2.4468    
  31.000      2.2859    
  31.500      2.1207    
  32.000      1.9528    
  32.500      1.7836    
  33.000      1.6148    
  33.500      1.4479    
  34.000      1.2843    
  34.500      1.1257    
  35.000     0.97328    
  35.500     0.82855    
  36.000     0.69273    
  36.500     0.56700    
  37.000     0.45244    
  37.500     0.34999    
  38.000     0.26049    
  38.500     0.18464    
  39.000     0.12300    
  39.500     0.76013E-01
  40.000     0.43956E-01
  40.500     0.26976E-01
  41.000     0.25074E-01
  41.500     0.38114E-01
  42.000     0.65824E-01
  42.500     0.10780    
  43.000     0.16351    
  43.500     0.23231    
  44.000     0.31344    
  44.500     0.40604    
  45.000     0.50916    
  45.500     0.62177    
  46.000     0.74277    
  46.500     0.87102    
  47.000      1.0053    
  47.500      1.1444    
  48.000      1.2870    
  48.500      1.4319    
  49.000      1.5778    
  49.500      1.7235    
  50.000      1.8677    
  50.500      2.0093    
  51.000      2.1471    
  51.500      2.2801    
  52.000      2.4072    
  52.500      2.5274    
  53.000      2.6400    
  53.500      2.7442    
  54.000      2.8392    
  54.500      2.9245    
  55.000      2.9996    
  55.500      3.0641    
  56.000      3.1177    
  56.500      3.1602    
  57.000      3.1915    
  57.500      3.2117    
  58.000      3.2209    
  58.500      3.2192    
  59.000      3.2070    
  59.500      3.1847    
  60.000      3.1527    
  60.500      3.1116    
  61.000      3.0619    
  61.500      3.0043    
  62.000      2.9395    
  62.500      2.8684    
  63.000      2.7916    
  63.500      2.7101    
  64.000      2.6246    
  64.500      2.5360    
  65.000      2.4452    
  65.500      2.3530    
  66.000      2.2603    
  66.500      2.1680    
  67.000      2.0768    
  67.500      1.9874    
  68.000      1.9007    
  68.500      1.8174    
  69.000      1.7380    
  69.500      1.6632    
  70.000      1.5935    
  70.500      1.5294    
  71.000      1.4712    
  71.500      1.4194    
  72.000      1.3743    
  72.500      1.3359    
  73.000      1.3045    
  73.500      1.2802    
  74.000      1.2628    
  74.500      1.2525    
  75.000      1.2490    
  75.500      1.2522    
  76.000      1.2618    
  76.500      1.2775    
  77.000      1.2989    
  77.500      1.3257    
  78.000      1.3573    
  78.500      1.3934    
  79.000      1.4333    
  79.500      1.4765    
  80.000      1.5225    
  80.500      1.5706    
  81.000      1.6202    
  81.500      1.6706    
  82.000      1.7214    
  82.500      1.7717    
  83.000      1.8211    
  83.500      1.8688    
  84.000      1.9144    
  84.500      1.9572    
  85.000      1.9968    
  85.500      2.0325    
  86.000      2.0639    
  86.500      2.0906    
  87.000      2.1121    
  87.500      2.1282    
  88.000      2.1385    
  88.500      2.1428    
  89.000      2.1409    
  89.500      2.1325    
  90.000      2.1177    
  90.500      2.0964    
  91.000      2.0686    
  91.500      2.0343    
  92.000      1.9938    
  92.500      1.9471    
  93.000      1.8946    
  93.500      1.8365    
  94.000      1.7732    
  94.500      1.7051    
  95.000      1.6326    
  95.500      1.5561    
  96.000      1.4763    
  96.500      1.3937    
  97.000      1.3089    
  97.500      1.2226    
  98.000      1.1354    
  98.500      1.0480    
  99.000     0.96107    
  99.500     0.87544    
  100.00     0.79183    
  100.50     0.71099    
  101.00     0.63368    
  101.50     0.56069    
  102.00     0.49277    
  102.50     0.43068    
  103.00     0.37517    
  103.50     0.32698    
  104.00     0.28682    
  104.50     0.25540    
  105.00     0.23337    
  105.50     0.22138    
  106.00     0.22004    
  106.50     0.22992    
  107.00     0.25154    
  107.50     0.28541    
  108.00     0.33194    
  108.50     0.39156    
  109.00     0.46459    
  109.50     0.55132    
  110.00     0.65200    
  110.50     0.76681    
  111.00     0.89585    
  111.50      1.0392    
  112.00      1.1968    
  112.50      1.3687    
  113.00      1.5547    
  113.50      1.7546    
  114.00      1.9682    
  114.50      2.1951    
  115.00      2.4349    
  115.50      2.6873    
  116.00      2.9518    
  116.50      3.2276    
  117.00      3.5143    
  117.50      3.8112    
  118.00      4.1175    
  118.50      4.4324    
  119.00      4.7551    
  119.50      5.0846    
  120.00      5.4202    
  120.50      5.7607    
  121.00      6.1052    
  121.50      6.4527    
  122.00      6.8020    
  122.50      7.1520    
  123.00      7.5017    
  123.50      7.8498    
  124.00      8.1953    
  124.50      8.5368    
  125.00      8.8734    
  125.50      9.2037    
  126.00      9.5267    
  126.50      9.8411    
  127.00      10.146    
  127.50      10.440    
  128.00      10.722    
  128.50      10.991    
  129.00      11.246    
  129.50      11.486    
  130.00      11.710    
  130.50      11.918    
  131.00      12.107    
  131.50      12.279    
  132.00      12.431    
  132.50      12.563    
  133.00      12.675    
  133.50      12.766    
  134.00      12.836    
  134.50      12.884    
  135.00      12.911    
  135.50      12.915    
  136.00      12.897    
  136.50      12.857    
  137.00      12.795    
  137.50      12.711    
  138.00      12.606    
  138.50      12.479    
  139.00      12.332    
  139.50      12.164    
  140.00      11.977    
  140.50      11.770    
  141.00      11.546    
  141.50      11.305    
  142.00      11.047    
  142.50      10.774    
  143.00      10.487    
  143.50      10.187    
  144.00      9.8751    
  144.50      9.5528    
  145.00      9.2214    
  145.50      8.8823    
  146.00      8.5367    
  146.50      8.1862    
  147.00      7.8322    
  147.50      7.4761    
  148.00      7.1196    
  148.50      6.7640    
  149.00      6.4108    
  149.50      6.0615    
  150.00      5.7176    
  150.50      5.3805    
  151.00      5.0516    
  151.50      4.7322    
  152.00      4.4237    
  152.50      4.1273    
  153.00      3.8443    
  153.50      3.5757    
  154.00      3.3226    
  154.50      3.0861    
  155.00      2.8670    
  155.50      2.6661    
  156.00      2.4842    
  156.50      2.3219    
  157.00      2.1798    
  157.50      2.0583    
  158.00      1.9576    
  158.50      1.8782    
  159.00      1.8200    
  159.50      1.7831    
  160.00      1.7674    
  160.50      1.7726    
  161.00      1.7986    
  161.50      1.8448    
  162.00      1.9108    
  162.50      1.9959    
  163.00      2.0994    
  163.50      2.2206    
  164.00      2.3584    
  164.50      2.5120    
  165.00      2.6802    
  165.50      2.8620    
  166.00      3.0561    
  166.50      3.2613    
  167.00      3.4762    
  167.50      3.6995    
  168.00      3.9298    
  168.50      4.1656    
  169.00      4.4054    
  169.50      4.6479    
  170.00      4.8915    
  170.50      5.1346    
  171.00      5.3759    
  171.50      5.6139    
  172.00      5.8471    
  172.50      6.0742    
  173.00      6.2937    
  173.50      6.5043    
  174.00      6.7049    
  174.50      6.8941    
  175.00      7.0709    
  175.50      7.2342    
  176.00      7.3830    
  176.50      7.5164    
  177.00      7.6337    
  177.50      7.7342    
  178.00      7.8172    
  178.50      7.8823    
  179.00      7.9291    
  179.50      7.9573    
  179.99      7.9667    
 &
@             s1 legend        "Partition=  1 Excit=  2 near/far= 1"
#             s0 legend        "Lab energy =   16.0000"
@s1 linestyle   2
#  Theta       sigma       iT11        T20         T21         T22         Kyy for projectile
  0.0000      6.7403    
 0.50000      6.7403    
  1.0000      6.7404    
  1.5000      6.7405    
  2.0000      6.7405    
  2.5000      6.7402    
  3.0000      6.7395    
  3.5000      6.7382    
  4.0000      6.7361    
  4.5000      6.7329    
  5.0000      6.7283    
  5.5000      6.7221    
  6.0000      6.7141    
  6.5000      6.7040    
  7.0000      6.6916    
  7.5000      6.6766    
  8.0000      6.6589    
  8.5000      6.6384    
  9.0000      6.6149    
  9.5000      6.5884    
  10.000      6.5589    
  10.500      6.5263    
  11.000      6.4907    
  11.500      6.4523    
  12.000      6.4111    
  12.500      6.3675    
  13.000      6.3214    
  13.500      6.2733    
  14.000      6.2233    
  14.500      6.1718    
  15.000      6.1189    
  15.500      6.0649    
  16.000      6.0102    
  16.500      5.9549    
  17.000      5.8992    
  17.500      5.8434    
  18.000      5.7875    
  18.500      5.7319    
  19.000      5.6764    
  19.500      5.6213    
  20.000      5.5664    
  20.500      5.5119    
  21.000      5.4576    
  21.500      5.4035    
  22.000      5.3494    
  22.500      5.2954    
  23.000      5.2411    
  23.500      5.1865    
  24.000      5.1314    
  24.500      5.0756    
  25.000      5.0190    
  25.500      4.9614    
  26.000      4.9026    
  26.500      4.8426    
  27.000      4.7811    
  27.500      4.7181    
  28.000      4.6534    
  28.500      4.5871    
  29.000      4.5189    
  29.500      4.4490    
  30.000      4.3773    
  30.500      4.3037    
  31.000      4.2283    
  31.500      4.1512    
  32.000      4.0723    
  32.500      3.9918    
  33.000      3.9097    
  33.500      3.8262    
  34.000      3.7413    
  34.500      3.6552    
  35.000      3.5679    
  35.500      3.4797    
  36.000      3.3906    
  36.500      3.3009    
  37.000      3.2106    
  37.500      3.1201    
  38.000      3.0293    
  38.500      2.9386    
  39.000      2.8482    
  39.500      2.7581    
  40.000      2.6687    
  40.500      2.5802    
  41.000      2.4927    
  41.500      2.4064    
  42.000      2.3217    
  42.500      2.2387    
  43.000      2.1577    
  43.500      2.0788    
  44.000      2.0022    
  44.500      1.9283    
  45.000      1.8571    
  45.500      1.7890    
  46.000      1.7240    
  46.500      1.6624    
  47.000      1.6042    
  47.500      1.5497    
  48.000      1.4990    
  48.500      1.4522    
  49.000      1.4093    
  49.500      1.3705    
  50.000      1.3358    
  50.500      1.3053    
  51.000      1.2788    
  51.500      1.2565    
  52.000      1.2382    
  52.500      1.2240    
  53.000      1.2137    
  53.500      1.2073    
  54.000      1.2046    
  54.500      1.2055    
  55.000      1.2098    
  55.500      1.2175    
  56.000      1.2283    
  56.500      1.2420    
  57.000      1.2585    
  57.500      1.2776    
  58.000      1.2991    
  58.500      1.3227    
  59.000      1.3483    
  59.500      1.3756    
  60.000      1.4046    
  60.500      1.4349    
  61.000      1.4663    
  61.500      1.4987    
  62.000      1.5320    
  62.500      1.5658    
  63.000      1.6000    
  63.500      1.6345    
  64.000      1.6690    
  64.500      1.7035    
  65.000      1.7378    
  65.500      1.7716    
  66.000      1.8050    
  66.500      1.8377    
  67.000      1.8696    
  67.500      1.9006    
  68.000      1.9307    
  68.500      1.9595    
  69.000      1.9872    
  69.500      2.0136    
  70.000      2.0385    
  70.500      2.0620    
  71.000      2.0840    
  71.500      2.1043    
  72.000      2.1230    
  72.500      2.1400    
  73.000      2.1552    
  73.500      2.1686    
  74.000      2.1802    
  74.500      2.1899    
  75.000      2.1978    
  75.500      2.2039    
  76.000      2.2080    
  76.500      2.2103    
  77.000      2.2108    
  77.500      2.2094    
  78.000      2.2062    
  78.500      2.2012    
  79.000      2.1945    
  79.500      2.1860    
  80.000      2.1759    
  80.500      2.1642    
  81.000      2.1509    
  81.500      2.1360    
  82.000      2.1197    
  82.500      2.1020    
  83.000      2.0829    
  83.500      2.0625    
  84.000      2.0409    
  84.500      2.0181    
  85.000      1.9942    
  85.500      1.9693    
  86.000      1.9434    
  86.500      1.9166    
  87.000      1.8889    
  87.500      1.8605    
  88.000      1.8313    
  88.500      1.8015    
  89.000      1.7711    
  89.500      1.7401    
  90.000      1.7087    
  90.500      1.6769    
  91.000      1.6448    
  91.500      1.6123    
  92.000      1.5796    
  92.500      1.5468    
  93.000      1.5138    
  93.500      1.4808    
  94.000      1.4479    
  94.500      1.4149    
  95.000      1.3821    
  95.500      1.3495    
  96.000      1.3171    
  96.500      1.2850    
  97.000      1.2533    
  97.500      1.2219    
  98.000      1.1910    
  98.500      1.1607    
  99.000      1.1309    
  99.500      1.1017    
  100.00      1.0733    
  100.50      1.0455    
  101.00      1.0186    
  101.50     0.99254    
  102.00     0.96736    
  102.50     0.94314    
  103.00     0.91992    
  103.50     0.89776    
  104.00     0.87671    
  104.50     0.85681    
  105.00     0.83810    
  105.50     0.82063    
  106.00     0.80445    
  106.50     0.78958    
  107.00     0.77606    
  107.50     0.76393    
  108.00     0.75321    
  108.50     0.74393    
  109.00     0.73611    
  109.50     0.72976    
  110.00     0.72490    
  110.50     0.72155    
  111.00     0.71969    
  111.50     0.71935    
  112.00     0.72050    
  112.50     0.72315    
  113.00     0.72727    
  113.50     0.73286    
  114.00     0.73989    
  114.50     0.74833    
  115.00     0.75816    
  115.50     0.76933    
  116.00     0.78181    
  116.50     0.79555    
  117.00     0.81051    
  117.50     0.82663    
  118.00     0.84386    
  118.50     0.86214    
  119.00     0.88140    
  119.50     0.90158    
  120.00     0.92261    
  120.50     0.94442    
  121.00     0.96694    
  121.50     0.99008    
  122.00      1.0138    
  122.50      1.0379    
  123.00      1.0625    
  123.50      1.0873    
  124.00      1.1124    
  124.50      1.1376    
  125.00      1.1628    
  125.50      1.1881    
  126.00      1.2131    
  126.50      1.2380    
  127.00      1.2626    
  127.50      1.2867    
  128.00      1.3105    
  128.50      1.3336    
  129.00      1.3562    
  129.50      1.3780    
  130.00      1.3990    
  130.50      1.4192    
  131.00      1.4385    
  131.50      1.4568    
  132.00      1.4740    
  132.50      1.4901    
  133.00      1.5051    
  133.50      1.5189    
  134.00      1.5314    
  134.50      1.5426    
  135.00      1.5525    
  135.50      1.5611    
  136.00      1.5683    
  136.50      1.5741    
  137.00      1.5785    
  137.50      1.5816    
  138.00      1.5832    
  138.50      1.5835    
  139.00      1.5824    
  139.50      1.5800    
  140.00      1.5763    
  140.50      1.5713    
  141.00      1.5650    
  141.50      1.5576    
  142.00      1.5490    
  142.50      1.5393    
  143.00      1.5286    
  143.50      1.5169    
  144.00      1.5043    
  144.50      1.4909    
  145.00      1.4767    
  145.50      1.4618    
  146.00      1.4463    
  146.50      1.4302    
  147.00      1.4137    
  147.50      1.3969    
  148.00      1.3797    
  148.50      1.3623    
  149.00      1.3448    
  149.50      1.3272    
  150.00      1.3097    
  150.50      1.2922    
  151.00      1.2750    
  151.50      1.2579    
  152.00      1.2413    
  152.50      1.2250    
  153.00      1.2092    
  153.50      1.1939    
  154.00      1.1792    
  154.50      1.1651    
  155.00      1.1517    
  155.50      1.1391    
  156.00      1.1272    
  156.50      1.1162    
  157.00      1.1061    
  157.50      1.0968    
  158.00      1.0885    
  158.50      1.0811    
  159.00      1.0746    
  159.50      1.0691    
  160.00      1.0646    
  160.50      1.0610    
  161.00      1.0584    
  161.50      1.0567    
  162.00      1.0560    
  162.50      1.0561    
  163.00      1.0572    
  163.50      1.0591    
  164.00      1.0618    
  164.50      1.0653    
  165.00      1.0696    
  165.50      1.0745    
  166.00      1.0801    
  166.50      1.0862    
  167.00      1.0929    
  167.50      1.1001    
  168.00      1.1077    
  168.50      1.1156    
  169.00      1.1238    
  169.50      1.1322    
  170.00      1.1408    
  170.50      1.1494    
  171.00      1.1581    
  171.50      1.1667    
  172.00      1.1753    
  172.50      1.1837    
  173.00      1.1918    
  173.50      1.1997    
  174.00      1.2072    
  174.50      1.2143    
  175.00      1.2210    
  175.50      1.2272    
  176.00      1.2328    
  176.50      1.2379    
  177.00      1.2424    
  177.50      1.2463    
  178.00      1.2494    
  178.50      1.2519    
  179.00      1.2537    
  179.50      1.2548    
  180.00      1.2552    
 &
@             s2 legend        "Partition=  2 Excit=  1 near/far= 1"
#             s0 legend        "Lab energy =   16.0000"
@s2 linestyle   3
#  Theta       sigma       iT11        T20         T21         T22         Kyy for projectile
  0.0000      88.536    
 0.50000      88.364    
  1.0000      87.849    
  1.5000      86.996    
  2.0000      85.816    
  2.5000      84.320    
  3.0000      82.525    
  3.5000      80.449    
  4.0000      78.115    
  4.5000      75.546    
  5.0000      72.767    
  5.5000      69.807    
  6.0000      66.694    
  6.5000      63.456    
  7.0000      60.122    
  7.5000      56.721    
  8.0000      53.282    
  8.5000      49.832    
  9.0000      46.397    
  9.5000      43.001    
  10.000      39.668    
  10.500      36.417    
  11.000      33.268    
  11.500      30.237    
  12.000      27.338    
  12.500      24.583    
  13.000      21.982    
  13.500      19.542    
  14.000      17.269    
  14.500      15.167    
  15.000      13.236    
  15.500      11.477    
  16.000      9.8883    
  16.500      8.4672    
  17.000      7.2093    
  17.500      6.1097    
  18.000      5.1624    
  18.500      4.3606    
  19.000      3.6972    
  19.500      3.1644    
  20.000      2.7543    
  20.500      2.4586    
  21.000      2.2690    
  21.500      2.1772    
  22.000      2.1747    
  22.500      2.2534    
  23.000      2.4051    
  23.500      2.6218    
  24.000      2.8958    
  24.500      3.2197    
  25.000      3.5861    
  25.500      3.9881    
  26.000      4.4189    
  26.500      4.8722    
  27.000      5.3417    
  27.500      5.8216    
  28.000      6.3065    
  28.500      6.7910    
  29.000      7.2704    
  29.500      7.7400    
  30.000      8.1957    
  30.500      8.6336    
  31.000      9.0501    
  31.500      9.4421    
  32.000      9.8068    
  32.500      10.142    
  33.000      10.445    
  33.500      10.715    
  34.000      10.950    
  34.500      11.150    
  35.000      11.314    
  35.500      11.441    
  36.000      11.533    
  36.500      11.588    
  37.000      11.609    
  37.500      11.596    
  38.000      11.551    
  38.500      11.475    
  39.000      11.370    
  39.500      11.237    
  40.000      11.080    
  40.500      10.900    
  41.000      10.699    
  41.500      10.480    
  42.000      10.245    
  42.500      9.9953    
  43.000      9.7343    
  43.500      9.4638    
  44.000      9.1857    
  44.500      8.9019    
  45.000      8.6143    
  45.500      8.3244    
  46.000      8.0337    
  46.500      7.7437    
  47.000      7.4555    
  47.500      7.1701    
  48.000      6.8885    
  48.500      6.6115    
  49.000      6.3396    
  49.500      6.0735    
  50.000      5.8134    
  50.500      5.5598    
  51.000      5.3129    
  51.500      5.0727    
  52.000      4.8395    
  52.500      4.6132    
  53.000      4.3939    
  53.500      4.1814    
  54.000      3.9757    
  54.500      3.7767    
  55.000      3.5843    
  55.500      3.3984    
  56.000      3.2188    
  56.500      3.0455    
  57.000      2.8783    
  57.500      2.7171    
  58.000      2.5619    
  58.500      2.4125    
  59.000      2.2688    
  59.500      2.1309    
  60.000      1.9985    
  60.500      1.8718    
  61.000      1.7505    
  61.500      1.6348    
  62.000      1.5245    
  62.500      1.4196    
  63.000      1.3201    
  63.500      1.2259    
  64.000      1.1371    
  64.500      1.0535    
  65.000     0.97513    
  65.500     0.90195    
  66.000     0.83389    
  66.500     0.77087    
  67.000     0.71283    
  67.500     0.65966    
  68.000     0.61128    
  68.500     0.56759    
  69.000     0.52845    
  69.500     0.49376    
  70.000     0.46337    
  70.500     0.43714    
  71.000     0.41493    
  71.500     0.39658    
  72.000     0.38193    
  72.500     0.37081    
  73.000     0.36307    
  73.500     0.35853    
  74.000     0.35703    
  74.500     0.35839    
  75.000     0.36246    
  75.500     0.36906    
  76.000     0.37804    
  76.500     0.38925    
  77.000     0.40253    
  77.500     0.41773    
  78.000     0.43472    
  78.500     0.45335    
  79.000     0.47351    
  79.500     0.49506    
  80.000     0.51789    
  80.500     0.54189    
  81.000     0.56695    
  81.500     0.59296    
  82.000     0.61985    
  82.500     0.64750    
  83.000     0.67584    
  83.500     0.70479    
  84.000     0.73425    
  84.500     0.76417    
  85.000     0.79446    
  85.500     0.82506    
  86.000     0.85590    
  86.500     0.88691    
  87.000     0.91803    
  87.500     0.94919    
  88.000     0.98033    
  88.500      1.0114    
  89.000      1.0423    
  89.500      1.0731    
  90.000      1.1035    
  90.500      1.1337    
  91.000      1.1635    
  91.500      1.1928    
  92.000      1.2217    
  92.500      1.2500    
  93.000      1.2778    
  93.500      1.3048    
  94.000      1.3312    
  94.500      1.3568    
  95.000      1.3816    
  95.500      1.4055    
  96.000      1.4285    
  96.500      1.4505    
  97.000      1.4714    
  97.500      1.4913    
  98.000      1.5101    
  98.500      1.5277    
  99.000      1.5442    
  99.500      1.5593    
  100.00      1.5732    
  100.50      1.5858    
  101.00      1.5970    
  101.50      1.6069    
  102.00      1.6154    
  102.50      1.6224    
  103.00      1.6281    
  103.50      1.6322    
  104.00      1.6350    
  104.50      1.6362    
  105.00      1.6360    
  105.50      1.6344    
  106.00      1.6313    
  106.50      1.6268    
  107.00      1.6208    
  107.50      1.6135    
  108.00      1.6048    
  108.50      1.5947    
  109.00      1.5833    
  109.50      1.5707    
  110.00      1.5568    
  110.50      1.5418    
  111.00      1.5255    
  111.50      1.5082    
  112.00      1.4898    
  112.50      1.4705    
  113.00      1.4502    
  113.50      1.4290    
  114.00      1.4070    
  114.50      1.3842    
  115.00      1.3607    
  115.50      1.3365    
  116.00      1.3118    
  116.50      1.2865    
  117.00      1.2608    
  117.50      1.2347    
  118.00      1.2082    
  118.50      1.1814    
  119.00      1.1544    
  119.50      1.1271    
  120.00      1.0998    
  120.50      1.0724    
  121.00      1.0449    
  121.50      1.0175    
  122.00     0.99018    
  122.50     0.96295    
  123.00     0.93588    
  123.50     0.90900    
  124.00     0.88236    
  124.50     0.85600    
  125.00     0.82994    
  125.50     0.80423    
  126.00     0.77888    
  126.50     0.75394    
  127.00     0.72942    
  127.50     0.70535    
  128.00     0.68176    
  128.50     0.65865    
  129.00     0.63605    
  129.50     0.61398    
  130.00     0.59245    
  130.50     0.57147    
  131.00     0.55105    
  131.50     0.53121    
  132.00     0.51194    
  132.50     0.49326    
  133.00     0.47517    
  133.50     0.45767    
  134.00     0.44076    
  134.50     0.42445    
  135.00     0.40873    
  135.50     0.39361    
  136.00     0.37907    
  136.50     0.36511    
  137.00     0.35173    
  137.50     0.33892    
  138.00     0.32668    
  138.50     0.31499    
  139.00     0.30385    
  139.50     0.29325    
  140.00     0.28318    
  140.50     0.27363    
  141.00     0.26458    
  141.50     0.25604    
  142.00     0.24797    
  142.50     0.24039    
  143.00     0.23326    
  143.50     0.22658    
  144.00     0.22034    
  144.50     0.21453    
  145.00     0.20913    
  145.50     0.20413    
  146.00     0.19951    
  146.50     0.19527    
  147.00     0.19139    
  147.50     0.18786    
  148.00     0.18466    
  148.50     0.18179    
  149.00     0.17923    
  149.50     0.17697    
  150.00     0.17500    
  150.50     0.17330    
  151.00     0.17186    
  151.50     0.17067    
  152.00     0.16972    
  152.50     0.16900    
  153.00     0.16849    
  153.50     0.16818    
  154.00     0.16806    
  154.50     0.16813    
  155.00     0.16836    
  155.50     0.16875    
  156.00     0.16929    
  156.50     0.16997    
  157.00     0.17078    
  157.50     0.17170    
  158.00     0.17274    
  158.50     0.17387    
  159.00     0.17510    
  159.50     0.17640    
  160.00     0.17778    
  160.50     0.17923    
  161.00     0.18074    
  161.50     0.18230    
  162.00     0.18391    
  162.50     0.18555    
  163.00     0.18723    
  163.50     0.18894    
  164.00     0.19067    
  164.50     0.19242    
  165.00     0.19417    
  165.50     0.19594    
  166.00     0.19770    
  166.50     0.19947    
  167.00     0.20122    
  167.50     0.20296    
  168.00     0.20469    
  168.50     0.20639    
  169.00     0.20807    
  169.50     0.20972    
  170.00     0.21134    
  170.50     0.21291    
  171.00     0.21444    
  171.50     0.21593    
  172.00     0.21736    
  172.50     0.21873    
  173.00     0.22004    
  173.50     0.22128    
  174.00     0.22245    
  174.50     0.22355    
  175.00     0.22457    
  175.50     0.22550    
  176.00     0.22635    
  176.50     0.22710    
  177.00     0.22776    
  177.50     0.22833    
  178.00     0.22879    
  178.50     0.22916    
  179.00     0.22942    
  179.50     0.22957    
  180.00     0.22963    
 &
@             s3 legend        "Partition=  2 Excit=  2 near/far= 1"
#             s0 legend        "Lab energy =   16.0000"
@s3 linestyle   4
#  Theta       sigma       iT11        T20         T21         T22         Kyy for projectile
  0.0000      90.349    
 0.50000      90.178    
  1.0000      89.664    
  1.5000      88.814    
  2.0000      87.637    
  2.5000      86.146    
  3.0000      84.356    
  3.5000      82.286    
  4.0000      79.958    
  4.5000      77.395    
  5.0000      74.622    
  5.5000      71.668    
  6.0000      68.559    
  6.5000      65.325    
  7.0000      61.994    
  7.5000      58.595    
  8.0000      55.156    
  8.5000      51.703    
  9.0000      48.263    
  9.5000      44.860    
  10.000      41.516    
  10.500      38.253    
  11.000      35.087    
  11.500      32.037    
  12.000      29.115    
  12.500      26.333    
  13.000      23.701    
  13.500      21.227    
  14.000      18.916    
  14.500      16.772    
  15.000      14.795    
  15.500      12.986    
  16.000      11.345    
  16.500      9.8663    
  17.000      8.5479    
  17.500      7.3844    
  18.000      6.3698    
  18.500      5.4978    
  19.000      4.7611    
  19.500      4.1525    
  20.000      3.6640    
  20.500      3.2876    
  21.000      3.0154    
  21.500      2.8390    
  22.000      2.7505    
  22.500      2.7417    
  23.000      2.8049    
  23.500      2.9323    
  24.000      3.1165    
  24.500      3.3501    
  25.000      3.6261    
  25.500      3.9379    
  26.000      4.2789    
  26.500      4.6428    
  27.000      5.0239    
  27.500      5.4165    
  28.000      5.8153    
  28.500      6.2152    
  29.000      6.6117    
  29.500      7.0003    
  30.000      7.3771    
  30.500      7.7384    
  31.000      8.0808    
  31.500      8.4013    
  32.000      8.6973    
  32.500      8.9667    
  33.000      9.2074    
  33.500      9.4179    
  34.000      9.5972    
  34.500      9.7444    
  35.000      9.8590    
  35.500      9.9410    
  36.000      9.9907    
  36.500      10.009    
  37.000      9.9954    
  37.500      9.9523    
  38.000      9.8808    
  38.500      9.7823    
  39.000      9.6586    
  39.500      9.5115    
  40.000      9.3432    
  40.500      9.1557    
  41.000      8.9512    
  41.500      8.7318    
  42.000      8.4996    
  42.500      8.2570    
  43.000      8.0058    
  43.500      7.7480    
  44.000      7.4857    
  44.500      7.2204    
  45.000      6.9538    
  45.500      6.6875    
  46.000      6.4227    
  46.500      6.1606    
  47.000      5.9023    
  47.500      5.6486    
  48.000      5.4004    
  48.500      5.1581    
  49.000      4.9223    
  49.500      4.6934    
  50.000      4.4716    
  50.500      4.2572    
  51.000      4.0501    
  51.500      3.8505    
  52.000      3.6582    
  52.500      3.4733    
  53.000      3.2955    
  53.500      3.1249    
  54.000      2.9611    
  54.500      2.8040    
  55.000      2.6534    
  55.500      2.5092    
  56.000      2.3711    
  56.500      2.2390    
  57.000      2.1128    
  57.500      1.9921    
  58.000      1.8770    
  58.500      1.7673    
  59.000      1.6629    
  59.500      1.5636    
  60.000      1.4694    
  60.500      1.3801    
  61.000      1.2958    
  61.500      1.2162    
  62.000      1.1414    
  62.500      1.0714    
  63.000      1.0059    
  63.500     0.94497    
  64.000     0.88854    
  64.500     0.83653    
  65.000     0.78887    
  65.500     0.74546    
  66.000     0.70622    
  66.500     0.67105    
  67.000     0.63984    
  67.500     0.61248    
  68.000     0.58886    
  68.500     0.56882    
  69.000     0.55225    
  69.500     0.53898    
  70.000     0.52888    
  70.500     0.52178    
  71.000     0.51752    
  71.500     0.51593    
  72.000     0.51686    
  72.500     0.52013    
  73.000     0.52558    
  73.500     0.53304    
  74.000     0.54235    
  74.500     0.55336    
  75.000     0.56591    
  75.500     0.57985    
  76.000     0.59505    
  76.500     0.61137    
  77.000     0.62869    
  77.500     0.64688    
  78.000     0.66583    
  78.500     0.68545    
  79.000     0.70564    
  79.500     0.72631    
  80.000     0.74738    
  80.500     0.76877    
  81.000     0.79043    
  81.500     0.81228    
  82.000     0.83428    
  82.500     0.85637    
  83.000     0.87851    
  83.500     0.90065    
  84.000     0.92276    
  84.500     0.94480    
  85.000     0.96674    
  85.500     0.98854    
  86.000      1.0102    
  86.500      1.0316    
  87.000      1.0528    
  87.500      1.0738    
  88.000      1.0945    
  88.500      1.1149    
  89.000      1.1349    
  89.500      1.1545    
  90.000      1.1738    
  90.500      1.1926    
  91.000      1.2110    
  91.500      1.2288    
  92.000      1.2461    
  92.500      1.2628    
  93.000      1.2789    
  93.500      1.2944    
  94.000      1.3092    
  94.500      1.3233    
  95.000      1.3366    
  95.500      1.3491    
  96.000      1.3608    
  96.500      1.3716    
  97.000      1.3815    
  97.500      1.3904    
  98.000      1.3984    
  98.500      1.4054    
  99.000      1.4113    
  99.500      1.4162    
  100.00      1.4200    
  100.50      1.4227    
  101.00      1.4242    
  101.50      1.4246    
  102.00      1.4239    
  102.50      1.4219    
  103.00      1.4188    
  103.50      1.4145    
  104.00      1.4090    
  104.50      1.4023    
  105.00      1.3945    
  105.50      1.3855    
  106.00      1.3753    
  106.50      1.3641    
  107.00      1.3517    
  107.50      1.3382    
  108.00      1.3237    
  108.50      1.3082    
  109.00      1.2917    
  109.50      1.2743    
  110.00      1.2560    
  110.50      1.2368    
  111.00      1.2169    
  111.50      1.1962    
  112.00      1.1748    
  112.50      1.1527    
  113.00      1.1301    
  113.50      1.1069    
  114.00      1.0833    
  114.50      1.0592    
  115.00      1.0348    
  115.50      1.0100    
  116.00     0.98506    
  116.50     0.95989    
  117.00     0.93458    
  117.50     0.90918    
  118.00     0.88375    
  118.50     0.85834    
  119.00     0.83300    
  119.50     0.80779    
  120.00     0.78273    
  120.50     0.75789    
  121.00     0.73331    
  121.50     0.70901    
  122.00     0.68505    
  122.50     0.66147    
  123.00     0.63828    
  123.50     0.61554    
  124.00     0.59326    
  124.50     0.57148    
  125.00     0.55021    
  125.50     0.52950    
  126.00     0.50935    
  126.50     0.48979    
  127.00     0.47083    
  127.50     0.45250    
  128.00     0.43480    
  128.50     0.41774    
  129.00     0.40134    
  129.50     0.38561    
  130.00     0.37054    
  130.50     0.35616    
  131.00     0.34245    
  131.50     0.32943    
  132.00     0.31708    
  132.50     0.30542    
  133.00     0.29444    
  133.50     0.28414    
  134.00     0.27451    
  134.50     0.26554    
  135.00     0.25724    
  135.50     0.24959    
  136.00     0.24258    
  136.50     0.23622    
  137.00     0.23048    
  137.50     0.22535    
  138.00     0.22083    
  138.50     0.21691    
  139.00     0.21357    
  139.50     0.21081    
  140.00     0.20860    
  140.50     0.20694    
  141.00     0.20582    
  141.50     0.20521    
  142.00     0.20512    
  142.50     0.20551    
  143.00     0.20640    
  143.50     0.20774    
  144.00     0.20955    
  144.50     0.21179    
  145.00     0.21447    
  145.50     0.21755    
  146.00     0.22104    
  146.50     0.22491    
  147.00     0.22915    
  147.50     0.23376    
  148.00     0.23870    
  148.50     0.24398    
  149.00     0.24957    
  149.50     0.25546    
  150.00     0.26164    
  150.50     0.26809    
  151.00     0.27479    
  151.50     0.28174    
  152.00     0.28891    
  152.50     0.29629    
  153.00     0.30387    
  153.50     0.31162    
  154.00     0.31955    
  154.50     0.32762    
  155.00     0.33582    
  155.50     0.34415    
  156.00     0.35258    
  156.50     0.36110    
  157.00     0.36969    
  157.50     0.37834    
  158.00     0.38704    
  158.50     0.39577    
  159.00     0.40452    
  159.50     0.41327    
  160.00     0.42202    
  160.50     0.43075    
  161.00     0.43944    
  161.50     0.44809    
  162.00     0.45669    
  162.50     0.46522    
  163.00     0.47367    
  163.50     0.48204    
  164.00     0.49031    
  164.50     0.49847    
  165.00     0.50652    
  165.50     0.51444    
  166.00     0.52222    
  166.50     0.52986    
  167.00     0.53734    
  167.50     0.54466    
  168.00     0.55180    
  168.50     0.55876    
  169.00     0.56552    
  169.50     0.57209    
  170.00     0.57843    
  170.50     0.58456    
  171.00     0.59045    
  171.50     0.59610    
  172.00     0.60149    
  172.50     0.60662    
  173.00     0.61148    
  173.50     0.61605    
  174.00     0.62033    
  174.50     0.62430    
  175.00     0.62797    
  175.50     0.63131    
  176.00     0.63433    
  176.50     0.63700    
  177.00     0.63934    
  177.50     0.64133    
  178.00     0.64296    
  178.50     0.64424    
  179.00     0.64515    
  179.50     0.64570    
  180.00     0.64588    
 &
@             s4 legend        "Partition=  2 Excit=  3 near/far= 1"
#             s0 legend        "Lab energy =   16.0000"
@s4 linestyle   5
#  Theta       sigma       iT11        T20         T21         T22         Kyy for projectile
  0.0000     0.62539E-01
 0.50000     0.62543E-01
  1.0000     0.62556E-01
  1.5000     0.62577E-01
  2.0000     0.62607E-01
  2.5000     0.62646E-01
  3.0000     0.62693E-01
  3.5000     0.62749E-01
  4.0000     0.62815E-01
  4.5000     0.62890E-01
  5.0000     0.62975E-01
  5.5000     0.63070E-01
  6.0000     0.63176E-01
  6.5000     0.63292E-01
  7.0000     0.63419E-01
  7.5000     0.63557E-01
  8.0000     0.63707E-01
  8.5000     0.63869E-01
  9.0000     0.64044E-01
  9.5000     0.64231E-01
  10.000     0.64431E-01
  10.500     0.64645E-01
  11.000     0.64873E-01
  11.500     0.65115E-01
  12.000     0.65371E-01
  12.500     0.65643E-01
  13.000     0.65929E-01
  13.500     0.66230E-01
  14.000     0.66547E-01
  14.500     0.66880E-01
  15.000     0.67228E-01
  15.500     0.67592E-01
  16.000     0.67971E-01
  16.500     0.68367E-01
  17.000     0.68778E-01
  17.500     0.69205E-01
  18.000     0.69647E-01
  18.500     0.70105E-01
  19.000     0.70578E-01
  19.500     0.71065E-01
  20.000     0.71566E-01
  20.500     0.72081E-01
  21.000     0.72610E-01
  21.500     0.73151E-01
  22.000     0.73704E-01
  22.500     0.74269E-01
  23.000     0.74844E-01
  23.500     0.75429E-01
  24.000     0.76023E-01
  24.500     0.76625E-01
  25.000     0.77234E-01
  25.500     0.77850E-01
  26.000     0.78470E-01
  26.500     0.79095E-01
  27.000     0.79722E-01
  27.500     0.80351E-01
  28.000     0.80981E-01
  28.500     0.81609E-01
  29.000     0.82236E-01
  29.500     0.82860E-01
  30.000     0.83478E-01
  30.500     0.84091E-01
  31.000     0.84697E-01
  31.500     0.85294E-01
  32.000     0.85880E-01
  32.500     0.86456E-01
  33.000     0.87019E-01
  33.500     0.87568E-01
  34.000     0.88101E-01
  34.500     0.88618E-01
  35.000     0.89116E-01
  35.500     0.89596E-01
  36.000     0.90054E-01
  36.500     0.90491E-01
  37.000     0.90905E-01
  37.500     0.91295E-01
  38.000     0.91660E-01
  38.500     0.91998E-01
  39.000     0.92309E-01
  39.500     0.92592E-01
  40.000     0.92845E-01
  40.500     0.93068E-01
  41.000     0.93261E-01
  41.500     0.93421E-01
  42.000     0.93550E-01
  42.500     0.93645E-01
  43.000     0.93706E-01
  43.500     0.93734E-01
  44.000     0.93727E-01
  44.500     0.93685E-01
  45.000     0.93608E-01
  45.500     0.93495E-01
  46.000     0.93347E-01
  46.500     0.93162E-01
  47.000     0.92943E-01
  47.500     0.92687E-01
  48.000     0.92395E-01
  48.500     0.92069E-01
  49.000     0.91706E-01
  49.500     0.91309E-01
  50.000     0.90877E-01
  50.500     0.90411E-01
  51.000     0.89911E-01
  51.500     0.89378E-01
  52.000     0.88812E-01
  52.500     0.88214E-01
  53.000     0.87585E-01
  53.500     0.86925E-01
  54.000     0.86235E-01
  54.500     0.85517E-01
  55.000     0.84770E-01
  55.500     0.83996E-01
  56.000     0.83196E-01
  56.500     0.82371E-01
  57.000     0.81522E-01
  57.500     0.80649E-01
  58.000     0.79755E-01
  58.500     0.78839E-01
  59.000     0.77904E-01
  59.500     0.76951E-01
  60.000     0.75980E-01
  60.500     0.74992E-01
  61.000     0.73990E-01
  61.500     0.72974E-01
  62.000     0.71945E-01
  62.500     0.70906E-01
  63.000     0.69856E-01
  63.500     0.68797E-01
  64.000     0.67731E-01
  64.500     0.66658E-01
  65.000     0.65580E-01
  65.500     0.64499E-01
  66.000     0.63414E-01
  66.500     0.62329E-01
  67.000     0.61243E-01
  67.500     0.60157E-01
  68.000     0.59074E-01
  68.500     0.57994E-01
  69.000     0.56919E-01
  69.500     0.55848E-01
  70.000     0.54785E-01
  70.500     0.53728E-01
  71.000     0.52681E-01
  71.500     0.51642E-01
  72.000     0.50614E-01
  72.500     0.49598E-01
  73.000     0.48594E-01
  73.500     0.47603E-01
  74.000     0.46626E-01
  74.500     0.45664E-01
  75.000     0.44717E-01
  75.500     0.43787E-01
  76.000     0.42874E-01
  76.500     0.41979E-01
  77.000     0.41102E-01
  77.500     0.40244E-01
  78.000     0.39405E-01
  78.500     0.38587E-01
  79.000     0.37789E-01
  79.500     0.37012E-01
  80.000     0.36256E-01
  80.500     0.35522E-01
  81.000     0.34810E-01
  81.500     0.34121E-01
  82.000     0.33455E-01
  82.500     0.32811E-01
  83.000     0.32191E-01
  83.500     0.31594E-01
  84.000     0.31020E-01
  84.500     0.30470E-01
  85.000     0.29944E-01
  85.500     0.29441E-01
  86.000     0.28962E-01
  86.500     0.28507E-01
  87.000     0.28075E-01
  87.500     0.27667E-01
  88.000     0.27282E-01
  88.500     0.26921E-01
  89.000     0.26582E-01
  89.500     0.26267E-01
  90.000     0.25974E-01
  90.500     0.25703E-01
  91.000     0.25455E-01
  91.500     0.25228E-01
  92.000     0.25023E-01
  92.500     0.24839E-01
  93.000     0.24675E-01
  93.500     0.24533E-01
  94.000     0.24410E-01
  94.500     0.24306E-01
  95.000     0.24222E-01
  95.500     0.24156E-01
  96.000     0.24109E-01
  96.500     0.24079E-01
  97.000     0.24066E-01
  97.500     0.24070E-01
  98.000     0.24089E-01
  98.500     0.24125E-01
  99.000     0.24175E-01
  99.500     0.24240E-01
  100.00     0.24319E-01
  100.50     0.24411E-01
  101.00     0.24515E-01
  101.50     0.24632E-01
  102.00     0.24761E-01
  102.50     0.24900E-01
  103.00     0.25050E-01
  103.50     0.25209E-01
  104.00     0.25378E-01
  104.50     0.25556E-01
  105.00     0.25741E-01
  105.50     0.25934E-01
  106.00     0.26134E-01
  106.50     0.26341E-01
  107.00     0.26553E-01
  107.50     0.26771E-01
  108.00     0.26994E-01
  108.50     0.27220E-01
  109.00     0.27451E-01
  109.50     0.27685E-01
  110.00     0.27922E-01
  110.50     0.28162E-01
  111.00     0.28403E-01
  111.50     0.28646E-01
  112.00     0.28891E-01
  112.50     0.29136E-01
  113.00     0.29382E-01
  113.50     0.29628E-01
  114.00     0.29874E-01
  114.50     0.30120E-01
  115.00     0.30365E-01
  115.50     0.30609E-01
  116.00     0.30853E-01
  116.50     0.31095E-01
  117.00     0.31336E-01
  117.50     0.31576E-01
  118.00     0.31814E-01
  118.50     0.32051E-01
  119.00     0.32286E-01
  119.50     0.32520E-01
  120.00     0.32753E-01
  120.50     0.32984E-01
  121.00     0.33213E-01
  121.50     0.33442E-01
  122.00     0.33670E-01
  122.50     0.33897E-01
  123.00     0.34123E-01
  123.50     0.34349E-01
  124.00     0.34575E-01
  124.50     0.34802E-01
  125.00     0.35029E-01
  125.50     0.35257E-01
  126.00     0.35486E-01
  126.50     0.35717E-01
  127.00     0.35951E-01
  127.50     0.36187E-01
  128.00     0.36426E-01
  128.50     0.36670E-01
  129.00     0.36917E-01
  129.50     0.37169E-01
  130.00     0.37426E-01
  130.50     0.37690E-01
  131.00     0.37960E-01
  131.50     0.38237E-01
  132.00     0.38521E-01
  132.50     0.38814E-01
  133.00     0.39116E-01
  133.50     0.39427E-01
  134.00     0.39749E-01
  134.50     0.40081E-01
  135.00     0.40425E-01
  135.50     0.40781E-01
  136.00     0.41150E-01
  136.50     0.41532E-01
  137.00     0.41927E-01
  137.50     0.42338E-01
  138.00     0.42763E-01
  138.50     0.43204E-01
  139.00     0.43661E-01
  139.50     0.44134E-01
  140.00     0.44625E-01
  140.50     0.45133E-01
  141.00     0.45659E-01
  141.50     0.46204E-01
  142.00     0.46767E-01
  142.50     0.47349E-01
  143.00     0.47951E-01
  143.50     0.48572E-01
  144.00     0.49213E-01
  144.50     0.49874E-01
  145.00     0.50555E-01
  145.50     0.51257E-01
  146.00     0.51978E-01
  146.50     0.52720E-01
  147.00     0.53482E-01
  147.50     0.54264E-01
  148.00     0.55066E-01
  148.50     0.55888E-01
  149.00     0.56728E-01
  149.50     0.57588E-01
  150.00     0.58467E-01
  150.50     0.59363E-01
  151.00     0.60278E-01
  151.50     0.61209E-01
  152.00     0.62158E-01
  152.50     0.63122E-01
  153.00     0.64101E-01
  153.50     0.65095E-01
  154.00     0.66102E-01
  154.50     0.67122E-01
  155.00     0.68154E-01
  155.50     0.69197E-01
  156.00     0.70249E-01
  156.50     0.71311E-01
  157.00     0.72380E-01
  157.50     0.73455E-01
  158.00     0.74536E-01
  158.50     0.75621E-01
  159.00     0.76708E-01
  159.50     0.77797E-01
  160.00     0.78887E-01
  160.50     0.79975E-01
  161.00     0.81060E-01
  161.50     0.82142E-01
  162.00     0.83218E-01
  162.50     0.84287E-01
  163.00     0.85348E-01
  163.50     0.86399E-01
  164.00     0.87438E-01
  164.50     0.88465E-01
  165.00     0.89478E-01
  165.50     0.90474E-01
  166.00     0.91454E-01
  166.50     0.92415E-01
  167.00     0.93355E-01
  167.50     0.94274E-01
  168.00     0.95170E-01
  168.50     0.96041E-01
  169.00     0.96887E-01
  169.50     0.97705E-01
  170.00     0.98495E-01
  170.50     0.99255E-01
  171.00     0.99984E-01
  171.50     0.10068    
  172.00     0.10134    
  172.50     0.10197    
  173.00     0.10257    
  173.50     0.10312    
  174.00     0.10364    
  174.50     0.10413    
  175.00     0.10457    
  175.50     0.10497    
  176.00     0.10533    
  176.50     0.10565    
  177.00     0.10593    
  177.50     0.10617    
  178.00     0.10636    
  178.50     0.10652    
  179.00     0.10662    
  179.50     0.10669    
  180.00     0.10671    
 &
