0 0.05574451572
0.5 0.05573016997
1 0.05568815741
1.5 0.05561847805
2 0.05552010718
2.5 0.0553950942
3 0.05524241442
3.5 0.05506206783
4 0.05485610383
4.5 0.05462349772
5 0.05436527419
5.5 0.05408245795
6 0.0537740243
6.5 0.05344202262
7 0.05308747763
7.5 0.05270833991
8 0.05230768357
8.5 0.0518844839
9 0.05143976561
9.5 0.05097455339
10 0.05048679784
10.5 0.04997854837
11 0.04944980496
11.5 0.04890056762
12 0.04832981166
12.5 0.04773856176
13 0.04712681793
13.5 0.04649355548
14 0.0458397991
14.5 0.04516554878
15 0.04446977984
15.5 0.04375351697
16 0.04301573547
16.5 0.04225746004
17 0.04147971538
17.5 0.04068250148
18 0.03986581835
18.5 0.03903069068
19 0.03817814317
19.5 0.03730920052
20 0.03642591211
20.5 0.03552827795
21 0.03461834744
21.5 0.03369816996
22 0.03276877021
22.5 0.03183322228
23 0.03089255087
23.5 0.02994983007
24 0.02900710926
24.5 0.02806643785
25 0.02712986523
25.5 0.02620149017
26 0.02528233739
26.5 0.02437548096
27 0.02348399499
27.5 0.02260787946
28 0.02175225786
28.5 0.02091815488
29 0.02010659524
29.5 0.019320653
30 0.01856135287
30.5 0.01782971955
31 0.01712882713
31.5 0.01645765091
32 0.01581824027
32.5 0.01521059523
33 0.01463471579
33.5 0.01409162663
34 0.01357927836
34.5 0.01309972039
35 0.01264987862
35.5 0.01223077774
36 0.01184036836
36.5 0.01147660109
37 0.01114050063
37.5 0.01082899289
38 0.01054002847
38.5 0.01027258267
39 0.01002491352
39.5 0.009794869154
40 0.00958070758
40.5 0.009380481879
41 0.009192347597
41.5 0.00901435781
42 0.008844770535
42.5 0.008681843787
43 0.008523938053
43.5 0.008369721226
44 0.008217553791
44.5 0.008066206115
45 0.007914653498
45.5 0.007761871246
46 0.007607039601
46.5 0.007449441275
47 0.007288461451
47.5 0.007123792719
48 0.006955230141
48.5 0.006782466307
49 0.006605706156
49.5 0.006425052158
50 0.006240709253
50.5 0.00605298485
51 0.005862288826
51.5 0.005669236001
52 0.005474338721
52.5 0.005278109337
53 0.005081367604
53.5 0.00488472834
54 0.004688908834
54.5 0.004494523903
55 0.004302495774
55.5 0.004113336795
56 0.003927661785
56.5 0.0037462905
57 0.003569632818
57.5 0.003398406029
58 0.00323291754
58.5 0.0030736797
59 0.002921102387
59.5 0.002775493011
60 0.00263695404
60.5 0.002505792885
61 0.002382112014
61.5 0.002265911428
62 0.002157293596
62.5 0.00205605358
63 0.001962191378
63.5 0.001875502052
64 0.001795678192
64.5 0.0017227198
65 0.001656114526
65.5 0.001595657431
66 0.001541041106
66.5 0.001491958142
67 0.001447896191
67.5 0.001408650314
68 0.001373708163
68.5 0.001342864798
69 0.00131571034
69.5 0.001291732441
70 0.001270726162
70.5 0.001252384094
71 0.001236398828
71.5 0.001222360486
72 0.001210064128
72.5 0.001199304814
73 0.001189877606
73.5 0.001181475095
74 0.00117399481
74.5 0.001167334283
75 0.001161288573
75.5 0.001155755212
76 0.001150836669
76.5 0.001146328004
77 0.001142229218
77.5 0.00113854031
78 0.001135261281
78.5 0.001132392131
79 0.001130035329
79.5 0.001128088406
80 0.0011267563
80.5 0.001126039013
81 0.001125936543
81.5 0.001126448891
82 0.001127883466
82.5 0.001130035329
83 0.001133109419
83.5 0.001137105735
84 0.001142126748
84.5 0.001148069988
85 0.001155140394
85.5 0.001163235496
86 0.001172457765
86.5 0.00118270473
87 0.001194181332
87.5 0.00120658016
88 0.001220106154
88.5 0.001234656844
89 0.001250027292
89.5 0.001266422437
90 0.001283637338
90.5 0.001301569528
91 0.001320219004
91.5 0.001339380829
92 0.001359055003
92.5 0.001379139055
93 0.001399428046
93.5 0.001419921976
94 0.001440518376
94.5 0.001461012307
95 0.001481403768
95.5 0.00150148782
96 0.001521161993
96.5 0.001540323818
97 0.001558973295
97.5 0.001576905484
98 0.001594017916
98.5 0.001610208121
99 0.001625476099
99.5 0.001639616911
100 0.001652733027
100.5 0.001664619507
101 0.001675276351
101.5 0.001684601089
102 0.001692593722
102.5 0.00169915178
103 0.001704480202
103.5 0.001708271579
104 0.00171073085
104.5 0.001711755547
105 0.001711448138
105.5 0.001709706154
106 0.001706734534
106.5 0.001702430809
107 0.001696794978
107.5 0.001690031981
108 0.001682039348
108.5 0.001673022018
109 0.001662979992
109.5 0.00165191327
110 0.00163992432
110.5 0.001627013144
111 0.00161338468
111.5 0.001599038929
112 0.00158407836
112.5 0.001568605442
113 0.001552517707
113.5 0.001536122562
114 0.001519317539
114.5 0.001502307577
115 0.001485092675
115.5 0.001467672834
116 0.001450252993
116.5 0.001432730683
117 0.001415310842
117.5 0.001397993471
118 0.001380778569
118.5 0.001363768607
119 0.001346963584
119.5 0.0013303635
120 0.001314070825
120.5 0.00129798309
121 0.001282305233
121.5 0.001266832315
122 0.001251769276
122.5 0.001237013646
123 0.001222667895
123.5 0.001208629553
124 0.001194898619
124.5 0.001181577564
125 0.001168666388
125.5 0.001156062621
126 0.001143868732
126.5 0.001132084722
127 0.001120608121
127.5 0.001109541399
128 0.001098884555
128.5 0.00108853512
129 0.001078595563
129.5 0.001069065886
130 0.001059843617
130.5 0.001051133697
131 0.001042731185
131.5 0.001034636082
132 0.001027053328
132.5 0.001019911193
133 0.001013199431
133.5 0.001006948782
134 0.001001200235
134.5 0.0009959845295
135 0.0009913221603
135.5 0.0009872541151
136 0.0009838008878
136.5 0.0009810137132
137 0.0009789233323
137.5 0.000977550239
138 0.000976945668
138.5 0.0009771198664
139 0.0009781138221
139.5 0.0009799377819
140 0.0009826224868
140.5 0.0009861884307
141 0.0009906561075
141.5 0.0009960152704
142 0.001002306907
142.5 0.001009510524
143 0.001017636367
143.5 0.00102664345
144 0.001036685476
144.5 0.001047547259
145 0.001059331269
145.5 0.001072037506
146 0.0010855635
146.5 0.001099909251
147 0.00111507476
147.5 0.001130957556
148 0.00114755764
148.5 0.001164772541
149 0.001182602261
149.5 0.001200944329
150 0.001219798745
150.5 0.00123896057
151 0.001258429804
151.5 0.001278103977
152 0.00129788062
152.5 0.001317759733
153 0.001337536376
153.5 0.001357210549
154 0.001376679783
154.5 0.001395841608
155 0.001414593554
155.5 0.001432833153
156 0.001450662872
156.5 0.001467775304
157 0.001484272918
157.5 0.001499950775
158 0.001514911344
158.5 0.001529052156
159 0.001542168272
159.5 0.001554362161
160 0.001565633822
160.5 0.001575778318
161 0.001584795647
161.5 0.00159278828
162 0.001599653747
162.5 0.001605289578
163 0.001609900712
163.5 0.00161338468
164 0.001615639013
164.5 0.001616868649
165 0.001617073588
165.5 0.001616253831
166 0.001614409377
166.5 0.001611745166
167 0.001608158728
167.5 0.001603752533
168 0.00159873152
168.5 0.00159299322
169 0.001586640101
169.5 0.001579877104
170 0.001572704228
170.5 0.001565223944
171 0.00155743625
171.5 0.001549443617
172 0.001541450984
172.5 0.001533355882
173 0.001525363249
173.5 0.001517575555
174 0.001509890331
174.5 0.001502614986
175 0.00149554458
175.5 0.001488986522
176 0.001482940813
176.5 0.001477407451
177 0.001472488908
177.5 0.001468287652
178 0.001464701214
178.5 0.001461934534
179 0.001459885141
179.5 0.001458655505
180 0.001458245626
