0 0.05344460162
0.5 0.05343084775
1 0.05339056855
1.5 0.05332376403
2 0.05322945176
2.5 0.05310959658
3 0.05296321608
3.5 0.05279031025
4 0.05259284394
4.5 0.05236983472
5 0.05212226501
5.5 0.05185111724
6 0.05155540898
6.5 0.05123710507
7 0.05089718793
7.5 0.05053369273
8 0.05014956672
8.5 0.04974382748
9 0.04931745743
9.5 0.04887143899
10 0.04840380732
10.5 0.04791652726
11 0.04740959881
11.5 0.04688302198
12 0.04633581433
12.5 0.0457689583
13 0.04518245387
13.5 0.04457531864
14 0.04394853502
14.5 0.04330210301
15 0.04263504019
15.5 0.04194832898
16 0.04124098696
16.5 0.04051399655
17 0.03976834017
17.5 0.03900401782
18 0.0382210295
18.5 0.03742035764
19 0.03660298464
19.5 0.03576989293
20 0.03492304734
20.5 0.03406244789
21 0.0331900594
21.5 0.03230784671
22 0.03141679225
22.5 0.03051984327
23 0.0296179822
23.5 0.02871415629
24 0.02781033037
24.5 0.0269084693
25 0.0260105379
25.5 0.02512046586
26 0.0242392356
26.5 0.02336979437
27 0.02251508943
27.5 0.02167512078
28 0.02085480052
28.5 0.02005511107
29 0.01927703485
29.5 0.01852351912
30 0.01779554629
30.5 0.01709409879
31 0.01642212387
31.5 0.01577863912
32 0.01516560937
32.5 0.01458303462
33 0.01403091488
33.5 0.01351023256
34 0.01301902282
34.5 0.01255925051
35 0.01212796836
35.5 0.0117261588
36 0.01135185698
36.5 0.01100309807
37 0.01068086448
37.5 0.01038220897
38 0.01010516667
38.5 0.009848755193
39 0.009611304407
39.5 0.009390751236
40 0.009185425566
40.5 0.008993460802
41 0.008813088587
41.5 0.008642442325
42 0.008479851903
42.5 0.008323647207
43 0.008172256366
43.5 0.008024402236
44 0.007878512945
44.5 0.007733409589
45 0.007588109749
45.5 0.007441631006
46 0.007293187424
46.5 0.007142091309
47 0.006987753211
47.5 0.006829878402
48 0.006668270399
48.5 0.006502634476
49 0.006333167117
49.5 0.006159966565
50 0.005983229302
50.5 0.005803250055
51 0.005620421791
51.5 0.005435333963
52 0.00524847778
52.5 0.005060344451
53 0.004871719913
53.5 0.004683193616
54 0.004495453256
54.5 0.004309088282
55 0.004124982873
55.5 0.003943628239
56 0.003765613831
56.5 0.003591725585
57 0.003422356468
57.5 0.003258194174
58 0.00309953343
58.5 0.002946865444
59 0.002800583185
59.5 0.002660981378
60 0.002528158266
60.5 0.002402408573
61 0.002283830543
61.5 0.002172424175
62 0.002068287711
62.5 0.001971224668
63 0.001881235044
63.5 0.001798122357
64 0.00172159188
64.5 0.001651643614
65 0.001587786348
65.5 0.0015298236
66 0.001477460642
66.5 0.001430402749
67 0.001388158712
67.5 0.001350532046
68 0.001317031542
68.5 0.001287460716
69 0.0012614266
69.5 0.001238437985
70 0.001218298386
70.5 0.001200713077
71 0.001185387333
71.5 0.001171928187
72 0.001160139153
72.5 0.001149823748
73 0.001140785489
73.5 0.00113272965
74 0.001125557987
74.5 0.001119172261
75 0.001113375986
75.5 0.001108070921
76 0.001103355307
76.5 0.001099032662
77 0.001095102984
77.5 0.001091566274
78 0.001088422532
78.5 0.001085671757
79 0.001083412192
79.5 0.001081545595
80 0.00108026845
80.5 0.001079580756
81 0.001079482514
81.5 0.001079973724
82 0.001081349111
82.5 0.001083412192
83 0.001086359451
83.5 0.001090190887
84 0.001095004742
84.5 0.001100702775
85 0.001107481469
85.5 0.001115242583
86 0.001124084358
86.5 0.001133908553
87 0.001144911651
87.5 0.001156798927
88 0.001169766864
88.5 0.00118371722
89 0.001198453512
89.5 0.001214172224
90 0.001230676871
90.5 0.001247869212
91 0.001265749246
91.5 0.00128412049
92 0.001302982944
92.5 0.001322238366
93 0.001341690271
93.5 0.00136133866
94 0.001381085292
94.5 0.001400733681
95 0.001420283829
95.5 0.00143953925
96 0.001458401704
96.5 0.001476772948
97 0.001494652983
97.5 0.001511845323
98 0.001528251728
98.5 0.001543773956
99 0.001558412006
99.5 0.001571969395
100 0.001584544364
100.5 0.00159594043
101 0.001606157593
101.5 0.00161509761
102 0.001622760482
102.5 0.001629047966
103 0.001634156547
103.5 0.001637791499
104 0.001640149306
104.5 0.001641131726
105 0.001640837
105.5 0.001639166887
106 0.00163631787
106.5 0.001632191708
107 0.001626788401
107.5 0.001620304433
108 0.001612641561
108.5 0.00160399627
109 0.001594368559
109.5 0.001583758429
110 0.001572264121
110.5 0.001559885635
111 0.001546819456
111.5 0.001533065584
112 0.00151872226
112.5 0.001503887726
113 0.00148846374
113.5 0.001472745028
114 0.001456633349
114.5 0.001440325186
115 0.001423820539
115.5 0.001407119408
116 0.001390418277
116.5 0.001373618904
117 0.001356917773
117.5 0.001340314884
118 0.001323810237
118.5 0.001307502073
119 0.001291390394
119.5 0.001275475199
120 0.001259854729
120.5 0.001244430743
121 0.001229399726
121.5 0.001214565192
122 0.001200123625
122.5 0.001185976785
123 0.001172222912
123.5 0.001158763766
124 0.001145599345
124.5 0.001132827892
125 0.001120449406
125.5 0.001108365647
126 0.001096674855
126.5 0.001085377031
127 0.001074373933
127.5 0.001063763803
128 0.00105354664
128.5 0.001043624204
129 0.001034094735
129.5 0.001024958234
130 0.001016116458
130.5 0.001007765893
131 0.0009997100533
131.5 0.0009919489395
132 0.0009846790354
132.5 0.0009778315717
133 0.0009713967242
133.5 0.0009654039654
134 0.0009598925922
134.5 0.0009548920771
135 0.0009504220685
135.5 0.0009465218632
136 0.0009432111095
136.5 0.0009405389286
137 0.0009385347929
137.5 0.0009372183508
138 0.0009366387233
138.5 0.0009368057346
139 0.0009377586815
139.5 0.0009395073881
140 0.0009420813272
140.5 0.0009455001469
141 0.0009497834958
141.5 0.0009549215496
142 0.0009609536052
142.5 0.0009678600141
143 0.0009756506005
143.5 0.0009842860676
144 0.0009939137784
144.5 0.001004327425
145 0.001015625249
145.5 0.00102780725
146 0.001040775187
146.5 0.00105452906
147 0.001069068868
147.5 0.00108429637
148 0.001100211565
148.5 0.001116716212
149 0.001133810311
149.5 0.00115139562
150 0.001169472138
150.5 0.001187843382
151 0.001206509352
151.5 0.001225371806
152 0.001244332501
152.5 0.001263391439
153 0.001282352135
153.5 0.001301214589
154 0.001319880559
154.5 0.001338251803
155 0.001356230079
155.5 0.001373717146
156 0.001390811245
156.5 0.00140721765
157 0.001423034603
157.5 0.001438065621
158 0.001452408945
158.5 0.001465966334
159 0.001478541303
159.5 0.001490232095
160 0.001501038709
160.5 0.001510764662
161 0.001519409953
161.5 0.001527072825
162 0.001533655036
162.5 0.001539058343
163 0.00154347923
163.5 0.001546819456
164 0.001548980779
164.5 0.001550159683
165 0.001550356167
165.5 0.001549570231
166 0.001547801876
166.5 0.001545247585
167 0.001541809117
167.5 0.001537584713
168 0.001532770858
168.5 0.001527269309
169 0.001521178308
169.5 0.00151469434
170 0.001507817404
170.5 0.001500645741
171 0.001493179353
171.5 0.001485516482
172 0.00147785361
172.5 0.001470092496
173 0.001462429624
173.5 0.001454963236
174 0.00144759509
174.5 0.001440619912
175 0.001433841217
175.5 0.001427553733
176 0.001421757458
176.5 0.001416452393
177 0.001411736779
177.5 0.001407708859
178 0.001404270391
178.5 0.001401617859
179 0.00139965302
179.5 0.001398474116
180 0.001398081149
