0.0000 0.54401E-01
0.50000 0.54387E-01
1.0000 0.54346E-01
1.5000 0.54278E-01
2.0000 0.54182E-01
2.5000 0.54060E-01
3.0000 0.53911E-01
3.5000 0.53735E-01
4.0000 0.53534E-01
4.5000 0.53307E-01
5.0000 0.53055E-01
5.5000 0.52779E-01
6.0000 0.52478E-01
6.5000 0.52154E-01
7.0000 0.51808E-01
7.5000 0.51438E-01
8.0000 0.51047E-01
8.5000 0.50634E-01
9.0000 0.50200E-01
9.5000 0.49746E-01
10.000 0.49270E-01
10.500 0.48774E-01
11.000 0.48258E-01
11.500 0.47722E-01
12.000 0.47165E-01
12.500 0.46588E-01
13.000 0.45991E-01
13.500 0.45373E-01
14.000 0.44735E-01
14.500 0.44077E-01
15.000 0.43398E-01
15.500 0.42699E-01
16.000 0.41979E-01
16.500 0.41239E-01
17.000 0.40480E-01
17.500 0.39702E-01
18.000 0.38905E-01
18.500 0.38090E-01
19.000 0.37258E-01
19.500 0.36410E-01
20.000 0.35548E-01
20.500 0.34672E-01
21.000 0.33784E-01
21.500 0.32886E-01
22.000 0.31979E-01
22.500 0.31066E-01
23.000 0.30148E-01
23.500 0.29228E-01
24.000 0.28308E-01
24.500 0.27390E-01
25.000 0.26476E-01
25.500 0.25570E-01
26.000 0.24673E-01
26.500 0.23788E-01
27.000 0.22918E-01
27.500 0.22063E-01
28.000 0.21228E-01
28.500 0.20414E-01
29.000 0.19622E-01
29.500 0.18855E-01
30.000 0.18114E-01
30.500 0.17400E-01
31.000 0.16716E-01
31.500 0.16061E-01
32.000 0.15437E-01
32.500 0.14844E-01
33.000 0.14282E-01
33.500 0.13752E-01
34.000 0.13252E-01
34.500 0.12784E-01
35.000 0.12345E-01
35.500 0.11936E-01
36.000 0.11555E-01
36.500 0.11200E-01
37.000 0.10872E-01
37.500 0.10568E-01
38.000 0.10286E-01
38.500 0.10025E-01
39.000 0.97833E-02
39.500 0.95588E-02
40.000 0.93498E-02
40.500 0.91544E-02
41.000 0.89708E-02
41.500 0.87971E-02
42.000 0.86316E-02
42.500 0.84726E-02
43.000 0.83185E-02
43.500 0.81680E-02
44.000 0.80195E-02
44.500 0.78718E-02
45.000 0.77239E-02
45.500 0.75748E-02
46.000 0.74237E-02
46.500 0.72699E-02
47.000 0.71128E-02
47.500 0.69521E-02
48.000 0.67876E-02
48.500 0.66190E-02
49.000 0.64465E-02
49.500 0.62702E-02
50.000 0.60903E-02
50.500 0.59071E-02
51.000 0.57210E-02
51.500 0.55326E-02
52.000 0.53424E-02
52.500 0.51509E-02
53.000 0.49589E-02
53.500 0.47670E-02
54.000 0.45759E-02
54.500 0.43862E-02
55.000 0.41988E-02
55.500 0.40142E-02
56.000 0.38330E-02
56.500 0.36560E-02
57.000 0.34836E-02
57.500 0.33165E-02
58.000 0.31550E-02
58.500 0.29996E-02
59.000 0.28507E-02
59.500 0.27086E-02
60.000 0.25734E-02
60.500 0.24454E-02
61.000 0.23247E-02
61.500 0.22113E-02
62.000 0.21053E-02
62.500 0.20065E-02
63.000 0.19149E-02
63.500 0.18303E-02
64.000 0.17524E-02
64.500 0.16812E-02
65.000 0.16162E-02
65.500 0.15572E-02
66.000 0.15039E-02
66.500 0.14560E-02
67.000 0.14130E-02
67.500 0.13747E-02
68.000 0.13406E-02
68.500 0.13105E-02
69.000 0.12840E-02
69.500 0.12606E-02
70.000 0.12401E-02
70.500 0.12222E-02
71.000 0.12066E-02
71.500 0.11929E-02
72.000 0.11809E-02
72.500 0.11704E-02
73.000 0.11612E-02
73.500 0.11530E-02
74.000 0.11457E-02
74.500 0.11392E-02
75.000 0.11333E-02
75.500 0.11279E-02
76.000 0.11231E-02
76.500 0.11187E-02
77.000 0.11147E-02
77.500 0.11111E-02
78.000 0.11079E-02
78.500 0.11051E-02
79.000 0.11028E-02
79.500 0.11009E-02
80.000 0.10996E-02
80.500 0.10989E-02
81.000 0.10988E-02
81.500 0.10993E-02
82.000 0.11007E-02
82.500 0.11028E-02
83.000 0.11058E-02
83.500 0.11097E-02
84.000 0.11146E-02
84.500 0.11204E-02
85.000 0.11273E-02
85.500 0.11352E-02
86.000 0.11442E-02
86.500 0.11542E-02
87.000 0.11654E-02
87.500 0.11775E-02
88.000 0.11907E-02
88.500 0.12049E-02
89.000 0.12199E-02
89.500 0.12359E-02
90.000 0.12527E-02
90.500 0.12702E-02
91.000 0.12884E-02
91.500 0.13071E-02
92.000 0.13263E-02
92.500 0.13459E-02
93.000 0.13657E-02
93.500 0.13857E-02
94.000 0.14058E-02
94.500 0.14258E-02
95.000 0.14457E-02
95.500 0.14653E-02
96.000 0.14845E-02
96.500 0.15032E-02
97.000 0.15214E-02
97.500 0.15389E-02
98.000 0.15556E-02
98.500 0.15714E-02
99.000 0.15863E-02
99.500 0.16001E-02
100.00 0.16129E-02
100.50 0.16245E-02
101.00 0.16349E-02
101.50 0.16440E-02
102.00 0.16518E-02
102.50 0.16582E-02
103.00 0.16634E-02
103.50 0.16671E-02
104.00 0.16695E-02
104.50 0.16705E-02
105.00 0.16702E-02
105.50 0.16685E-02
106.00 0.16656E-02
106.50 0.16614E-02
107.00 0.16559E-02
107.50 0.16493E-02
108.00 0.16415E-02
108.50 0.16327E-02
109.00 0.16229E-02
109.50 0.16121E-02
110.00 0.16004E-02
110.50 0.15878E-02
111.00 0.15745E-02
111.50 0.15605E-02
112.00 0.15459E-02
112.50 0.15308E-02
113.00 0.15151E-02
113.50 0.14991E-02
114.00 0.14827E-02
114.50 0.14661E-02
115.00 0.14493E-02
115.50 0.14323E-02
116.00 0.14153E-02
116.50 0.13982E-02
117.00 0.13812E-02
117.50 0.13643E-02
118.00 0.13475E-02
118.50 0.13309E-02
119.00 0.13145E-02
119.50 0.12983E-02
120.00 0.12824E-02
120.50 0.12667E-02
121.00 0.12514E-02
121.50 0.12363E-02
122.00 0.12216E-02
122.50 0.12072E-02
123.00 0.11932E-02
123.50 0.11795E-02
124.00 0.11661E-02
124.50 0.11531E-02
125.00 0.11405E-02
125.50 0.11282E-02
126.00 0.11163E-02
126.50 0.11048E-02
127.00 0.10936E-02
127.50 0.10828E-02
128.00 0.10724E-02
128.50 0.10623E-02
129.00 0.10526E-02
129.50 0.10433E-02
130.00 0.10343E-02
130.50 0.10258E-02
131.00 0.10176E-02
131.50 0.10097E-02
132.00 0.10023E-02
132.50 0.99533E-03
133.00 0.98878E-03
133.50 0.98268E-03
134.00 0.97707E-03
134.50 0.97198E-03
135.00 0.96743E-03
135.50 0.96346E-03
136.00 0.96009E-03
136.50 0.95737E-03
137.00 0.95533E-03
137.50 0.95399E-03
138.00 0.95340E-03
138.50 0.95357E-03
139.00 0.95454E-03
139.50 0.95632E-03
140.00 0.95894E-03
140.50 0.96242E-03
141.00 0.96678E-03
141.50 0.97201E-03
142.00 0.97815E-03
142.50 0.98518E-03
143.00 0.99311E-03
143.50 0.10019E-02
144.00 0.10117E-02
144.50 0.10223E-02
145.00 0.10338E-02
145.50 0.10462E-02
146.00 0.10594E-02
146.50 0.10734E-02
147.00 0.10882E-02
147.50 0.11037E-02
148.00 0.11199E-02
148.50 0.11367E-02
149.00 0.11541E-02
149.50 0.11720E-02
150.00 0.11904E-02
150.50 0.12091E-02
151.00 0.12281E-02
151.50 0.12473E-02
152.00 0.12666E-02
152.50 0.12860E-02
153.00 0.13053E-02
153.50 0.13245E-02
154.00 0.13435E-02
154.50 0.13622E-02
155.00 0.13805E-02
155.50 0.13983E-02
156.00 0.14157E-02
156.50 0.14324E-02
157.00 0.14485E-02
157.50 0.14638E-02
158.00 0.14784E-02
158.50 0.14922E-02
159.00 0.15050E-02
159.50 0.15169E-02
160.00 0.15279E-02
160.50 0.15378E-02
161.00 0.15466E-02
161.50 0.15544E-02
162.00 0.15611E-02
162.50 0.15666E-02
163.00 0.15711E-02
163.50 0.15745E-02
164.00 0.15767E-02
164.50 0.15779E-02
165.00 0.15781E-02
165.50 0.15773E-02
166.00 0.15755E-02
166.50 0.15729E-02
167.00 0.15694E-02
167.50 0.15651E-02
168.00 0.15602E-02
168.50 0.15546E-02
169.00 0.15484E-02
169.50 0.15418E-02
170.00 0.15348E-02
170.50 0.15275E-02
171.00 0.15199E-02
171.50 0.15121E-02
172.00 0.15043E-02
172.50 0.14964E-02
173.00 0.14886E-02
173.50 0.14810E-02
174.00 0.14735E-02
174.50 0.14664E-02
175.00 0.14595E-02
175.50 0.14531E-02
176.00 0.14472E-02
176.50 0.14418E-02
177.00 0.14370E-02
177.50 0.14329E-02
178.00 0.14294E-02
178.50 0.14267E-02
179.00 0.14247E-02
179.50 0.14235E-02
180.00 0.14231E-02
