0.0000 7.1471
0.50000 7.1480
1.0000 7.1507
1.5000 7.1550
2.0000 7.1609
2.5000 7.1682
3.0000 7.1767
3.5000 7.1861
4.0000 7.1963
4.5000 7.2070
5.0000 7.2178
5.5000 7.2286
6.0000 7.2390
6.5000 7.2489
7.0000 7.2580
7.5000 7.2661
8.0000 7.2731
8.5000 7.2789
9.0000 7.2834
9.5000 7.2866
10.000 7.2887
10.500 7.2895
11.000 7.2894
11.500 7.2883
12.000 7.2866
12.500 7.2843
13.000 7.2819
13.500 7.2793
14.000 7.2770
14.500 7.2750
15.000 7.2737
15.500 7.2732
16.000 7.2736
16.500 7.2750
17.000 7.2776
17.500 7.2813
18.000 7.2860
18.500 7.2918
19.000 7.2984
19.500 7.3057
20.000 7.3134
20.500 7.3213
21.000 7.3289
21.500 7.3360
22.000 7.3421
22.500 7.3468
23.000 7.3496
23.500 7.3501
24.000 7.3478
24.500 7.3422
25.000 7.3329
25.500 7.3194
26.000 7.3013
26.500 7.2781
27.000 7.2495
27.500 7.2152
28.000 7.1748
28.500 7.1281
29.000 7.0748
29.500 7.0148
30.000 6.9480
30.500 6.8744
31.000 6.7937
31.500 6.7062
32.000 6.6119
32.500 6.5109
33.000 6.4034
33.500 6.2896
34.000 6.1698
34.500 6.0442
35.000 5.9133
35.500 5.7774
36.000 5.6369
36.500 5.4922
37.000 5.3439
37.500 5.1925
38.000 5.0384
38.500 4.8822
39.000 4.7244
39.500 4.5657
40.000 4.4065
40.500 4.2474
41.000 4.0891
41.500 3.9320
42.000 3.7767
42.500 3.6237
43.000 3.4736
43.500 3.3268
44.000 3.1839
44.500 3.0451
45.000 2.9111
45.500 2.7820
46.000 2.6584
46.500 2.5404
47.000 2.4284
47.500 2.3225
48.000 2.2231
48.500 2.1302
49.000 2.0440
49.500 1.9645
50.000 1.8918
50.500 1.8260
51.000 1.7668
51.500 1.7144
52.000 1.6687
52.500 1.6294
53.000 1.5964
53.500 1.5697
54.000 1.5489
54.500 1.5339
55.000 1.5244
55.500 1.5202
56.000 1.5210
56.500 1.5265
57.000 1.5364
57.500 1.5504
58.000 1.5682
58.500 1.5895
59.000 1.6139
59.500 1.6411
60.000 1.6708
