0.0000 4.5892
0.50000 4.5883
1.0000 4.5858
1.5000 4.5816
2.0000 4.5756
2.5000 4.5680
3.0000 4.5586
3.5000 4.5475
4.0000 4.5347
4.5000 4.5202
5.0000 4.5040
5.5000 4.4860
6.0000 4.4664
6.5000 4.4451
7.0000 4.4221
7.5000 4.3975
8.0000 4.3714
8.5000 4.3437
9.0000 4.3146
9.5000 4.2840
10.000 4.2521
10.500 4.2189
11.000 4.1845
11.500 4.1489
12.000 4.1123
12.500 4.0746
13.000 4.0361
13.500 3.9966
14.000 3.9564
14.500 3.9154
15.000 3.8738
15.500 3.8316
16.000 3.7888
16.500 3.7455
17.000 3.7018
17.500 3.6576
18.000 3.6131
18.500 3.5683
19.000 3.5232
19.500 3.4779
20.000 3.4325
20.500 3.3868
21.000 3.3411
21.500 3.2954
22.000 3.2497
22.500 3.2041
23.000 3.1585
23.500 3.1132
24.000 3.0680
24.500 3.0232
25.000 2.9787
25.500 2.9345
26.000 2.8908
26.500 2.8476
27.000 2.8049
27.500 2.7627
28.000 2.7211
28.500 2.6802
29.000 2.6399
29.500 2.6003
30.000 2.5614
30.500 2.5232
31.000 2.4858
31.500 2.4491
32.000 2.4131
32.500 2.3779
33.000 2.3434
33.500 2.3098
34.000 2.2768
34.500 2.2447
35.000 2.2132
35.500 2.1826
36.000 2.1526
36.500 2.1234
37.000 2.0949
37.500 2.0672
38.000 2.0401
38.500 2.0138
39.000 1.9881
39.500 1.9632
40.000 1.9388
40.500 1.9151
41.000 1.8921
41.500 1.8697
42.000 1.8478
42.500 1.8266
43.000 1.8059
43.500 1.7857
44.000 1.7660
44.500 1.7469
45.000 1.7282
45.500 1.7099
46.000 1.6921
46.500 1.6746
47.000 1.6576
47.500 1.6409
48.000 1.6246
48.500 1.6085
49.000 1.5928
49.500 1.5774
50.000 1.5623
50.500 1.5474
51.000 1.5328
51.500 1.5184
52.000 1.5043
52.500 1.4905
53.000 1.4768
53.500 1.4634
54.000 1.4502
54.500 1.4372
55.000 1.4245
55.500 1.4120
56.000 1.3997
56.500 1.3876
57.000 1.3758
57.500 1.3641
58.000 1.3527
58.500 1.3416
59.000 1.3306
59.500 1.3199
60.000 1.3094
