0.0000 0.59281
0.50000 0.59289
1.0000 0.59312
1.5000 0.59351
2.0000 0.59405
2.5000 0.59475
3.0000 0.59559
3.5000 0.59659
4.0000 0.59772
4.5000 0.59899
5.0000 0.60040
5.5000 0.60193
6.0000 0.60359
6.5000 0.60536
7.0000 0.60725
7.5000 0.60924
8.0000 0.61132
8.5000 0.61349
9.0000 0.61574
9.5000 0.61806
10.000 0.62043
10.500 0.62287
11.000 0.62534
11.500 0.62784
12.000 0.63037
12.500 0.63290
13.000 0.63543
13.500 0.63796
14.000 0.64046
14.500 0.64292
15.000 0.64534
15.500 0.64771
16.000 0.65000
16.500 0.65222
17.000 0.65434
17.500 0.65636
18.000 0.65827
18.500 0.66005
19.000 0.66170
19.500 0.66320
20.000 0.66455
20.500 0.66573
21.000 0.66673
21.500 0.66755
22.000 0.66818
22.500 0.66860
23.000 0.66881
23.500 0.66881
24.000 0.66858
24.500 0.66812
25.000 0.66742
25.500 0.66648
26.000 0.66530
26.500 0.66387
27.000 0.66218
27.500 0.66024
28.000 0.65805
28.500 0.65559
29.000 0.65288
29.500 0.64992
30.000 0.64669
30.500 0.64322
31.000 0.63949
31.500 0.63552
32.000 0.63130
32.500 0.62685
33.000 0.62216
33.500 0.61725
34.000 0.61213
34.500 0.60679
35.000 0.60125
35.500 0.59552
36.000 0.58960
36.500 0.58351
37.000 0.57726
37.500 0.57086
38.000 0.56432
38.500 0.55766
39.000 0.55087
39.500 0.54399
40.000 0.53702
40.500 0.52997
41.000 0.52286
41.500 0.51570
42.000 0.50850
42.500 0.50128
43.000 0.49406
43.500 0.48684
44.000 0.47964
44.500 0.47247
45.000 0.46534
45.500 0.45828
46.000 0.45129
46.500 0.44438
47.000 0.43756
47.500 0.43085
48.000 0.42427
48.500 0.41781
49.000 0.41149
49.500 0.40532
50.000 0.39931
50.500 0.39346
51.000 0.38779
51.500 0.38231
52.000 0.37701
52.500 0.37191
53.000 0.36701
53.500 0.36232
54.000 0.35784
54.500 0.35357
55.000 0.34952
55.500 0.34569
56.000 0.34208
56.500 0.33869
57.000 0.33553
57.500 0.33258
58.000 0.32986
58.500 0.32735
59.000 0.32506
59.500 0.32299
60.000 0.32113
