0.0000 5.9068
0.50000 5.9054
1.0000 5.9011
1.5000 5.8939
2.0000 5.8839
2.5000 5.8711
3.0000 5.8554
3.5000 5.8368
4.0000 5.8155
4.5000 5.7913
5.0000 5.7643
5.5000 5.7345
6.0000 5.7019
6.5000 5.6666
7.0000 5.6285
7.5000 5.5878
8.0000 5.5444
8.5000 5.4984
9.0000 5.4499
9.5000 5.3988
10.000 5.3453
10.500 5.2894
11.000 5.2312
11.500 5.1707
12.000 5.1080
12.500 5.0432
13.000 4.9764
13.500 4.9076
14.000 4.8368
14.500 4.7643
15.000 4.6901
15.500 4.6142
16.000 4.5367
16.500 4.4578
17.000 4.3775
17.500 4.2959
18.000 4.2131
18.500 4.1292
19.000 4.0443
19.500 3.9584
20.000 3.8718
20.500 3.7845
21.000 3.6965
21.500 3.6080
22.000 3.5191
22.500 3.4300
23.000 3.3406
23.500 3.2511
24.000 3.1617
24.500 3.0724
25.000 2.9833
25.500 2.8945
26.000 2.8062
26.500 2.7185
27.000 2.6313
27.500 2.5449
28.000 2.4593
28.500 2.3747
29.000 2.2910
29.500 2.2084
30.000 2.1270
30.500 2.0468
31.000 1.9679
31.500 1.8904
32.000 1.8144
32.500 1.7398
33.000 1.6668
33.500 1.5954
34.000 1.5256
34.500 1.4575
35.000 1.3912
35.500 1.3266
36.000 1.2639
36.500 1.2029
37.000 1.1438
37.500 1.0866
38.000 1.0313
38.500 0.97789
39.000 0.92637
39.500 0.87678
40.000 0.82909
40.500 0.78333
41.000 0.73946
41.500 0.69749
42.000 0.65740
42.500 0.61918
43.000 0.58280
43.500 0.54823
44.000 0.51545
44.500 0.48444
45.000 0.45515
45.500 0.42755
46.000 0.40161
46.500 0.37728
47.000 0.35453
47.500 0.33330
48.000 0.31356
48.500 0.29526
49.000 0.27835
49.500 0.26278
50.000 0.24852
50.500 0.23550
51.000 0.22368
51.500 0.21301
52.000 0.20344
52.500 0.19493
53.000 0.18741
53.500 0.18085
54.000 0.17519
54.500 0.17038
55.000 0.16638
55.500 0.16314
56.000 0.16060
56.500 0.15873
57.000 0.15748
57.500 0.15680
58.000 0.15665
58.500 0.15698
59.000 0.15775
59.500 0.15893
60.000 0.16046
