0.0000 1.5584
0.50000 1.5581
1.0000 1.5572
1.5000 1.5557
2.0000 1.5537
2.5000 1.5510
3.0000 1.5478
3.5000 1.5440
4.0000 1.5397
4.5000 1.5347
5.0000 1.5293
5.5000 1.5233
6.0000 1.5167
6.5000 1.5096
7.0000 1.5020
7.5000 1.4939
8.0000 1.4853
8.5000 1.4763
9.0000 1.4667
9.5000 1.4567
10.000 1.4463
10.500 1.4354
11.000 1.4242
11.500 1.4125
12.000 1.4004
12.500 1.3880
13.000 1.3753
13.500 1.3622
14.000 1.3488
14.500 1.3351
15.000 1.3211
15.500 1.3069
16.000 1.2924
16.500 1.2777
17.000 1.2628
17.500 1.2477
18.000 1.2324
18.500 1.2169
19.000 1.2014
19.500 1.1856
20.000 1.1698
20.500 1.1539
21.000 1.1380
21.500 1.1219
22.000 1.1058
22.500 1.0897
23.000 1.0736
23.500 1.0575
24.000 1.0414
24.500 1.0253
25.000 1.0093
25.500 0.99335
26.000 0.97746
26.500 0.96164
27.000 0.94591
27.500 0.93029
28.000 0.91478
28.500 0.89940
29.000 0.88415
29.500 0.86905
30.000 0.85410
30.500 0.83931
31.000 0.82469
31.500 0.81025
32.000 0.79599
32.500 0.78192
33.000 0.76805
33.500 0.75439
34.000 0.74093
34.500 0.72769
35.000 0.71467
35.500 0.70187
36.000 0.68930
36.500 0.67696
37.000 0.66485
37.500 0.65299
38.000 0.64136
38.500 0.62998
39.000 0.61884
39.500 0.60795
40.000 0.59731
40.500 0.58692
41.000 0.57678
41.500 0.56689
42.000 0.55725
42.500 0.54787
43.000 0.53874
43.500 0.52986
44.000 0.52124
44.500 0.51287
45.000 0.50475
45.500 0.49688
46.000 0.48926
46.500 0.48189
47.000 0.47477
47.500 0.46789
48.000 0.46126
48.500 0.45487
49.000 0.44872
49.500 0.44281
50.000 0.43714
50.500 0.43170
51.000 0.42649
51.500 0.42151
52.000 0.41676
52.500 0.41223
53.000 0.40792
53.500 0.40382
54.000 0.39994
54.500 0.39627
55.000 0.39281
55.500 0.38955
56.000 0.38649
56.500 0.38362
57.000 0.38095
57.500 0.37846
58.000 0.37616
58.500 0.37404
59.000 0.37208
59.500 0.37030
60.000 0.36869
