0.0000 2.8374
0.50000 2.8276
1.0000 2.7986
1.5000 2.7522
2.0000 2.6909
2.5000 2.6181
3.0000 2.5378
3.5000 2.4538
4.0000 2.3703
4.5000 2.2906
5.0000 2.2179
5.5000 2.1539
6.0000 2.1000
6.5000 2.0562
7.0000 2.0216
7.5000 1.9946
8.0000 1.9729
8.5000 1.9537
9.0000 1.9342
9.5000 1.9116
10.000 1.8835
10.500 1.8480
11.000 1.8040
11.500 1.7509
12.000 1.6891
12.500 1.6196
13.000 1.5441
13.500 1.4644
14.000 1.3829
14.500 1.3019
15.000 1.2234
15.500 1.1494
16.000 1.0812
16.500 1.0196
17.000 0.96481
17.500 0.91668
18.000 0.87446
18.500 0.83708
19.000 0.80323
19.500 0.77156
20.000 0.74077
20.500 0.70975
21.000 0.67769
21.500 0.64413
22.000 0.60898
22.500 0.57255
23.000 0.53542
23.500 0.49843
24.000 0.46257
24.500 0.42885
25.000 0.39820
25.500 0.37139
26.000 0.34895
26.500 0.33113
27.000 0.31786
27.500 0.30880
28.000 0.30332
28.500 0.30065
29.000 0.29987
29.500 0.30004
30.000 0.30029
30.500 0.29987
31.000 0.29820
31.500 0.29495
32.000 0.29001
32.500 0.28350
33.000 0.27575
33.500 0.26723
34.000 0.25848
34.500 0.25009
35.000 0.24260
35.500 0.23644
36.000 0.23190
36.500 0.22910
37.000 0.22798
37.500 0.22830
38.000 0.22967
38.500 0.23161
39.000 0.23357
39.500 0.23499
40.000 0.23536
40.500 0.23430
41.000 0.23150
41.500 0.22687
42.000 0.22043
42.500 0.21239
43.000 0.20306
43.500 0.19289
44.000 0.18235
44.500 0.17193
45.000 0.16210
45.500 0.15325
46.000 0.14566
46.500 0.13949
47.000 0.13479
47.500 0.13143
48.000 0.12922
48.500 0.12787
49.000 0.12701
49.500 0.12630
50.000 0.12539
50.500 0.12397
51.000 0.12185
51.500 0.11890
52.000 0.11510
52.500 0.11054
53.000 0.10538
53.500 0.99871E-01
54.000 0.94289E-01
54.500 0.88928E-01
55.000 0.84067E-01
55.500 0.79944E-01
56.000 0.76731E-01
56.500 0.74523E-01
57.000 0.73332E-01
57.500 0.73083E-01
58.000 0.73626E-01
58.500 0.74754E-01
59.000 0.76217E-01
59.500 0.77753E-01
60.000 0.79106E-01
60.500 0.80051E-01
61.000 0.80412E-01
61.500 0.80075E-01
62.000 0.78999E-01
62.500 0.77209E-01
63.000 0.74799E-01
63.500 0.71914E-01
64.000 0.68740E-01
64.500 0.65477E-01
65.000 0.62330E-01
65.500 0.59481E-01
66.000 0.57079E-01
66.500 0.55224E-01
67.000 0.53960E-01
67.500 0.53278E-01
68.000 0.53110E-01
68.500 0.53346E-01
69.000 0.53840E-01
69.500 0.54430E-01
70.000 0.54948E-01
70.500 0.55238E-01
71.000 0.55172E-01
71.500 0.54658E-01
72.000 0.53646E-01
72.500 0.52136E-01
73.000 0.50171E-01
73.500 0.47834E-01
74.000 0.45239E-01
74.500 0.42519E-01
75.000 0.39814E-01
75.500 0.37260E-01
76.000 0.34973E-01
76.500 0.33043E-01
77.000 0.31528E-01
77.500 0.30448E-01
78.000 0.29786E-01
78.500 0.29492E-01
79.000 0.29487E-01
79.500 0.29674E-01
80.000 0.29946E-01
80.500 0.30195E-01
81.000 0.30324E-01
81.500 0.30251E-01
82.000 0.29921E-01
82.500 0.29303E-01
83.000 0.28397E-01
83.500 0.27228E-01
84.000 0.25848E-01
84.500 0.24324E-01
85.000 0.22737E-01
85.500 0.21170E-01
86.000 0.19705E-01
86.500 0.18413E-01
87.000 0.17349E-01
87.500 0.16548E-01
88.000 0.16024E-01
88.500 0.15769E-01
89.000 0.15755E-01
89.500 0.15936E-01
90.000 0.16252E-01
90.500 0.16637E-01
91.000 0.17024E-01
91.500 0.17346E-01
92.000 0.17548E-01
92.500 0.17587E-01
93.000 0.17434E-01
93.500 0.17079E-01
94.000 0.16528E-01
94.500 0.15804E-01
95.000 0.14942E-01
95.500 0.13988E-01
96.000 0.12996E-01
96.500 0.12021E-01
97.000 0.11114E-01
97.500 0.10324E-01
98.000 0.96888E-02
98.500 0.92339E-02
99.000 0.89733E-02
99.500 0.89068E-02
100.00 0.90208E-02
100.50 0.92902E-02
101.00 0.96799E-02
101.50 0.10148E-01
102.00 0.10647E-01
102.50 0.11130E-01
103.00 0.11552E-01
103.50 0.11874E-01
104.00 0.12064E-01
104.50 0.12098E-01
105.00 0.11968E-01
105.50 0.11674E-01
106.00 0.11229E-01
106.50 0.10659E-01
107.00 0.99958E-02
107.50 0.92814E-02
108.00 0.85612E-02
108.50 0.78819E-02
109.00 0.72884E-02
109.50 0.68206E-02
110.00 0.65102E-02
110.50 0.63783E-02
111.00 0.64338E-02
111.50 0.66721E-02
112.00 0.70751E-02
112.50 0.76125E-02
113.00 0.82430E-02
113.50 0.89179E-02
114.00 0.95839E-02
114.50 0.10187E-01
115.00 0.10677E-01
115.50 0.11012E-01
116.00 0.11160E-01
116.50 0.11103E-01
117.00 0.10839E-01
117.50 0.10383E-01
118.00 0.97635E-02
118.50 0.90249E-02
119.00 0.82201E-02
119.50 0.74093E-02
120.00 0.66538E-02
120.50 0.60116E-02
121.00 0.55325E-02
121.50 0.52536E-02
122.00 0.51960E-02
122.50 0.53629E-02
123.00 0.57387E-02
123.50 0.62899E-02
124.00 0.69678E-02
124.50 0.77123E-02
125.00 0.84568E-02
125.50 0.91336E-02
126.00 0.96801E-02
126.50 0.10044E-01
127.00 0.10188E-01
127.50 0.10095E-01
128.00 0.97654E-02
128.50 0.92236E-02
129.00 0.85117E-02
129.50 0.76880E-02
130.00 0.68218E-02
130.50 0.59875E-02
131.00 0.52583E-02
131.50 0.46995E-02
132.00 0.43628E-02
132.50 0.42810E-02
133.00 0.44657E-02
133.50 0.49048E-02
134.00 0.55643E-02
134.50 0.63900E-02
135.00 0.73125E-02
135.50 0.82533E-02
136.00 0.91314E-02
136.50 0.98703E-02
137.00 0.10405E-01
137.50 0.10690E-01
138.00 0.10698E-01
138.50 0.10431E-01
139.00 0.99133E-02
139.50 0.91923E-02
140.00 0.83356E-02
140.50 0.74239E-02
141.00 0.65442E-02
141.50 0.57821E-02
142.00 0.52139E-02
142.50 0.48997E-02
143.00 0.48779E-02
143.50 0.51612E-02
144.00 0.57349E-02
144.50 0.65584E-02
145.00 0.75682E-02
145.50 0.86834E-02
146.00 0.98128E-02
146.50 0.10863E-01
147.00 0.11747E-01
147.50 0.12393E-01
148.00 0.12748E-01
148.50 0.12788E-01
149.00 0.12515E-01
149.50 0.11962E-01
150.00 0.11187E-01
150.50 0.10268E-01
151.00 0.92990E-02
151.50 0.83793E-02
152.00 0.76046E-02
152.50 0.70584E-02
153.00 0.68045E-02
153.50 0.68805E-02
154.00 0.72946E-02
154.50 0.80239E-02
155.00 0.90166E-02
155.50 0.10197E-01
156.00 0.11470E-01
156.50 0.12734E-01
157.00 0.13886E-01
157.50 0.14835E-01
158.00 0.15509E-01
158.50 0.15860E-01
159.00 0.15874E-01
159.50 0.15570E-01
160.00 0.14999E-01
160.50 0.14241E-01
161.00 0.13397E-01
161.50 0.12580E-01
162.00 0.11905E-01
162.50 0.11478E-01
163.00 0.11386E-01
163.50 0.11688E-01
164.00 0.12406E-01
164.50 0.13525E-01
165.00 0.14992E-01
165.50 0.16717E-01
166.00 0.18586E-01
166.50 0.20464E-01
167.00 0.22212E-01
167.50 0.23697E-01
168.00 0.24808E-01
168.50 0.25465E-01
169.00 0.25629E-01
169.50 0.25309E-01
170.00 0.24563E-01
170.50 0.23497E-01
171.00 0.22255E-01
171.50 0.21012E-01
172.00 0.19960E-01
172.50 0.19291E-01
173.00 0.19179E-01
173.50 0.19769E-01
174.00 0.21157E-01
174.50 0.23384E-01
175.00 0.26426E-01
175.50 0.30197E-01
176.00 0.34546E-01
176.50 0.39272E-01
177.00 0.44133E-01
177.50 0.48862E-01
178.00 0.53192E-01
178.50 0.56866E-01
179.00 0.59664E-01
179.50 0.61415E-01
180.00 0.62011E-01
