0.0000 2.8002
0.50000 2.7921
1.0000 2.7684
1.5000 2.7302
2.0000 2.6795
2.5000 2.6187
3.0000 2.5509
3.5000 2.4789
4.0000 2.4060
4.5000 2.3348
5.0000 2.2677
5.5000 2.2065
6.0000 2.1521
6.5000 2.1050
7.0000 2.0647
7.5000 2.0303
8.0000 2.0002
8.5000 1.9725
9.0000 1.9451
9.5000 1.9159
10.000 1.8831
10.500 1.8450
11.000 1.8006
11.500 1.7492
12.000 1.6909
12.500 1.6261
13.000 1.5559
13.500 1.4816
14.000 1.4050
14.500 1.3277
15.000 1.2516
15.500 1.1783
16.000 1.1090
16.500 1.0448
17.000 0.98615
17.500 0.93327
18.000 0.88590
18.500 0.84345
19.000 0.80510
19.500 0.76986
20.000 0.73670
20.500 0.70464
21.000 0.67287
21.500 0.64078
22.000 0.60802
22.500 0.57453
23.000 0.54054
23.500 0.50650
24.000 0.47304
24.500 0.44091
25.000 0.41087
25.500 0.38365
26.000 0.35984
26.500 0.33986
27.000 0.32390
27.500 0.31190
28.000 0.30360
28.500 0.29851
29.000 0.29597
29.500 0.29523
30.000 0.29550
30.500 0.29601
31.000 0.29607
31.500 0.29514
32.000 0.29285
32.500 0.28903
33.000 0.28370
33.500 0.27706
34.000 0.26946
34.500 0.26133
35.000 0.25320
35.500 0.24553
36.000 0.23878
36.500 0.23328
37.000 0.22923
37.500 0.22669
38.000 0.22556
38.500 0.22560
39.000 0.22644
39.500 0.22764
40.000 0.22870
40.500 0.22916
41.000 0.22857
41.500 0.22659
42.000 0.22301
42.500 0.21772
43.000 0.21079
43.500 0.20241
44.000 0.19288
44.500 0.18261
45.000 0.17204
45.500 0.16164
46.000 0.15184
46.500 0.14303
47.000 0.13547
47.500 0.12935
48.000 0.12471
48.500 0.12149
49.000 0.11950
49.500 0.11849
50.000 0.11811
50.500 0.11802
51.000 0.11787
51.500 0.11733
52.000 0.11616
52.500 0.11419
53.000 0.11133
53.500 0.10761
54.000 0.10315
54.500 0.98127E-01
55.000 0.92802E-01
55.500 0.87454E-01
56.000 0.82372E-01
56.500 0.77826E-01
57.000 0.74040E-01
57.500 0.71178E-01
58.000 0.69326E-01
58.500 0.68488E-01
59.000 0.68589E-01
59.500 0.69482E-01
60.000 0.70961E-01
60.500 0.72782E-01
61.000 0.74682E-01
61.500 0.76406E-01
62.000 0.77721E-01
62.500 0.78440E-01
63.000 0.78433E-01
63.500 0.77638E-01
64.000 0.76059E-01
64.500 0.73766E-01
65.000 0.70886E-01
65.500 0.67588E-01
66.000 0.64071E-01
66.500 0.60538E-01
67.000 0.57189E-01
67.500 0.54195E-01
68.000 0.51691E-01
68.500 0.49763E-01
69.000 0.48444E-01
69.500 0.47716E-01
70.000 0.47508E-01
70.500 0.47712E-01
71.000 0.48188E-01
71.500 0.48782E-01
72.000 0.49335E-01
72.500 0.49700E-01
73.000 0.49755E-01
73.500 0.49408E-01
74.000 0.48606E-01
74.500 0.47339E-01
75.000 0.45635E-01
75.500 0.43558E-01
76.000 0.41203E-01
76.500 0.38682E-01
77.000 0.36118E-01
77.500 0.33632E-01
78.000 0.31336E-01
78.500 0.29320E-01
79.000 0.27650E-01
79.500 0.26364E-01
80.000 0.25467E-01
80.500 0.24936E-01
81.000 0.24721E-01
81.500 0.24754E-01
82.000 0.24951E-01
82.500 0.25224E-01
83.000 0.25486E-01
83.500 0.25658E-01
84.000 0.25674E-01
84.500 0.25487E-01
85.000 0.25072E-01
85.500 0.24423E-01
86.000 0.23558E-01
86.500 0.22509E-01
87.000 0.21327E-01
87.500 0.20067E-01
88.000 0.18792E-01
88.500 0.17565E-01
89.000 0.16440E-01
89.500 0.15464E-01
90.000 0.14670E-01
90.500 0.14077E-01
91.000 0.13690E-01
91.500 0.13496E-01
92.000 0.13472E-01
92.500 0.13582E-01
93.000 0.13783E-01
93.500 0.14030E-01
94.000 0.14274E-01
94.500 0.14473E-01
95.000 0.14588E-01
95.500 0.14590E-01
96.000 0.14461E-01
96.500 0.14193E-01
97.000 0.13791E-01
97.500 0.13268E-01
98.000 0.12648E-01
98.500 0.11961E-01
99.000 0.11245E-01
99.500 0.10534E-01
100.00 0.98677E-02
100.50 0.92779E-02
101.00 0.87932E-02
101.50 0.84345E-02
102.00 0.82140E-02
102.50 0.81346E-02
103.00 0.81901E-02
103.50 0.83653E-02
104.00 0.86373E-02
104.50 0.89772E-02
105.00 0.93522E-02
105.50 0.97276E-02
106.00 0.10069E-01
106.50 0.10346E-01
107.00 0.10533E-01
107.50 0.10610E-01
108.00 0.10566E-01
108.50 0.10401E-01
109.00 0.10122E-01
109.50 0.97449E-02
110.00 0.92941E-02
110.50 0.87994E-02
111.00 0.82941E-02
111.50 0.78130E-02
112.00 0.73894E-02
112.50 0.70524E-02
113.00 0.68252E-02
113.50 0.67226E-02
114.00 0.67501E-02
114.50 0.69034E-02
115.00 0.71683E-02
115.50 0.75221E-02
116.00 0.79349E-02
116.50 0.83719E-02
117.00 0.87965E-02
117.50 0.91726E-02
118.00 0.94679E-02
118.50 0.96564E-02
119.00 0.97203E-02
119.50 0.96520E-02
120.00 0.94541E-02
120.50 0.91399E-02
121.00 0.87321E-02
121.50 0.82609E-02
122.00 0.77619E-02
122.50 0.72727E-02
123.00 0.68302E-02
123.50 0.64676E-02
124.00 0.62112E-02
124.50 0.60786E-02
125.00 0.60771E-02
125.50 0.62029E-02
126.00 0.64416E-02
126.50 0.67696E-02
127.00 0.71556E-02
127.50 0.75638E-02
128.00 0.79567E-02
128.50 0.82983E-02
129.00 0.85576E-02
129.50 0.87110E-02
130.00 0.87445E-02
130.50 0.86548E-02
131.00 0.84500E-02
131.50 0.81485E-02
132.00 0.77778E-02
132.50 0.73720E-02
133.00 0.69689E-02
133.50 0.66066E-02
134.00 0.63204E-02
134.50 0.61395E-02
135.00 0.60844E-02
135.50 0.61655E-02
136.00 0.63817E-02
136.50 0.67205E-02
137.00 0.71593E-02
137.50 0.76669E-02
138.00 0.82068E-02
138.50 0.87394E-02
139.00 0.92263E-02
139.50 0.96331E-02
140.00 0.99323E-02
140.50 0.10106E-01
141.00 0.10147E-01
141.50 0.10061E-01
142.00 0.98617E-02
142.50 0.95762E-02
143.00 0.92373E-02
143.50 0.88830E-02
144.00 0.85527E-02
144.50 0.82841E-02
145.00 0.81098E-02
145.50 0.80544E-02
146.00 0.81327E-02
146.50 0.83482E-02
147.00 0.86929E-02
147.50 0.91480E-02
148.00 0.96857E-02
148.50 0.10271E-01
149.00 0.10867E-01
149.50 0.11434E-01
150.00 0.11937E-01
150.50 0.12346E-01
151.00 0.12641E-01
151.50 0.12811E-01
152.00 0.12859E-01
152.50 0.12797E-01
153.00 0.12647E-01
153.50 0.12441E-01
154.00 0.12217E-01
154.50 0.12013E-01
155.00 0.11869E-01
155.50 0.11818E-01
156.00 0.11889E-01
156.50 0.12100E-01
157.00 0.12458E-01
157.50 0.12957E-01
158.00 0.13583E-01
158.50 0.14310E-01
159.00 0.15105E-01
159.50 0.15930E-01
160.00 0.16745E-01
160.50 0.17512E-01
161.00 0.18200E-01
161.50 0.18783E-01
162.00 0.19247E-01
162.50 0.19592E-01
163.00 0.19827E-01
163.50 0.19974E-01
164.00 0.20067E-01
164.50 0.20146E-01
165.00 0.20258E-01
165.50 0.20451E-01
166.00 0.20771E-01
166.50 0.21259E-01
167.00 0.21947E-01
167.50 0.22854E-01
168.00 0.23988E-01
168.50 0.25339E-01
169.00 0.26886E-01
169.50 0.28591E-01
170.00 0.30406E-01
170.50 0.32274E-01
171.00 0.34132E-01
171.50 0.35914E-01
172.00 0.37560E-01
172.50 0.39012E-01
173.00 0.40225E-01
173.50 0.41164E-01
174.00 0.41810E-01
174.50 0.42161E-01
175.00 0.42229E-01
175.50 0.42043E-01
176.00 0.41645E-01
176.50 0.41086E-01
177.00 0.40426E-01
177.50 0.39728E-01
178.00 0.39055E-01
178.50 0.38464E-01
179.00 0.38003E-01
179.50 0.37711E-01
180.00 0.37611E-01
