0.10000E-01 1.0000
0.50000 0.99788
1.0000 0.98735
1.5000 0.96894
2.0000 0.94423
2.5000 0.91482
3.0000 0.88228
3.5000 0.84808
4.0000 0.81362
4.5000 0.78027
5.0000 0.74929
5.5000 0.72189
6.0000 0.69922
6.5000 0.68234
7.0000 0.67222
7.5000 0.66974
8.0000 0.67567
8.5000 0.69066
9.0000 0.71527
9.5000 0.74989
10.000 0.79482
10.500 0.85018
11.000 0.91596
11.500 0.99203
12.000 1.0781
12.500 1.1737
13.000 1.2783
13.500 1.3911
14.000 1.5113
14.500 1.6380
15.000 1.7702
15.500 1.9065
16.000 2.0458
16.500 2.1868
17.000 2.3282
17.500 2.4684
18.000 2.6061
18.500 2.7398
19.000 2.8682
19.500 2.9898
20.000 3.1034
20.500 3.2076
21.000 3.3013
21.500 3.3834
22.000 3.4528
22.500 3.5089
23.000 3.5507
23.500 3.5778
24.000 3.5896
24.500 3.5860
25.000 3.5668
25.500 3.5320
26.000 3.4819
26.500 3.4168
27.000 3.3371
27.500 3.2437
28.000 3.1373
28.500 3.0187
29.000 2.8892
29.500 2.7498
30.000 2.6019
30.500 2.4468
31.000 2.2859
31.500 2.1207
32.000 1.9528
32.500 1.7836
33.000 1.6148
33.500 1.4479
34.000 1.2843
34.500 1.1257
35.000 0.97328
35.500 0.82855
36.000 0.69273
36.500 0.56700
37.000 0.45244
37.500 0.34999
38.000 0.26049
38.500 0.18464
39.000 0.12300
39.500 0.76013E-01
40.000 0.43956E-01
40.500 0.26976E-01
41.000 0.25074E-01
41.500 0.38114E-01
42.000 0.65824E-01
42.500 0.10780
43.000 0.16351
43.500 0.23231
44.000 0.31344
44.500 0.40604
45.000 0.50916
45.500 0.62177
46.000 0.74277
46.500 0.87102
47.000 1.0053
47.500 1.1444
48.000 1.2870
48.500 1.4319
49.000 1.5778
49.500 1.7235
50.000 1.8677
50.500 2.0093
51.000 2.1471
51.500 2.2801
52.000 2.4072
52.500 2.5274
53.000 2.6400
53.500 2.7442
54.000 2.8392
54.500 2.9245
55.000 2.9996
55.500 3.0641
56.000 3.1177
56.500 3.1602
57.000 3.1915
57.500 3.2117
58.000 3.2209
58.500 3.2192
59.000 3.2070
59.500 3.1847
60.000 3.1527
60.500 3.1116
61.000 3.0619
61.500 3.0043
62.000 2.9395
62.500 2.8684
63.000 2.7916
63.500 2.7101
64.000 2.6246
64.500 2.5360
65.000 2.4452
65.500 2.3530
66.000 2.2603
66.500 2.1680
67.000 2.0768
67.500 1.9874
68.000 1.9007
68.500 1.8174
69.000 1.7380
69.500 1.6632
70.000 1.5935
70.500 1.5294
71.000 1.4712
71.500 1.4194
72.000 1.3743
72.500 1.3359
73.000 1.3045
73.500 1.2802
74.000 1.2628
74.500 1.2525
75.000 1.2490
75.500 1.2522
76.000 1.2618
76.500 1.2775
77.000 1.2989
77.500 1.3257
78.000 1.3573
78.500 1.3934
79.000 1.4333
79.500 1.4765
80.000 1.5225
80.500 1.5706
81.000 1.6202
81.500 1.6706
82.000 1.7214
82.500 1.7717
83.000 1.8211
83.500 1.8688
84.000 1.9144
84.500 1.9572
85.000 1.9968
85.500 2.0325
86.000 2.0639
86.500 2.0906
87.000 2.1121
87.500 2.1282
88.000 2.1385
88.500 2.1428
89.000 2.1409
89.500 2.1325
90.000 2.1177
90.500 2.0964
91.000 2.0686
91.500 2.0343
92.000 1.9938
92.500 1.9471
93.000 1.8946
93.500 1.8365
94.000 1.7732
94.500 1.7051
95.000 1.6326
95.500 1.5561
96.000 1.4763
96.500 1.3937
97.000 1.3089
97.500 1.2226
98.000 1.1354
98.500 1.0480
99.000 0.96107
99.500 0.87544
100.00 0.79183
100.50 0.71099
101.00 0.63368
101.50 0.56069
102.00 0.49277
102.50 0.43068
103.00 0.37517
103.50 0.32698
104.00 0.28682
104.50 0.25540
105.00 0.23337
105.50 0.22138
106.00 0.22004
106.50 0.22992
107.00 0.25154
107.50 0.28541
108.00 0.33194
108.50 0.39156
109.00 0.46459
109.50 0.55132
110.00 0.65200
110.50 0.76681
111.00 0.89585
111.50 1.0392
112.00 1.1968
112.50 1.3687
113.00 1.5547
113.50 1.7546
114.00 1.9682
114.50 2.1951
115.00 2.4349
115.50 2.6873
116.00 2.9518
116.50 3.2276
117.00 3.5143
117.50 3.8112
118.00 4.1175
118.50 4.4324
119.00 4.7551
119.50 5.0846
120.00 5.4202
120.50 5.7607
121.00 6.1052
121.50 6.4527
122.00 6.8020
122.50 7.1520
123.00 7.5017
123.50 7.8498
124.00 8.1953
124.50 8.5368
125.00 8.8734
125.50 9.2037
126.00 9.5267
126.50 9.8411
127.00 10.146
127.50 10.440
128.00 10.722
128.50 10.991
129.00 11.246
129.50 11.486
130.00 11.710
130.50 11.918
131.00 12.107
131.50 12.279
132.00 12.431
132.50 12.563
133.00 12.675
133.50 12.766
134.00 12.836
134.50 12.884
135.00 12.911
135.50 12.915
136.00 12.897
136.50 12.857
137.00 12.795
137.50 12.711
138.00 12.606
138.50 12.479
139.00 12.332
139.50 12.164
140.00 11.977
140.50 11.770
141.00 11.546
141.50 11.305
142.00 11.047
142.50 10.774
143.00 10.487
143.50 10.187
144.00 9.8751
144.50 9.5528
145.00 9.2214
145.50 8.8823
146.00 8.5367
146.50 8.1862
147.00 7.8322
147.50 7.4761
148.00 7.1196
148.50 6.7640
149.00 6.4108
149.50 6.0615
150.00 5.7176
150.50 5.3805
151.00 5.0516
151.50 4.7322
152.00 4.4237
152.50 4.1273
153.00 3.8443
153.50 3.5757
154.00 3.3226
154.50 3.0861
155.00 2.8670
155.50 2.6661
156.00 2.4842
156.50 2.3219
157.00 2.1798
157.50 2.0583
158.00 1.9576
158.50 1.8782
159.00 1.8200
159.50 1.7831
160.00 1.7674
160.50 1.7726
161.00 1.7986
161.50 1.8448
162.00 1.9108
162.50 1.9959
163.00 2.0994
163.50 2.2206
164.00 2.3584
164.50 2.5120
165.00 2.6802
165.50 2.8620
166.00 3.0561
166.50 3.2613
167.00 3.4762
167.50 3.6995
168.00 3.9298
168.50 4.1656
169.00 4.4054
169.50 4.6479
170.00 4.8915
170.50 5.1346
171.00 5.3759
171.50 5.6139
172.00 5.8471
172.50 6.0742
173.00 6.2937
173.50 6.5043
174.00 6.7049
174.50 6.8941
175.00 7.0709
175.50 7.2342
176.00 7.3830
176.50 7.5164
177.00 7.6337
177.50 7.7342
178.00 7.8172
178.50 7.8823
179.00 7.9291
179.50 7.9573
179.99 7.9667
