0.0000 6.7403
0.50000 6.7403
1.0000 6.7404
1.5000 6.7405
2.0000 6.7405
2.5000 6.7402
3.0000 6.7395
3.5000 6.7382
4.0000 6.7361
4.5000 6.7329
5.0000 6.7283
5.5000 6.7221
6.0000 6.7141
6.5000 6.7040
7.0000 6.6916
7.5000 6.6766
8.0000 6.6589
8.5000 6.6384
9.0000 6.6149
9.5000 6.5884
10.000 6.5589
10.500 6.5263
11.000 6.4907
11.500 6.4523
12.000 6.4111
12.500 6.3675
13.000 6.3214
13.500 6.2733
14.000 6.2233
14.500 6.1718
15.000 6.1189
15.500 6.0649
16.000 6.0102
16.500 5.9549
17.000 5.8992
17.500 5.8434
18.000 5.7875
18.500 5.7319
19.000 5.6764
19.500 5.6213
20.000 5.5664
20.500 5.5119
21.000 5.4576
21.500 5.4035
22.000 5.3494
22.500 5.2954
23.000 5.2411
23.500 5.1865
24.000 5.1314
24.500 5.0756
25.000 5.0190
25.500 4.9614
26.000 4.9026
26.500 4.8426
27.000 4.7811
27.500 4.7181
28.000 4.6534
28.500 4.5871
29.000 4.5189
29.500 4.4490
30.000 4.3773
30.500 4.3037
31.000 4.2283
31.500 4.1512
32.000 4.0723
32.500 3.9918
33.000 3.9097
33.500 3.8262
34.000 3.7413
34.500 3.6552
35.000 3.5679
35.500 3.4797
36.000 3.3906
36.500 3.3009
37.000 3.2106
37.500 3.1201
38.000 3.0293
38.500 2.9386
39.000 2.8482
39.500 2.7581
40.000 2.6687
40.500 2.5802
41.000 2.4927
41.500 2.4064
42.000 2.3217
42.500 2.2387
43.000 2.1577
43.500 2.0788
44.000 2.0022
44.500 1.9283
45.000 1.8571
45.500 1.7890
46.000 1.7240
46.500 1.6624
47.000 1.6042
47.500 1.5497
48.000 1.4990
48.500 1.4522
49.000 1.4093
49.500 1.3705
50.000 1.3358
50.500 1.3053
51.000 1.2788
51.500 1.2565
52.000 1.2382
52.500 1.2240
53.000 1.2137
53.500 1.2073
54.000 1.2046
54.500 1.2055
55.000 1.2098
55.500 1.2175
56.000 1.2283
56.500 1.2420
57.000 1.2585
57.500 1.2776
58.000 1.2991
58.500 1.3227
59.000 1.3483
59.500 1.3756
60.000 1.4046
60.500 1.4349
61.000 1.4663
61.500 1.4987
62.000 1.5320
62.500 1.5658
63.000 1.6000
63.500 1.6345
64.000 1.6690
64.500 1.7035
65.000 1.7378
65.500 1.7716
66.000 1.8050
66.500 1.8377
67.000 1.8696
67.500 1.9006
68.000 1.9307
68.500 1.9595
69.000 1.9872
69.500 2.0136
70.000 2.0385
70.500 2.0620
71.000 2.0840
71.500 2.1043
72.000 2.1230
72.500 2.1400
73.000 2.1552
73.500 2.1686
74.000 2.1802
74.500 2.1899
75.000 2.1978
75.500 2.2039
76.000 2.2080
76.500 2.2103
77.000 2.2108
77.500 2.2094
78.000 2.2062
78.500 2.2012
79.000 2.1945
79.500 2.1860
80.000 2.1759
80.500 2.1642
81.000 2.1509
81.500 2.1360
82.000 2.1197
82.500 2.1020
83.000 2.0829
83.500 2.0625
84.000 2.0409
84.500 2.0181
85.000 1.9942
85.500 1.9693
86.000 1.9434
86.500 1.9166
87.000 1.8889
87.500 1.8605
88.000 1.8313
88.500 1.8015
89.000 1.7711
89.500 1.7401
90.000 1.7087
90.500 1.6769
91.000 1.6448
91.500 1.6123
92.000 1.5796
92.500 1.5468
93.000 1.5138
93.500 1.4808
94.000 1.4479
94.500 1.4149
95.000 1.3821
95.500 1.3495
96.000 1.3171
96.500 1.2850
97.000 1.2533
97.500 1.2219
98.000 1.1910
98.500 1.1607
99.000 1.1309
99.500 1.1017
100.00 1.0733
100.50 1.0455
101.00 1.0186
101.50 0.99254
102.00 0.96736
102.50 0.94314
103.00 0.91992
103.50 0.89776
104.00 0.87671
104.50 0.85681
105.00 0.83810
105.50 0.82063
106.00 0.80445
106.50 0.78958
107.00 0.77606
107.50 0.76393
108.00 0.75321
108.50 0.74393
109.00 0.73611
109.50 0.72976
110.00 0.72490
110.50 0.72155
111.00 0.71969
111.50 0.71935
112.00 0.72050
112.50 0.72315
113.00 0.72727
113.50 0.73286
114.00 0.73989
114.50 0.74833
115.00 0.75816
115.50 0.76933
116.00 0.78181
116.50 0.79555
117.00 0.81051
117.50 0.82663
118.00 0.84386
118.50 0.86214
119.00 0.88140
119.50 0.90158
120.00 0.92261
120.50 0.94442
121.00 0.96694
121.50 0.99008
122.00 1.0138
122.50 1.0379
123.00 1.0625
123.50 1.0873
124.00 1.1124
124.50 1.1376
125.00 1.1628
125.50 1.1881
126.00 1.2131
126.50 1.2380
127.00 1.2626
127.50 1.2867
128.00 1.3105
128.50 1.3336
129.00 1.3562
129.50 1.3780
130.00 1.3990
130.50 1.4192
131.00 1.4385
131.50 1.4568
132.00 1.4740
132.50 1.4901
133.00 1.5051
133.50 1.5189
134.00 1.5314
134.50 1.5426
135.00 1.5525
135.50 1.5611
136.00 1.5683
136.50 1.5741
137.00 1.5785
137.50 1.5816
138.00 1.5832
138.50 1.5835
139.00 1.5824
139.50 1.5800
140.00 1.5763
140.50 1.5713
141.00 1.5650
141.50 1.5576
142.00 1.5490
142.50 1.5393
143.00 1.5286
143.50 1.5169
144.00 1.5043
144.50 1.4909
145.00 1.4767
145.50 1.4618
146.00 1.4463
146.50 1.4302
147.00 1.4137
147.50 1.3969
148.00 1.3797
148.50 1.3623
149.00 1.3448
149.50 1.3272
150.00 1.3097
150.50 1.2922
151.00 1.2750
151.50 1.2579
152.00 1.2413
152.50 1.2250
153.00 1.2092
153.50 1.1939
154.00 1.1792
154.50 1.1651
155.00 1.1517
155.50 1.1391
156.00 1.1272
156.50 1.1162
157.00 1.1061
157.50 1.0968
158.00 1.0885
158.50 1.0811
159.00 1.0746
159.50 1.0691
160.00 1.0646
160.50 1.0610
161.00 1.0584
161.50 1.0567
162.00 1.0560
162.50 1.0561
163.00 1.0572
163.50 1.0591
164.00 1.0618
164.50 1.0653
165.00 1.0696
165.50 1.0745
166.00 1.0801
166.50 1.0862
167.00 1.0929
167.50 1.1001
168.00 1.1077
168.50 1.1156
169.00 1.1238
169.50 1.1322
170.00 1.1408
170.50 1.1494
171.00 1.1581
171.50 1.1667
172.00 1.1753
172.50 1.1837
173.00 1.1918
173.50 1.1997
174.00 1.2072
174.50 1.2143
175.00 1.2210
175.50 1.2272
176.00 1.2328
176.50 1.2379
177.00 1.2424
177.50 1.2463
178.00 1.2494
178.50 1.2519
179.00 1.2537
179.50 1.2548
180.00 1.2552
