0.0000 88.536
0.50000 88.364
1.0000 87.849
1.5000 86.996
2.0000 85.816
2.5000 84.320
3.0000 82.525
3.5000 80.449
4.0000 78.115
4.5000 75.546
5.0000 72.767
5.5000 69.807
6.0000 66.694
6.5000 63.456
7.0000 60.122
7.5000 56.721
8.0000 53.282
8.5000 49.832
9.0000 46.397
9.5000 43.001
10.000 39.668
10.500 36.417
11.000 33.268
11.500 30.237
12.000 27.338
12.500 24.583
13.000 21.982
13.500 19.542
14.000 17.269
14.500 15.167
15.000 13.236
15.500 11.477
16.000 9.8883
16.500 8.4672
17.000 7.2093
17.500 6.1097
18.000 5.1624
18.500 4.3606
19.000 3.6972
19.500 3.1644
20.000 2.7543
20.500 2.4586
21.000 2.2690
21.500 2.1772
22.000 2.1747
22.500 2.2534
23.000 2.4051
23.500 2.6218
24.000 2.8958
24.500 3.2197
25.000 3.5861
25.500 3.9881
26.000 4.4189
26.500 4.8722
27.000 5.3417
27.500 5.8216
28.000 6.3065
28.500 6.7910
29.000 7.2704
29.500 7.7400
30.000 8.1957
30.500 8.6336
31.000 9.0501
31.500 9.4421
32.000 9.8068
32.500 10.142
33.000 10.445
33.500 10.715
34.000 10.950
34.500 11.150
35.000 11.314
35.500 11.441
36.000 11.533
36.500 11.588
37.000 11.609
37.500 11.596
38.000 11.551
38.500 11.475
39.000 11.370
39.500 11.237
40.000 11.080
40.500 10.900
41.000 10.699
41.500 10.480
42.000 10.245
42.500 9.9953
43.000 9.7343
43.500 9.4638
44.000 9.1857
44.500 8.9019
45.000 8.6143
45.500 8.3244
46.000 8.0337
46.500 7.7437
47.000 7.4555
47.500 7.1701
48.000 6.8885
48.500 6.6115
49.000 6.3396
49.500 6.0735
50.000 5.8134
50.500 5.5598
51.000 5.3129
51.500 5.0727
52.000 4.8395
52.500 4.6132
53.000 4.3939
53.500 4.1814
54.000 3.9757
54.500 3.7767
55.000 3.5843
55.500 3.3984
56.000 3.2188
56.500 3.0455
57.000 2.8783
57.500 2.7171
58.000 2.5619
58.500 2.4125
59.000 2.2688
59.500 2.1309
60.000 1.9985
60.500 1.8718
61.000 1.7505
61.500 1.6348
62.000 1.5245
62.500 1.4196
63.000 1.3201
63.500 1.2259
64.000 1.1371
64.500 1.0535
65.000 0.97513
65.500 0.90195
66.000 0.83389
66.500 0.77087
67.000 0.71283
67.500 0.65966
68.000 0.61128
68.500 0.56759
69.000 0.52845
69.500 0.49376
70.000 0.46337
70.500 0.43714
71.000 0.41493
71.500 0.39658
72.000 0.38193
72.500 0.37081
73.000 0.36307
73.500 0.35853
74.000 0.35703
74.500 0.35839
75.000 0.36246
75.500 0.36906
76.000 0.37804
76.500 0.38925
77.000 0.40253
77.500 0.41773
78.000 0.43472
78.500 0.45335
79.000 0.47351
79.500 0.49506
80.000 0.51789
80.500 0.54189
81.000 0.56695
81.500 0.59296
82.000 0.61985
82.500 0.64750
83.000 0.67584
83.500 0.70479
84.000 0.73425
84.500 0.76417
85.000 0.79446
85.500 0.82506
86.000 0.85590
86.500 0.88691
87.000 0.91803
87.500 0.94919
88.000 0.98033
88.500 1.0114
89.000 1.0423
89.500 1.0731
90.000 1.1035
90.500 1.1337
91.000 1.1635
91.500 1.1928
92.000 1.2217
92.500 1.2500
93.000 1.2778
93.500 1.3048
94.000 1.3312
94.500 1.3568
95.000 1.3816
95.500 1.4055
96.000 1.4285
96.500 1.4505
97.000 1.4714
97.500 1.4913
98.000 1.5101
98.500 1.5277
99.000 1.5442
99.500 1.5593
100.00 1.5732
100.50 1.5858
101.00 1.5970
101.50 1.6069
102.00 1.6154
102.50 1.6224
103.00 1.6281
103.50 1.6322
104.00 1.6350
104.50 1.6362
105.00 1.6360
105.50 1.6344
106.00 1.6313
106.50 1.6268
107.00 1.6208
107.50 1.6135
108.00 1.6048
108.50 1.5947
109.00 1.5833
109.50 1.5707
110.00 1.5568
110.50 1.5418
111.00 1.5255
111.50 1.5082
112.00 1.4898
112.50 1.4705
113.00 1.4502
113.50 1.4290
114.00 1.4070
114.50 1.3842
115.00 1.3607
115.50 1.3365
116.00 1.3118
116.50 1.2865
117.00 1.2608
117.50 1.2347
118.00 1.2082
118.50 1.1814
119.00 1.1544
119.50 1.1271
120.00 1.0998
120.50 1.0724
121.00 1.0449
121.50 1.0175
122.00 0.99018
122.50 0.96295
123.00 0.93588
123.50 0.90900
124.00 0.88236
124.50 0.85600
125.00 0.82994
125.50 0.80423
126.00 0.77888
126.50 0.75394
127.00 0.72942
127.50 0.70535
128.00 0.68176
128.50 0.65865
129.00 0.63605
129.50 0.61398
130.00 0.59245
130.50 0.57147
131.00 0.55105
131.50 0.53121
132.00 0.51194
132.50 0.49326
133.00 0.47517
133.50 0.45767
134.00 0.44076
134.50 0.42445
135.00 0.40873
135.50 0.39361
136.00 0.37907
136.50 0.36511
137.00 0.35173
137.50 0.33892
138.00 0.32668
138.50 0.31499
139.00 0.30385
139.50 0.29325
140.00 0.28318
140.50 0.27363
141.00 0.26458
141.50 0.25604
142.00 0.24797
142.50 0.24039
143.00 0.23326
143.50 0.22658
144.00 0.22034
144.50 0.21453
145.00 0.20913
145.50 0.20413
146.00 0.19951
146.50 0.19527
147.00 0.19139
147.50 0.18786
148.00 0.18466
148.50 0.18179
149.00 0.17923
149.50 0.17697
150.00 0.17500
150.50 0.17330
151.00 0.17186
151.50 0.17067
152.00 0.16972
152.50 0.16900
153.00 0.16849
153.50 0.16818
154.00 0.16806
154.50 0.16813
155.00 0.16836
155.50 0.16875
156.00 0.16929
156.50 0.16997
157.00 0.17078
157.50 0.17170
158.00 0.17274
158.50 0.17387
159.00 0.17510
159.50 0.17640
160.00 0.17778
160.50 0.17923
161.00 0.18074
161.50 0.18230
162.00 0.18391
162.50 0.18555
163.00 0.18723
163.50 0.18894
164.00 0.19067
164.50 0.19242
165.00 0.19417
165.50 0.19594
166.00 0.19770
166.50 0.19947
167.00 0.20122
167.50 0.20296
168.00 0.20469
168.50 0.20639
169.00 0.20807
169.50 0.20972
170.00 0.21134
170.50 0.21291
171.00 0.21444
171.50 0.21593
172.00 0.21736
172.50 0.21873
173.00 0.22004
173.50 0.22128
174.00 0.22245
174.50 0.22355
175.00 0.22457
175.50 0.22550
176.00 0.22635
176.50 0.22710
177.00 0.22776
177.50 0.22833
178.00 0.22879
178.50 0.22916
179.00 0.22942
179.50 0.22957
180.00 0.22963
