0.000 19.34
0.000 -0.2666
0.000 0.000
1.000 19.24
-0.9077E-02 -0.2608
-0.3766E-01 -0.5140E-03
2.000 18.96
-0.1409E-01 -0.2430
-0.7481E-01 -0.2119E-02
3.000 18.55
-0.1161E-01 -0.2133
-0.1104 -0.4969E-02
4.000 18.08
0.3920E-03 -0.1724
-0.1428 -0.9208E-02
5.000 17.60
0.2207E-01 -0.1224
-0.1696 -0.1485E-01
6.000 17.11
0.5166E-01 -0.6670E-01
-0.1889 -0.2170E-01
7.000 16.57
0.8622E-01 -0.9516E-02
-0.1995 -0.2943E-01
8.000 15.90
0.1228 0.4561E-01
-0.2011 -0.3763E-01
9.000 15.02
0.1596 0.9643E-01
-0.1948 -0.4602E-01
10.00 13.88
0.1956 0.1422
-0.1816 -0.5445E-01
11.00 12.47
0.2311 0.1834
-0.1621 -0.6286E-01
12.00 10.87
0.2666 0.2207
-0.1365 -0.7122E-01
13.00 9.173
0.3022 0.2547
-0.1042 -0.7928E-01
14.00 7.518
0.3372 0.2852
-0.6373E-01 -0.8632E-01
15.00 6.020
0.3691 0.3105
-0.1402E-01 -0.9085E-01
16.00 4.753
0.3940 0.3270
0.4496E-01 -0.9032E-01
17.00 3.743
0.4072 0.3304
0.1105 -0.8132E-01
18.00 2.969
0.4055 0.3166
0.1766 -0.6051E-01
19.00 2.382
0.3891 0.2847
0.2350 -0.2595E-01
20.00 1.931
0.3616 0.2375
0.2784 0.2235E-01
21.00 1.570
0.3267 0.1796
0.3018 0.8309E-01
22.00 1.276
0.2856 0.1165
0.3016 0.1542
23.00 1.037
0.2366 0.5470E-01
0.2734 0.2316
24.00 0.8534
0.1791 0.4878E-02
0.2136 0.3068
25.00 0.7235
0.1185 -0.1805E-01
0.1248 0.3646
26.00 0.6429
0.6907E-01 -0.1550E-02
0.2203E-01 0.3893
27.00 0.6024
0.4573E-01 0.5355E-01
-0.7064E-01 0.3750
28.00 0.5897
0.5313E-01 0.1311
-0.1349 0.3309
29.00 0.5923
0.8345E-01 0.2107
-0.1669 0.2732
30.00 0.5997
0.1240 0.2777
-0.1739 0.2149
31.00 0.6041
0.1641 0.3255
-0.1654 0.1627
32.00 0.6000
0.1978 0.3532
-0.1494 0.1186
33.00 0.5847
0.2229 0.3626
-0.1310 0.8233E-01
34.00 0.5569
0.2395 0.3565
-0.1135 0.5273E-01
35.00 0.5174
0.2487 0.3376
-0.9860E-01 0.2833E-01
36.00 0.4683
0.2521 0.3080
-0.8765E-01 0.7674E-02
37.00 0.4130
0.2507 0.2691
-0.8193E-01 -0.1073E-01
38.00 0.3554
0.2457 0.2217
-0.8300E-01 -0.2846E-01
39.00 0.2998
0.2390 0.1675
-0.9257E-01 -0.4728E-01
40.00 0.2496
0.2339 0.1096
-0.1121 -0.6916E-01
41.00 0.2078
0.2356 0.5528E-01
-0.1415 -0.9595E-01
42.00 0.1758
0.2494 0.1546E-01
-0.1778 -0.1284
43.00 0.1541
0.2766 0.2069E-02
-0.2141 -0.1648
44.00 0.1420
0.3107 0.1964E-01
-0.2418 -0.2001
45.00 0.1381
0.3384 0.5919E-01
-0.2559 -0.2282
46.00 0.1402
0.3490 0.1028
-0.2578 -0.2452
47.00 0.1462
0.3408 0.1346
-0.2534 -0.2508
48.00 0.1539
0.3196 0.1472
-0.2482 -0.2471
49.00 0.1616
0.2936 0.1399
-0.2451 -0.2365
50.00 0.1679
0.2699 0.1154
-0.2449 -0.2206
51.00 0.1725
0.2530 0.7717E-01
-0.2470 -0.2009
52.00 0.1750
0.2453 0.2924E-01
-0.2502 -0.1788
53.00 0.1759
0.2465 -0.2442E-01
-0.2534 -0.1556
54.00 0.1751
0.2552 -0.7969E-01
-0.2556 -0.1327
55.00 0.1729
0.2691 -0.1325
-0.2565 -0.1115
56.00 0.1693
0.2851 -0.1787
-0.2557 -0.9282E-01
57.00 0.1647
0.3005 -0.2144
-0.2526 -0.7686E-01
58.00 0.1592
0.3120 -0.2358
-0.2467 -0.6346E-01
59.00 0.1534
0.3159 -0.2387
-0.2369 -0.5216E-01
60.00 0.1480
0.3082 -0.2200
-0.2222 -0.4254E-01
61.00 0.1436
0.2854 -0.1783
-0.2019 -0.3438E-01
62.00 0.1410
0.2457 -0.1153
-0.1768 -0.2766E-01
63.00 0.1402
0.1907 -0.3673E-01
-0.1485 -0.2246E-01
64.00 0.1413
0.1252 0.4911E-01
-0.1197 -0.1864E-01
65.00 0.1439
0.5585E-01 0.1338
-0.9311E-01 -0.1579E-01
66.00 0.1475
-0.1079E-01 0.2107
-0.7029E-01 -0.1320E-01
67.00 0.1516
-0.6976E-01 0.2764
-0.5191E-01 -0.1010E-01
68.00 0.1557
-0.1183 0.3295
-0.3770E-01 -0.5854E-02
69.00 0.1595
-0.1555 0.3706
-0.2693E-01 -0.1218E-03
70.00 0.1626
-0.1821 0.4008
-0.1875E-01 0.7125E-02
71.00 0.1649
-0.1995 0.4215
-0.1240E-01 0.1563E-01
72.00 0.1662
-0.2094 0.4345
-0.7322E-02 0.2498E-01
73.00 0.1664
-0.2139 0.4414
-0.3073E-02 0.3473E-01
74.00 0.1653
-0.2144 0.4436
0.7113E-03 0.4454E-01
75.00 0.1628
-0.2122 0.4428
0.4401E-02 0.5422E-01
76.00 0.1589
-0.2080 0.4403
0.8403E-02 0.6370E-01
77.00 0.1538
-0.2025 0.4373
0.1312E-01 0.7295E-01
78.00 0.1477
-0.1960 0.4347
0.1890E-01 0.8188E-01
79.00 0.1411
-0.1893 0.4330
0.2588E-01 0.9031E-01
80.00 0.1343
-0.1829 0.4326
0.3397E-01 0.9785E-01
81.00 0.1277
-0.1778 0.4333
0.4284E-01 0.1040
82.00 0.1214
-0.1747 0.4351
0.5192E-01 0.1085
83.00 0.1156
-0.1739 0.4377
0.6059E-01 0.1110
84.00 0.1104
-0.1755 0.4410
0.6830E-01 0.1114
85.00 0.1057
-0.1794 0.4449
0.7460E-01 0.1102
86.00 0.1015
-0.1849 0.4492
0.7924E-01 0.1077
87.00 0.9768E-01
-0.1913 0.4536
0.8207E-01 0.1043
88.00 0.9421E-01
-0.1978 0.4580
0.8309E-01 0.1004
89.00 0.9099E-01
-0.2037 0.4618
0.8235E-01 0.9651E-01
90.00 0.8790E-01
-0.2082 0.4650
0.8004E-01 0.9287E-01
91.00 0.8478E-01
-0.2104 0.4674
0.7644E-01 0.8985E-01
92.00 0.8147E-01
-0.2097 0.4690
0.7192E-01 0.8776E-01
93.00 0.7785E-01
-0.2054 0.4700
0.6695E-01 0.8692E-01
94.00 0.7382E-01
-0.1968 0.4707
0.6202E-01 0.8755E-01
95.00 0.6937E-01
-0.1836 0.4713
0.5763E-01 0.8980E-01
96.00 0.6454E-01
-0.1657 0.4721
0.5427E-01 0.9369E-01
97.00 0.5944E-01
-0.1430 0.4728
0.5238E-01 0.9913E-01
98.00 0.5424E-01
-0.1158 0.4733
0.5239E-01 0.1059
99.00 0.4913E-01
-0.8483E-01 0.4730
0.5463E-01 0.1136
100.0 0.4432E-01
-0.5130E-01 0.4711
0.5926E-01 0.1216
101.0 0.3999E-01
-0.1721E-01 0.4666
0.6615E-01 0.1293
102.0 0.3626E-01
0.1484E-01 0.4585
0.7468E-01 0.1357
103.0 0.3320E-01
0.4217E-01 0.4461
0.8372E-01 0.1400
104.0 0.3079E-01
0.6291E-01 0.4296
0.9181E-01 0.1420
105.0 0.2893E-01
0.7678E-01 0.4101
0.9757E-01 0.1421
106.0 0.2749E-01
0.8517E-01 0.3895
0.1002 0.1414
107.0 0.2633E-01
0.9041E-01 0.3693
0.9943E-01 0.1411
108.0 0.2531E-01
0.9469E-01 0.3508
0.9583E-01 0.1425
109.0 0.2434E-01
0.9931E-01 0.3339
0.9018E-01 0.1460
110.0 0.2335E-01
0.1045 0.3179
0.8341E-01 0.1514
111.0 0.2232E-01
0.1095 0.3015
0.7648E-01 0.1579
112.0 0.2122E-01
0.1135 0.2830
0.7023E-01 0.1644
113.0 0.2007E-01
0.1156 0.2609
0.6535E-01 0.1699
114.0 0.1889E-01
0.1156 0.2337
0.6231E-01 0.1740
115.0 0.1771E-01
0.1134 0.2007
0.6138E-01 0.1764
116.0 0.1658E-01
0.1095 0.1619
0.6257E-01 0.1777
117.0 0.1558E-01
0.1037 0.1184
0.6565E-01 0.1784
118.0 0.1476E-01
0.9613E-01 0.7228E-01
0.7004E-01 0.1792
119.0 0.1417E-01
0.8649E-01 0.2694E-01
0.7484E-01 0.1802
120.0 0.1379E-01
0.7505E-01 -0.1421E-01
0.7903E-01 0.1814
121.0 0.1360E-01
0.6258E-01 -0.4858E-01
0.8174E-01 0.1827
122.0 0.1353E-01
0.5022E-01 -0.7522E-01
0.8250E-01 0.1840
123.0 0.1350E-01
0.3886E-01 -0.9475E-01
0.8124E-01 0.1853
124.0 0.1342E-01
0.2860E-01 -0.1088
0.7818E-01 0.1867
125.0 0.1326E-01
0.1860E-01 -0.1193
0.7366E-01 0.1878
126.0 0.1299E-01
0.7238E-02 -0.1280
0.6813E-01 0.1881
127.0 0.1262E-01
-0.7338E-02 -0.1362
0.6221E-01 0.1865
128.0 0.1217E-01
-0.2660E-01 -0.1445
0.5674E-01 0.1818
129.0 0.1166E-01
-0.5109E-01 -0.1531
0.5281E-01 0.1729
130.0 0.1114E-01
-0.8026E-01 -0.1615
0.5155E-01 0.1597
131.0 0.1064E-01
-0.1125 -0.1685
0.5403E-01 0.1428
132.0 0.1023E-01
-0.1457 -0.1724
0.6096E-01 0.1236
133.0 0.9997E-02
-0.1774 -0.1711
0.7237E-01 0.1043
134.0 0.1001E-01
-0.2054 -0.1637
0.8732E-01 0.8702E-01
135.0 0.1031E-01
-0.2282 -0.1511
0.1040 0.7303E-01
136.0 0.1089E-01
-0.2453 -0.1359
0.1205 0.6243E-01
137.0 0.1169E-01
-0.2566 -0.1215
0.1355 0.5428E-01
138.0 0.1258E-01
-0.2624 -0.1098
0.1491 0.4752E-01
139.0 0.1338E-01
-0.2625 -0.1019
0.1618 0.4155E-01
140.0 0.1393E-01
-0.2562 -0.9790E-01
0.1747 0.3633E-01
141.0 0.1409E-01
-0.2430 -0.9772E-01
0.1884 0.3211E-01
142.0 0.1379E-01
-0.2221 -0.1018
0.2032 0.2920E-01
143.0 0.1306E-01
-0.1931 -0.1109
0.2193 0.2764E-01
144.0 0.1199E-01
-0.1561 -0.1266
0.2356 0.2692E-01
145.0 0.1076E-01
-0.1127 -0.1505
0.2501 0.2562E-01
146.0 0.9559E-02
-0.6776E-01 -0.1828
0.2593 0.2120E-01
147.0 0.8594E-02
-0.3043E-01 -0.2206
0.2580 0.1029E-01
148.0 0.8027E-02
-0.1346E-01 -0.2547
0.2419 -0.9424E-02
149.0 0.7972E-02
-0.2553E-01 -0.2719
0.2121 -0.3623E-01
150.0 0.8476E-02
-0.6225E-01 -0.2637
0.1771 -0.6391E-01
151.0 0.9512E-02
-0.1082 -0.2332
0.1470 -0.8609E-01
152.0 0.1098E-01
-0.1491 -0.1903
0.1274 -0.1005
153.0 0.1270E-01
-0.1783 -0.1439
0.1180 -0.1083
154.0 0.1446E-01
-0.1953 -0.9842E-01
0.1164 -0.1119
155.0 0.1605E-01
-0.2017 -0.5518E-01
0.1196 -0.1133
156.0 0.1725E-01
-0.1995 -0.1380E-01
0.1257 -0.1138
157.0 0.1790E-01
-0.1899 0.2641E-01
0.1334 -0.1138
158.0 0.1796E-01
-0.1736 0.6578E-01
0.1417 -0.1134
159.0 0.1742E-01
-0.1509 0.1039
0.1501 -0.1126
160.0 0.1639E-01
-0.1219 0.1393
0.1579 -0.1112
161.0 0.1503E-01
-0.8722E-01 0.1692
0.1647 -0.1091
162.0 0.1352E-01
-0.4781E-01 0.1891
0.1697 -0.1063
163.0 0.1205E-01
-0.5838E-02 0.1933
0.1720 -0.1030
164.0 0.1076E-01
0.3519E-01 0.1764
0.1710 -0.9979E-01
165.0 0.9740E-02
0.7071E-01 0.1364
0.1664 -0.9693E-01
166.0 0.9036E-02
0.9639E-01 0.7725E-01
0.1584 -0.9460E-01
167.0 0.8643E-02
0.1101 0.9860E-02
0.1484 -0.9247E-01
168.0 0.8523E-02
0.1128 -0.5196E-01
0.1380 -0.8983E-01
169.0 0.8617E-02
0.1079 -0.9741E-01
0.1283 -0.8592E-01
170.0 0.8854E-02
0.9906E-01 -0.1221
0.1199 -0.8029E-01
171.0 0.9169E-02
0.8892E-01 -0.1275
0.1123 -0.7285E-01
172.0 0.9507E-02
0.7873E-01 -0.1179
0.1048 -0.6384E-01
173.0 0.9828E-02
0.6883E-01 -0.9840E-01
0.9659E-01 -0.5369E-01
174.0 0.1011E-01
0.5918E-01 -0.7379E-01
0.8701E-01 -0.4293E-01
175.0 0.1034E-01
0.4966E-01 -0.4784E-01
0.7579E-01 -0.3216E-01
176.0 0.1053E-01
0.4014E-01 -0.2351E-01
0.6296E-01 -0.2199E-01
177.0 0.1066E-01
0.3049E-01 -0.2926E-02
0.4867E-01 -0.1307E-01
178.0 0.1075E-01
0.2059E-01 0.1253E-01
0.3319E-01 -0.6055E-02
179.0 0.1080E-01
0.1040E-01 0.2206E-01
0.1683E-01 -0.1554E-02
180.0 0.1081E-01
0.000 0.2528E-01
0.000 0.000
