0.000 2.821
0.000 -0.4148E-01
0.000 0.000
1.000 2.865
0.1677 -0.4315E-01
0.1095E-01 -0.5242E-02
2.000 2.969
0.3018 -0.4706E-01
0.1800E-01 -0.1839E-01
3.000 3.059
0.3905 -0.5067E-01
0.1942E-01 -0.3421E-01
4.000 3.060
0.4404 -0.5086E-01
0.1523E-01 -0.4846E-01
5.000 2.933
0.4615 -0.4392E-01
0.5947E-02 -0.5880E-01
6.000 2.695
0.4577 -0.2517E-01
-0.7931E-02 -0.6386E-01
7.000 2.405
0.4262 0.9928E-02
-0.2517E-01 -0.6261E-01
8.000 2.125
0.3627 0.6216E-01
-0.4263E-01 -0.5479E-01
9.000 1.894
0.2710 0.1240
-0.5520E-01 -0.4197E-01
10.00 1.704
0.1674 0.1811
-0.5847E-01 -0.2750E-01
11.00 1.518
0.7201E-01 0.2214
-0.5144E-01 -0.1452E-01
12.00 1.295
-0.4086E-02 0.2415
-0.3583E-01 -0.4173E-02
13.00 1.019
-0.5969E-01 0.2427
-0.1326E-01 0.4041E-02
14.00 0.7119
-0.9741E-01 0.2244
0.1660E-01 0.1087E-01
15.00 0.4209
-0.1152 0.1745
0.5532E-01 0.1502E-01
16.00 0.2006
-0.8514E-01 0.4365E-01
0.9257E-01 0.3302E-02
17.00 0.8747E-01
0.1068 -0.2626
-0.3983E-02 -0.9212E-01
18.00 0.8637E-01
0.2524 -0.2440
-0.3260 -0.2106
19.00 0.1723
0.1097 0.3615E-01
-0.3360 -0.1623
20.00 0.3027
0.1836E-01 0.1516
-0.2739 -0.1192
21.00 0.4336
-0.2244E-01 0.1951
-0.2267 -0.9708E-01
22.00 0.5329
-0.3434E-01 0.2105
-0.1910 -0.8719E-01
23.00 0.5861
-0.2388E-01 0.2104
-0.1601 -0.8564E-01
24.00 0.5946
0.9255E-02 0.1973
-0.1292 -0.9126E-01
25.00 0.5707
0.6786E-01 0.1706
-0.9479E-01 -0.1038
26.00 0.5306
0.1537 0.1290
-0.5549E-01 -0.1224
27.00 0.4890
0.2631 0.7429E-01
-0.1241E-01 -0.1445
28.00 0.4564
0.3830 0.1376E-01
0.2984E-01 -0.1651
29.00 0.4382
0.4919 -0.4009E-01
0.6435E-01 -0.1780
30.00 0.4352
0.5691 -0.7478E-01
0.8536E-01 -0.1789
31.00 0.4450
0.6049 -0.8446E-01
0.9165E-01 -0.1682
32.00 0.4632
0.6033 -0.7157E-01
0.8645E-01 -0.1494
33.00 0.4840
0.5758 -0.4325E-01
0.7487E-01 -0.1272
34.00 0.5017
0.5345 -0.6851E-02
0.6149E-01 -0.1049
35.00 0.5115
0.4887 0.3224E-01
0.4945E-01 -0.8420E-01
36.00 0.5102
0.4439 0.7094E-01
0.4056E-01 -0.6547E-01
37.00 0.4969
0.4028 0.1078
0.3579E-01 -0.4817E-01
38.00 0.4728
0.3663 0.1421
0.3564E-01 -0.3135E-01
39.00 0.4407
0.3341 0.1735
0.4040E-01 -0.1394E-01
40.00 0.4045
0.3054 0.2012
0.5017E-01 0.5032E-02
41.00 0.3678
0.2793 0.2240
0.6478E-01 0.2627E-01
42.00 0.3337
0.2555 0.2402
0.8353E-01 0.4997E-01
43.00 0.3040
0.2341 0.2481
0.1051 0.7566E-01
44.00 0.2797
0.2158 0.2468
0.1278 0.1022
45.00 0.2605
0.2016 0.2365
0.1494 0.1282
46.00 0.2459
0.1920 0.2190
0.1683 0.1522
47.00 0.2347
0.1867 0.1975
0.1835 0.1732
48.00 0.2258
0.1850 0.1752
0.1949 0.1908
49.00 0.2180
0.1852 0.1549
0.2028 0.2051
50.00 0.2105
0.1861 0.1383
0.2079 0.2165
51.00 0.2026
0.1863 0.1264
0.2106 0.2254
52.00 0.1939
0.1852 0.1187
0.2117 0.2322
53.00 0.1842
0.1825 0.1143
0.2114 0.2376
54.00 0.1734
0.1783 0.1122
0.2102 0.2418
55.00 0.1615
0.1732 0.1112
0.2086 0.2453
56.00 0.1489
0.1679 0.1105
0.2070 0.2485
57.00 0.1360
0.1632 0.1096
0.2058 0.2516
58.00 0.1232
0.1596 0.1084
0.2052 0.2547
59.00 0.1110
0.1573 0.1067
0.2049 0.2576
60.00 0.9990E-01
0.1560 0.1045
0.2045 0.2597
61.00 0.9028E-01
0.1546 0.1015
0.2030 0.2605
62.00 0.8229E-01
0.1521 0.9735E-01
0.1995 0.2594
63.00 0.7588E-01
0.1473 0.9198E-01
0.1936 0.2563
64.00 0.7086E-01
0.1397 0.8562E-01
0.1853 0.2516
65.00 0.6694E-01
0.1297 0.7890E-01
0.1748 0.2463
66.00 0.6383E-01
0.1179 0.7248E-01
0.1628 0.2412
67.00 0.6128E-01
0.1048 0.6674E-01
0.1494 0.2370
68.00 0.5909E-01
0.9068E-01 0.6153E-01
0.1349 0.2339
69.00 0.5710E-01
0.7567E-01 0.5621E-01
0.1195 0.2318
70.00 0.5515E-01
0.5987E-01 0.4999E-01
0.1038 0.2306
71.00 0.5309E-01
0.4357E-01 0.4224E-01
0.8841E-01 0.2300
72.00 0.5082E-01
0.2728E-01 0.3281E-01
0.7394E-01 0.2300
73.00 0.4828E-01
0.1147E-01 0.2205E-01
0.6087E-01 0.2305
74.00 0.4550E-01
-0.3657E-02 0.1063E-01
0.4935E-01 0.2311
75.00 0.4257E-01
-0.1849E-01 -0.7129E-03
0.3913E-01 0.2315
76.00 0.3965E-01
-0.3405E-01 -0.1153E-01
0.2972E-01 0.2309
77.00 0.3686E-01
-0.5188E-01 -0.2185E-01
0.2056E-01 0.2283
78.00 0.3433E-01
-0.7353E-01 -0.3227E-01
0.1125E-01 0.2226
79.00 0.3213E-01
-0.9997E-01 -0.4369E-01
0.1768E-02 0.2132
80.00 0.3026E-01
-0.1311 -0.5702E-01
-0.7495E-02 0.2000
81.00 0.2866E-01
-0.1655 -0.7271E-01
-0.1588E-01 0.1837
82.00 0.2727E-01
-0.2014 -0.9059E-01
-0.2272E-01 0.1657
83.00 0.2602E-01
-0.2366 -0.1099
-0.2754E-01 0.1472
84.00 0.2487E-01
-0.2693 -0.1296
-0.3017E-01 0.1295
85.00 0.2380E-01
-0.2985 -0.1485
-0.3070E-01 0.1134
86.00 0.2280E-01
-0.3236 -0.1658
-0.2939E-01 0.9917E-01
87.00 0.2185E-01
-0.3449 -0.1812
-0.2653E-01 0.8685E-01
88.00 0.2096E-01
-0.3625 -0.1946
-0.2239E-01 0.7617E-01
89.00 0.2011E-01
-0.3767 -0.2063
-0.1711E-01 0.6671E-01
90.00 0.1929E-01
-0.3876 -0.2165
-0.1074E-01 0.5799E-01
91.00 0.1851E-01
-0.3949 -0.2255
-0.3265E-02 0.4959E-01
92.00 0.1776E-01
-0.3982 -0.2334
0.5333E-02 0.4119E-01
93.00 0.1703E-01
-0.3972 -0.2404
0.1504E-01 0.3258E-01
94.00 0.1633E-01
-0.3917 -0.2465
0.2578E-01 0.2357E-01
95.00 0.1567E-01
-0.3820 -0.2521
0.3743E-01 0.1404E-01
96.00 0.1503E-01
-0.3685 -0.2572
0.4983E-01 0.3938E-02
97.00 0.1441E-01
-0.3524 -0.2621
0.6281E-01 -0.6661E-02
98.00 0.1380E-01
-0.3351 -0.2670
0.7631E-01 -0.1754E-01
99.00 0.1317E-01
-0.3180 -0.2720
0.9034E-01 -0.2841E-01
100.0 0.1252E-01
-0.3021 -0.2770
0.1050 -0.3895E-01
101.0 0.1184E-01
-0.2879 -0.2816
0.1203 -0.4889E-01
102.0 0.1114E-01
-0.2756 -0.2851
0.1361 -0.5798E-01
103.0 0.1045E-01
-0.2649 -0.2867
0.1521 -0.6601E-01
104.0 0.9796E-02
-0.2553 -0.2859
0.1680 -0.7276E-01
105.0 0.9195E-02
-0.2462 -0.2819
0.1829 -0.7806E-01
106.0 0.8673E-02
-0.2368 -0.2744
0.1964 -0.8186E-01
107.0 0.8240E-02
-0.2262 -0.2631
0.2080 -0.8436E-01
108.0 0.7894E-02
-0.2135 -0.2479
0.2175 -0.8601E-01
109.0 0.7619E-02
-0.1976 -0.2293
0.2254 -0.8743E-01
110.0 0.7389E-02
-0.1779 -0.2081
0.2320 -0.8931E-01
111.0 0.7171E-02
-0.1541 -0.1853
0.2380 -0.9208E-01
112.0 0.6942E-02
-0.1268 -0.1619
0.2437 -0.9584E-01
113.0 0.6681E-02
-0.9739E-01 -0.1391
0.2493 -0.1003
114.0 0.6376E-02
-0.6811E-01 -0.1181
0.2547 -0.1048
115.0 0.6020E-02
-0.4170E-01 -0.9959E-01
0.2604 -0.1085
116.0 0.5614E-02
-0.2078E-01 -0.8428E-01
0.2666 -0.1110
117.0 0.5163E-02
-0.7269E-02 -0.7217E-01
0.2741 -0.1117
118.0 0.4682E-02
-0.2016E-02 -0.6274E-01
0.2833 -0.1108
119.0 0.4190E-02
-0.4645E-02 -0.5501E-01
0.2945 -0.1085
120.0 0.3708E-02
-0.1359E-01 -0.4792E-01
0.3072 -0.1051
121.0 0.3255E-02
-0.2632E-01 -0.4071E-01
0.3209 -0.1010
122.0 0.2847E-02
-0.3975E-01 -0.3335E-01
0.3339 -0.9604E-01
123.0 0.2496E-02
-0.5068E-01 -0.2659E-01
0.3446 -0.9019E-01
124.0 0.2212E-02
-0.5612E-01 -0.2162E-01
0.3506 -0.8359E-01
125.0 0.1999E-02
-0.5362E-01 -0.1930E-01
0.3505 -0.7723E-01
126.0 0.1850E-02
-0.4156E-01 -0.1942E-01
0.3447 -0.7292E-01
127.0 0.1753E-02
-0.1921E-01 -0.2049E-01
0.3354 -0.7257E-01
128.0 0.1691E-02
0.1333E-01 -0.2051E-01
0.3258 -0.7706E-01
129.0 0.1648E-02
0.5511E-01 -0.1773E-01
0.3177 -0.8573E-01
130.0 0.1613E-02
0.1040 -0.1116E-01
0.3115 -0.9633E-01
131.0 0.1577E-02
0.1565 -0.5547E-03
0.3061 -0.1057
132.0 0.1533E-02
0.2083 0.1372E-01
0.3000 -0.1104
133.0 0.1479E-02
0.2555 0.3097E-01
0.2920 -0.1077
134.0 0.1412E-02
0.2944 0.5030E-01
0.2811 -0.9625E-01
135.0 0.1334E-02
0.3226 0.7061E-01
0.2665 -0.7628E-01
136.0 0.1250E-02
0.3384 0.9030E-01
0.2479 -0.5006E-01
137.0 0.1162E-02
0.3415 0.1071
0.2260 -0.2158E-01
138.0 0.1070E-02
0.3331 0.1184
0.2027 0.4221E-02
139.0 0.9740E-03
0.3157 0.1215
0.1811 0.2251E-01
140.0 0.8752E-03
0.2912 0.1141
0.1644 0.2905E-01
141.0 0.7791E-03
0.2613 0.9583E-01
0.1560 0.2028E-01
142.0 0.6939E-03
0.2280 0.6950E-01
0.1583 -0.6057E-02
143.0 0.6282E-03
0.1972 0.4259E-01
0.1720 -0.4893E-01
144.0 0.5886E-03
0.1795 0.2531E-01
0.1931 -0.1021
145.0 0.5792E-03
0.1874 0.2418E-01
0.2128 -0.1548
146.0 0.6030E-03
0.2253 0.3612E-01
0.2207 -0.1963
147.0 0.6612E-03
0.2843 0.5032E-01
0.2113 -0.2210
148.0 0.7508E-03
0.3481 0.5700E-01
0.1873 -0.2298
149.0 0.8625E-03
0.4041 0.5291E-01
0.1561 -0.2266
150.0 0.9813E-03
0.4478 0.3982E-01
0.1240 -0.2155
151.0 0.1091E-02
0.4793 0.2062E-01
0.9438E-01 -0.1986
152.0 0.1178E-02
0.4992 -0.2597E-02
0.6835E-01 -0.1771
153.0 0.1237E-02
0.5069 -0.2872E-01
0.4581E-01 -0.1518
154.0 0.1268E-02
0.5006 -0.5718E-01
0.2648E-01 -0.1241
155.0 0.1272E-02
0.4786 -0.8763E-01
0.1007E-01 -0.9635E-01
156.0 0.1253E-02
0.4394 -0.1197
-0.3701E-02 -0.7132E-01
157.0 0.1217E-02
0.3824 -0.1525
-0.1506E-01 -0.5206E-01
158.0 0.1172E-02
0.3078 -0.1841
-0.2404E-01 -0.4160E-01
159.0 0.1124E-02
0.2189 -0.2108
-0.3038E-01 -0.4266E-01
160.0 0.1079E-02
0.1239 -0.2283
-0.3360E-01 -0.5710E-01
161.0 0.1038E-02
0.3591E-01 -0.2326
-0.3323E-01 -0.8568E-01
162.0 0.1001E-02
-0.2824E-01 -0.2221
-0.2891E-01 -0.1282
163.0 0.9689E-03
-0.5038E-01 -0.1971
-0.2032E-01 -0.1837
164.0 0.9491E-03
-0.1443E-01 -0.1604
-0.7310E-02 -0.2487
165.0 0.9510E-03
0.8609E-01 -0.1173
0.9572E-02 -0.3150
166.0 0.9847E-03
0.2386 -0.7571E-01
0.2852E-01 -0.3699
167.0 0.1059E-02
0.4103 -0.4304E-01
0.4664E-01 -0.4006
168.0 0.1181E-02
0.5615 -0.2347E-01
0.6089E-01 -0.4005
169.0 0.1358E-02
0.6611 -0.1688E-01
0.6923E-01 -0.3714
170.0 0.1598E-02
0.6974 -0.2032E-01
0.7115E-01 -0.3222
171.0 0.1906E-02
0.6774 -0.2995E-01
0.6767E-01 -0.2640
172.0 0.2275E-02
0.6190 -0.4247E-01
0.6066E-01 -0.2064
173.0 0.2689E-02
0.5406 -0.5565E-01
0.5197E-01 -0.1548
174.0 0.3124E-02
0.4553 -0.6820E-01
0.4290E-01 -0.1112
175.0 0.3553E-02
0.3704 -0.7934E-01
0.3415E-01 -0.7546E-01
176.0 0.3953E-02
0.2887 -0.8859E-01
0.2603E-01 -0.4724E-01
177.0 0.4302E-02
0.2113 -0.9566E-01
0.1865E-01 -0.2601E-01
178.0 0.4577E-02
0.1380 -0.1005
0.1197E-01 -0.1134E-01
179.0 0.4755E-02
0.6808E-01 -0.1033
0.5835E-02 -0.2799E-02
180.0 0.4817E-02
0.000 -0.1041
0.000 0.000
