0.000 1.485
0.000 -0.3072E-01
0.000 0.000
1.000 1.473
-0.8216E-01 -0.2825E-01
-0.2432E-01 -0.1219E-02
2.000 1.440
-0.1602 -0.2053E-01
-0.4987E-01 -0.5006E-02
3.000 1.395
-0.2285 -0.6721E-02
-0.7729E-01 -0.1166E-01
4.000 1.353
-0.2795 0.1402E-01
-0.1061 -0.2136E-01
5.000 1.326
-0.3051 0.4174E-01
-0.1344 -0.3372E-01
6.000 1.327
-0.3011 0.7481E-01
-0.1591 -0.4752E-01
7.000 1.362
-0.2704 0.1100
-0.1776 -0.6085E-01
8.000 1.429
-0.2230 0.1436
-0.1889 -0.7196E-01
9.000 1.523
-0.1714 0.1729
-0.1941 -0.7994E-01
10.00 1.635
-0.1253 0.1969
-0.1949 -0.8484E-01
11.00 1.754
-0.8973E-01 0.2160
-0.1933 -0.8739E-01
12.00 1.869
-0.6519E-01 0.2311
-0.1904 -0.8845E-01
13.00 1.968
-0.4987E-01 0.2434
-0.1864 -0.8880E-01
14.00 2.040
-0.4086E-01 0.2540
-0.1815 -0.8901E-01
15.00 2.075
-0.3514E-01 0.2636
-0.1754 -0.8939E-01
16.00 2.065
-0.3011E-01 0.2732
-0.1678 -0.9010E-01
17.00 2.004
-0.2368E-01 0.2831
-0.1584 -0.9115E-01
18.00 1.895
-0.1429E-01 0.2939
-0.1469 -0.9247E-01
19.00 1.742
-0.7709E-03 0.3060
-0.1330 -0.9394E-01
20.00 1.560
0.1775E-01 0.3193
-0.1164 -0.9532E-01
21.00 1.361
0.4182E-01 0.3339
-0.9668E-01 -0.9622E-01
22.00 1.160
0.7157E-01 0.3494
-0.7345E-01 -0.9598E-01
23.00 0.9704
0.1066 0.3653
-0.4665E-01 -0.9361E-01
24.00 0.7995
0.1455 0.3804
-0.1657E-01 -0.8765E-01
25.00 0.6524
0.1860 0.3930
0.1579E-01 -0.7619E-01
26.00 0.5309
0.2242 0.4008
0.4846E-01 -0.5707E-01
27.00 0.4342
0.2547 0.4007
0.7816E-01 -0.2837E-01
28.00 0.3603
0.2712 0.3895
0.1004 0.1051E-01
29.00 0.3066
0.2678 0.3653
0.1101 0.5756E-01
30.00 0.2699
0.2425 0.3288
0.1039 0.1073
31.00 0.2473
0.1996 0.2849
0.8207E-01 0.1519
32.00 0.2354
0.1499 0.2414
0.4954E-01 0.1845
33.00 0.2309
0.1054 0.2057
0.1351E-01 0.2022
34.00 0.2304
0.7458E-01 0.1817
-0.1977E-01 0.2066
35.00 0.2312
0.6049E-01 0.1699
-0.4688E-01 0.2014
36.00 0.2309
0.6202E-01 0.1681
-0.6694E-01 0.1904
37.00 0.2281
0.7592E-01 0.1732
-0.8055E-01 0.1764
38.00 0.2226
0.9824E-01 0.1820
-0.8875E-01 0.1609
39.00 0.2145
0.1250 0.1912
-0.9254E-01 0.1447
40.00 0.2045
0.1527 0.1983
-0.9269E-01 0.1285
41.00 0.1934
0.1785 0.2012
-0.8974E-01 0.1130
42.00 0.1816
0.2005 0.1989
-0.8415E-01 0.9905E-01
43.00 0.1695
0.2179 0.1910
-0.7634E-01 0.8760E-01
44.00 0.1573
0.2307 0.1781
-0.6679E-01 0.7951E-01
45.00 0.1451
0.2394 0.1607
-0.5603E-01 0.7530E-01
46.00 0.1330
0.2446 0.1396
-0.4467E-01 0.7510E-01
47.00 0.1214
0.2463 0.1153
-0.3333E-01 0.7860E-01
48.00 0.1103
0.2447 0.8833E-01
-0.2260E-01 0.8518E-01
49.00 0.1002
0.2397 0.5959E-01
-0.1294E-01 0.9402E-01
50.00 0.9095E-01
0.2316 0.3031E-01
-0.4656E-02 0.1042
51.00 0.8271E-01
0.2211 0.1950E-02
0.2194E-02 0.1148
52.00 0.7538E-01
0.2090 -0.2415E-01
0.7761E-02 0.1251
53.00 0.6886E-01
0.1963 -0.4716E-01
0.1234E-01 0.1345
54.00 0.6308E-01
0.1836 -0.6693E-01
0.1625E-01 0.1425
55.00 0.5795E-01
0.1713 -0.8384E-01
0.1980E-01 0.1488
56.00 0.5339E-01
0.1598 -0.9850E-01
0.2324E-01 0.1533
57.00 0.4933E-01
0.1496 -0.1114
0.2677E-01 0.1562
58.00 0.4566E-01
0.1415 -0.1228
0.3058E-01 0.1582
59.00 0.4227E-01
0.1367 -0.1324
0.3486E-01 0.1601
60.00 0.3906E-01
0.1362 -0.1400
0.3977E-01 0.1627
61.00 0.3599E-01
0.1408 -0.1452
0.4542E-01 0.1665
62.00 0.3302E-01
0.1505 -0.1478
0.5182E-01 0.1717
63.00 0.3018E-01
0.1648 -0.1479
0.5889E-01 0.1779
64.00 0.2750E-01
0.1825 -0.1458
0.6643E-01 0.1845
65.00 0.2501E-01
0.2019 -0.1418
0.7411E-01 0.1908
66.00 0.2273E-01
0.2212 -0.1363
0.8154E-01 0.1960
67.00 0.2068E-01
0.2387 -0.1294
0.8837E-01 0.1997
68.00 0.1883E-01
0.2531 -0.1214
0.9430E-01 0.2017
69.00 0.1716E-01
0.2635 -0.1126
0.9925E-01 0.2021
70.00 0.1564E-01
0.2697 -0.1034
0.1033 0.2011
71.00 0.1424E-01
0.2717 -0.9427E-01
0.1068 0.1991
72.00 0.1296E-01
0.2698 -0.8564E-01
0.1097 0.1961
73.00 0.1178E-01
0.2644 -0.7778E-01
0.1121 0.1922
74.00 0.1070E-01
0.2559 -0.7073E-01
0.1139 0.1873
75.00 0.9729E-02
0.2444 -0.6431E-01
0.1147 0.1817
76.00 0.8846E-02
0.2306 -0.5822E-01
0.1143 0.1758
77.00 0.8044E-02
0.2152 -0.5200E-01
0.1128 0.1700
78.00 0.7309E-02
0.1988 -0.4513E-01
0.1103 0.1648
79.00 0.6630E-02
0.1825 -0.3699E-01
0.1073 0.1607
80.00 0.5994E-02
0.1666 -0.2695E-01
0.1042 0.1580
81.00 0.5394E-02
0.1514 -0.1434E-01
0.1011 0.1568
82.00 0.4827E-02
0.1363 0.1476E-02
0.9796E-01 0.1569
83.00 0.4297E-02
0.1202 0.2107E-01
0.9434E-01 0.1579
84.00 0.3807E-02
0.1012 0.4487E-01
0.8960E-01 0.1589
85.00 0.3363E-02
0.7726E-01 0.7300E-01
0.8306E-01 0.1588
86.00 0.2969E-02
0.4637E-01 0.1050
0.7422E-01 0.1559
87.00 0.2626E-02
0.7562E-02 0.1400
0.6302E-01 0.1486
88.00 0.2333E-02
-0.3887E-01 0.1763
0.4989E-01 0.1354
89.00 0.2091E-02
-0.9103E-01 0.2119
0.3566E-01 0.1151
90.00 0.1900E-02
-0.1455 0.2447
0.2143E-01 0.8751E-01
91.00 0.1757E-02
-0.1978 0.2723
0.8379E-02 0.5407E-01
92.00 0.1659E-02
-0.2436 0.2932
-0.2571E-02 0.1790E-01
93.00 0.1598E-02
-0.2800 0.3071
-0.1093E-01 -0.1710E-01
94.00 0.1563E-02
-0.3060 0.3147
-0.1670E-01 -0.4757E-01
95.00 0.1547E-02
-0.3223 0.3173
-0.2027E-01 -0.7173E-01
96.00 0.1537E-02
-0.3306 0.3164
-0.2215E-01 -0.8935E-01
97.00 0.1527E-02
-0.3327 0.3131
-0.2283E-01 -0.1012
98.00 0.1508E-02
-0.3301 0.3081
-0.2264E-01 -0.1087
99.00 0.1475E-02
-0.3239 0.3014
-0.2168E-01 -0.1131
100.0 0.1427E-02
-0.3144 0.2929
-0.1985E-01 -0.1157
101.0 0.1368E-02
-0.3011 0.2819
-0.1693E-01 -0.1177
102.0 0.1301E-02
-0.2836 0.2678
-0.1271E-01 -0.1202
103.0 0.1233E-02
-0.2610 0.2506
-0.7124E-02 -0.1239
104.0 0.1168E-02
-0.2326 0.2309
-0.3291E-03 -0.1292
105.0 0.1109E-02
-0.1981 0.2097
0.7316E-02 -0.1355
106.0 0.1059E-02
-0.1573 0.1890
0.1526E-01 -0.1414
107.0 0.1018E-02
-0.1115 0.1708
0.2277E-01 -0.1448
108.0 0.9893E-03
-0.6378E-01 0.1576
0.2903E-01 -0.1437
109.0 0.9709E-03
-0.1871E-01 0.1508
0.3332E-01 -0.1368
110.0 0.9610E-03
0.1915E-01 0.1509
0.3530E-01 -0.1244
111.0 0.9566E-03
0.4678E-01 0.1567
0.3508E-01 -0.1084
112.0 0.9542E-03
0.6348E-01 0.1662
0.3323E-01 -0.9102E-01
113.0 0.9507E-03
0.7072E-01 0.1771
0.3061E-01 -0.7477E-01
114.0 0.9433E-03
0.7144E-01 0.1872
0.2821E-01 -0.6120E-01
115.0 0.9294E-03
0.6918E-01 0.1952
0.2700E-01 -0.5097E-01
116.0 0.9076E-03
0.6743E-01 0.2002
0.2773E-01 -0.4402E-01
117.0 0.8785E-03
0.6905E-01 0.2017
0.3085E-01 -0.4001E-01
118.0 0.8445E-03
0.7602E-01 0.1995
0.3634E-01 -0.3873E-01
119.0 0.8093E-03
0.8922E-01 0.1939
0.4363E-01 -0.4018E-01
120.0 0.7764E-03
0.1084 0.1851
0.5173E-01 -0.4440E-01
121.0 0.7472E-03
0.1324 0.1735
0.5955E-01 -0.5114E-01
122.0 0.7217E-03
0.1595 0.1599
0.6627E-01 -0.5967E-01
123.0 0.6986E-03
0.1875 0.1456
0.7147E-01 -0.6879E-01
124.0 0.6764E-03
0.2138 0.1324
0.7494E-01 -0.7690E-01
125.0 0.6536E-03
0.2359 0.1229
0.7643E-01 -0.8222E-01
126.0 0.6290E-03
0.2513 0.1195
0.7549E-01 -0.8303E-01
127.0 0.6012E-03
0.2587 0.1240
0.7164E-01 -0.7799E-01
128.0 0.5701E-03
0.2573 0.1363
0.6465E-01 -0.6661E-01
129.0 0.5367E-03
0.2471 0.1546
0.5476E-01 -0.4953E-01
130.0 0.5033E-03
0.2281 0.1753
0.4298E-01 -0.2891E-01
131.0 0.4725E-03
0.2005 0.1936
0.3113E-01 -0.8399E-02
132.0 0.4460E-03
0.1659 0.2049
0.2145E-01 0.7559E-02
133.0 0.4239E-03
0.1277 0.2064
0.1593E-01 0.1501E-01
134.0 0.4055E-03
0.9039E-01 0.1974
0.1558E-01 0.1165E-01
135.0 0.3896E-03
0.5905E-01 0.1794
0.2032E-01 -0.2847E-02
136.0 0.3757E-03
0.3829E-01 0.1552
0.2921E-01 -0.2710E-01
137.0 0.3633E-03
0.3178E-01 0.1284
0.4091E-01 -0.5848E-01
138.0 0.3519E-03
0.4198E-01 0.1021
0.5403E-01 -0.9364E-01
139.0 0.3410E-03
0.6991E-01 0.7842E-01
0.6728E-01 -0.1291
140.0 0.3306E-03
0.1148 0.5860E-01
0.7928E-01 -0.1615
141.0 0.3212E-03
0.1734 0.4334E-01
0.8833E-01 -0.1871
142.0 0.3137E-03
0.2388 0.3330E-01
0.9236E-01 -0.2020
143.0 0.3086E-03
0.3020 0.2890E-01
0.8961E-01 -0.2024
144.0 0.3054E-03
0.3536 0.2948E-01
0.7947E-01 -0.1863
145.0 0.3033E-03
0.3866 0.3281E-01
0.6291E-01 -0.1549
146.0 0.3018E-03
0.3967 0.3541E-01
0.4218E-01 -0.1121
147.0 0.3010E-03
0.3815 0.3358E-01
0.2023E-01 -0.6501E-01
148.0 0.3019E-03
0.3409 0.2470E-01
0.1582E-04 -0.2253E-01
149.0 0.3055E-03
0.2781 0.8115E-02
-0.1631E-01 0.6291E-02
150.0 0.3123E-03
0.2006 -0.1497E-01
-0.2808E-01 0.1499E-01
151.0 0.3228E-03
0.1192 -0.4229E-01
-0.3612E-01 0.1492E-02
152.0 0.3377E-03
0.4544E-01 -0.7137E-01
-0.4206E-01 -0.3173E-01
153.0 0.3578E-03
-0.9960E-02 -0.9994E-01
-0.4741E-01 -0.7846E-01
154.0 0.3837E-03
-0.3927E-01 -0.1262
-0.5297E-01 -0.1305
155.0 0.4151E-03
-0.3916E-01 -0.1491
-0.5871E-01 -0.1798
156.0 0.4503E-03
-0.1065E-01 -0.1684
-0.6405E-01 -0.2210
157.0 0.4872E-03
0.4216E-01 -0.1841
-0.6828E-01 -0.2517
158.0 0.5232E-03
0.1133 -0.1962
-0.7083E-01 -0.2716
159.0 0.5563E-03
0.1958 -0.2040
-0.7146E-01 -0.2817
160.0 0.5845E-03
0.2820 -0.2067
-0.7037E-01 -0.2832
161.0 0.6061E-03
0.3648 -0.2036
-0.6812E-01 -0.2775
162.0 0.6201E-03
0.4375 -0.1942
-0.6549E-01 -0.2657
163.0 0.6273E-03
0.4935 -0.1787
-0.6334E-01 -0.2485
164.0 0.6307E-03
0.5250 -0.1574
-0.6242E-01 -0.2265
165.0 0.6348E-03
0.5238 -0.1321
-0.6329E-01 -0.2006
166.0 0.6444E-03
0.4845 -0.1055
-0.6617E-01 -0.1724
167.0 0.6626E-03
0.4080 -0.8199E-01
-0.7074E-01 -0.1441
168.0 0.6905E-03
0.3031 -0.6539E-01
-0.7608E-01 -0.1180
169.0 0.7272E-03
0.1833 -0.5801E-01
-0.8093E-01 -0.9572E-01
170.0 0.7697E-03
0.6253E-01 -0.5981E-01
-0.8408E-01 -0.7799E-01
171.0 0.8135E-03
-0.4816E-01 -0.6878E-01
-0.8478E-01 -0.6449E-01
172.0 0.8527E-03
-0.1419 -0.8207E-01
-0.8288E-01 -0.5418E-01
173.0 0.8810E-03
-0.2152 -0.9710E-01
-0.7863E-01 -0.4575E-01
174.0 0.8939E-03
-0.2660 -0.1121
-0.7244E-01 -0.3794E-01
175.0 0.8902E-03
-0.2923 -0.1261
-0.6455E-01 -0.2997E-01
176.0 0.8732E-03
-0.2908 -0.1388
-0.5498E-01 -0.2166E-01
177.0 0.8494E-03
-0.2586 -0.1498
-0.4360E-01 -0.1350E-01
178.0 0.8262E-03
-0.1951 -0.1585
-0.3039E-01 -0.6478E-02
179.0 0.8097E-03
-0.1052 -0.1642
-0.1564E-01 -0.1697E-02
180.0 0.8038E-03
0.000 -0.1662
0.000 0.000
