0.000 0.2904E-01
0.000 0.1259
0.000 0.000
1.000 0.2909E-01
-0.4600E-01 0.1235
-0.5548E-02 -0.2047E-04
2.000 0.2926E-01
-0.9101E-01 0.1163
-0.1046E-01 -0.8609E-04
3.000 0.2953E-01
-0.1341 0.1050
-0.1417E-01 -0.2092E-03
4.000 0.2989E-01
-0.1746 0.9032E-01
-0.1623E-01 -0.4094E-03
5.000 0.3032E-01
-0.2118 0.7317E-01
-0.1633E-01 -0.7128E-03
6.000 0.3082E-01
-0.2455 0.5462E-01
-0.1435E-01 -0.1150E-02
7.000 0.3136E-01
-0.2756 0.3565E-01
-0.1029E-01 -0.1755E-02
8.000 0.3193E-01
-0.3020 0.1713E-01
-0.4312E-02 -0.2563E-02
9.000 0.3252E-01
-0.3248 -0.1827E-03
0.3334E-02 -0.3608E-02
10.00 0.3310E-01
-0.3444 -0.1575E-01
0.1233E-01 -0.4921E-02
11.00 0.3367E-01
-0.3609 -0.2920E-01
0.2232E-01 -0.6530E-02
12.00 0.3423E-01
-0.3747 -0.4032E-01
0.3293E-01 -0.8452E-02
13.00 0.3476E-01
-0.3859 -0.4906E-01
0.4380E-01 -0.1070E-01
14.00 0.3526E-01
-0.3949 -0.5546E-01
0.5462E-01 -0.1326E-01
15.00 0.3574E-01
-0.4018 -0.5968E-01
0.6508E-01 -0.1612E-01
16.00 0.3620E-01
-0.4069 -0.6193E-01
0.7495E-01 -0.1926E-01
17.00 0.3663E-01
-0.4103 -0.6246E-01
0.8404E-01 -0.2262E-01
18.00 0.3705E-01
-0.4121 -0.6151E-01
0.9223E-01 -0.2615E-01
19.00 0.3744E-01
-0.4125 -0.5933E-01
0.9943E-01 -0.2979E-01
20.00 0.3781E-01
-0.4117 -0.5613E-01
0.1056 -0.3347E-01
21.00 0.3815E-01
-0.4098 -0.5211E-01
0.1108 -0.3711E-01
22.00 0.3847E-01
-0.4069 -0.4740E-01
0.1151 -0.4065E-01
23.00 0.3875E-01
-0.4032 -0.4211E-01
0.1184 -0.4405E-01
24.00 0.3899E-01
-0.3989 -0.3631E-01
0.1209 -0.4725E-01
25.00 0.3918E-01
-0.3940 -0.3007E-01
0.1226 -0.5023E-01
26.00 0.3930E-01
-0.3889 -0.2342E-01
0.1237 -0.5299E-01
27.00 0.3935E-01
-0.3835 -0.1640E-01
0.1240 -0.5552E-01
28.00 0.3932E-01
-0.3781 -0.9081E-02
0.1238 -0.5785E-01
29.00 0.3920E-01
-0.3728 -0.1519E-02
0.1229 -0.6002E-01
30.00 0.3898E-01
-0.3678 0.6194E-02
0.1215 -0.6208E-01
31.00 0.3865E-01
-0.3633 0.1395E-01
0.1195 -0.6408E-01
32.00 0.3821E-01
-0.3593 0.2162E-01
0.1170 -0.6610E-01
33.00 0.3766E-01
-0.3561 0.2906E-01
0.1140 -0.6819E-01
34.00 0.3700E-01
-0.3538 0.3612E-01
0.1104 -0.7044E-01
35.00 0.3622E-01
-0.3525 0.4265E-01
0.1064 -0.7291E-01
36.00 0.3534E-01
-0.3523 0.4850E-01
0.1020 -0.7566E-01
37.00 0.3435E-01
-0.3535 0.5353E-01
0.9723E-01 -0.7876E-01
38.00 0.3327E-01
-0.3560 0.5762E-01
0.9213E-01 -0.8225E-01
39.00 0.3210E-01
-0.3600 0.6068E-01
0.8678E-01 -0.8617E-01
40.00 0.3087E-01
-0.3656 0.6263E-01
0.8126E-01 -0.9053E-01
41.00 0.2957E-01
-0.3726 0.6344E-01
0.7565E-01 -0.9535E-01
42.00 0.2824E-01
-0.3812 0.6311E-01
0.7001E-01 -0.1006
43.00 0.2687E-01
-0.3912 0.6165E-01
0.6444E-01 -0.1063
44.00 0.2550E-01
-0.4025 0.5913E-01
0.5899E-01 -0.1122
45.00 0.2414E-01
-0.4146 0.5563E-01
0.5374E-01 -0.1184
46.00 0.2280E-01
-0.4274 0.5127E-01
0.4874E-01 -0.1247
47.00 0.2150E-01
-0.4403 0.4618E-01
0.4405E-01 -0.1308
48.00 0.2025E-01
-0.4528 0.4054E-01
0.3972E-01 -0.1367
49.00 0.1907E-01
-0.4640 0.3452E-01
0.3576E-01 -0.1420
50.00 0.1796E-01
-0.4734 0.2830E-01
0.3223E-01 -0.1465
51.00 0.1693E-01
-0.4801 0.2207E-01
0.2912E-01 -0.1500
52.00 0.1599E-01
-0.4832 0.1600E-01
0.2644E-01 -0.1521
53.00 0.1513E-01
-0.4823 0.1025E-01
0.2421E-01 -0.1528
54.00 0.1435E-01
-0.4767 0.4945E-02
0.2242E-01 -0.1518
55.00 0.1365E-01
-0.4662 0.1877E-03
0.2105E-01 -0.1492
56.00 0.1302E-01
-0.4509 -0.3957E-02
0.2010E-01 -0.1449
57.00 0.1245E-01
-0.4310 -0.7454E-02
0.1953E-01 -0.1391
58.00 0.1193E-01
-0.4071 -0.1029E-01
0.1934E-01 -0.1319
59.00 0.1146E-01
-0.3799 -0.1247E-01
0.1950E-01 -0.1237
60.00 0.1102E-01
-0.3502 -0.1401E-01
0.1999E-01 -0.1147
61.00 0.1059E-01
-0.3191 -0.1491E-01
0.2077E-01 -0.1051
62.00 0.1019E-01
-0.2872 -0.1518E-01
0.2183E-01 -0.9535E-01
63.00 0.9781E-02
-0.2555 -0.1481E-01
0.2313E-01 -0.8555E-01
64.00 0.9378E-02
-0.2244 -0.1378E-01
0.2464E-01 -0.7593E-01
65.00 0.8971E-02
-0.1945 -0.1206E-01
0.2633E-01 -0.6666E-01
66.00 0.8560E-02
-0.1662 -0.9621E-02
0.2815E-01 -0.5787E-01
67.00 0.8146E-02
-0.1396 -0.6448E-02
0.3007E-01 -0.4968E-01
68.00 0.7731E-02
-0.1146 -0.2533E-02
0.3204E-01 -0.4217E-01
69.00 0.7318E-02
-0.9124E-01 0.2103E-02
0.3401E-01 -0.3544E-01
70.00 0.6914E-02
-0.6919E-01 0.7397E-02
0.3593E-01 -0.2961E-01
71.00 0.6524E-02
-0.4809E-01 0.1323E-01
0.3775E-01 -0.2477E-01
72.00 0.6155E-02
-0.2748E-01 0.1944E-01
0.3941E-01 -0.2107E-01
73.00 0.5812E-02
-0.6829E-02 0.2576E-01
0.4085E-01 -0.1865E-01
74.00 0.5501E-02
0.1437E-01 0.3188E-01
0.4203E-01 -0.1765E-01
75.00 0.5228E-02
0.3659E-01 0.3744E-01
0.4293E-01 -0.1818E-01
76.00 0.4995E-02
0.6015E-01 0.4208E-01
0.4351E-01 -0.2031E-01
77.00 0.4804E-02
0.8512E-01 0.4547E-01
0.4379E-01 -0.2402E-01
78.00 0.4657E-02
0.1113 0.4735E-01
0.4380E-01 -0.2917E-01
79.00 0.4553E-02
0.1383 0.4764E-01
0.4356E-01 -0.3553E-01
80.00 0.4490E-02
0.1653 0.4639E-01
0.4313E-01 -0.4278E-01
81.00 0.4465E-02
0.1914 0.4382E-01
0.4256E-01 -0.5051E-01
82.00 0.4473E-02
0.2158 0.4025E-01
0.4188E-01 -0.5834E-01
83.00 0.4509E-02
0.2376 0.3605E-01
0.4111E-01 -0.6591E-01
84.00 0.4568E-02
0.2562 0.3157E-01
0.4027E-01 -0.7292E-01
85.00 0.4645E-02
0.2713 0.2713E-01
0.3933E-01 -0.7916E-01
86.00 0.4733E-02
0.2824 0.2294E-01
0.3827E-01 -0.8451E-01
87.00 0.4828E-02
0.2897 0.1910E-01
0.3708E-01 -0.8893E-01
88.00 0.4925E-02
0.2932 0.1565E-01
0.3574E-01 -0.9241E-01
89.00 0.5020E-02
0.2931 0.1254E-01
0.3423E-01 -0.9502E-01
90.00 0.5108E-02
0.2896 0.9653E-02
0.3255E-01 -0.9684E-01
91.00 0.5186E-02
0.2832 0.6853E-02
0.3073E-01 -0.9796E-01
92.00 0.5253E-02
0.2741 0.3984E-02
0.2879E-01 -0.9848E-01
93.00 0.5306E-02
0.2627 0.8987E-03
0.2678E-01 -0.9851E-01
94.00 0.5344E-02
0.2493 -0.2532E-02
0.2477E-01 -0.9816E-01
95.00 0.5364E-02
0.2344 -0.6402E-02
0.2282E-01 -0.9751E-01
96.00 0.5366E-02
0.2183 -0.1076E-01
0.2101E-01 -0.9664E-01
97.00 0.5348E-02
0.2014 -0.1561E-01
0.1943E-01 -0.9563E-01
98.00 0.5310E-02
0.1839 -0.2090E-01
0.1814E-01 -0.9451E-01
99.00 0.5250E-02
0.1661 -0.2655E-01
0.1723E-01 -0.9333E-01
100.0 0.5167E-02
0.1484 -0.3240E-01
0.1674E-01 -0.9211E-01
101.0 0.5060E-02
0.1309 -0.3829E-01
0.1672E-01 -0.9083E-01
102.0 0.4928E-02
0.1137 -0.4403E-01
0.1721E-01 -0.8949E-01
103.0 0.4772E-02
0.9715E-01 -0.4942E-01
0.1821E-01 -0.8807E-01
104.0 0.4592E-02
0.8121E-01 -0.5424E-01
0.1972E-01 -0.8654E-01
105.0 0.4389E-02
0.6603E-01 -0.5829E-01
0.2172E-01 -0.8486E-01
106.0 0.4165E-02
0.5170E-01 -0.6138E-01
0.2416E-01 -0.8302E-01
107.0 0.3923E-02
0.3834E-01 -0.6334E-01
0.2699E-01 -0.8100E-01
108.0 0.3665E-02
0.2609E-01 -0.6402E-01
0.3012E-01 -0.7882E-01
109.0 0.3398E-02
0.1518E-01 -0.6330E-01
0.3346E-01 -0.7655E-01
110.0 0.3125E-02
0.5906E-02 -0.6113E-01
0.3686E-01 -0.7430E-01
111.0 0.2852E-02
-0.1266E-02 -0.5749E-01
0.4013E-01 -0.7229E-01
112.0 0.2586E-02
-0.5714E-02 -0.5246E-01
0.4303E-01 -0.7085E-01
113.0 0.2332E-02
-0.6602E-02 -0.4624E-01
0.4526E-01 -0.7048E-01
114.0 0.2096E-02
-0.2883E-02 -0.3916E-01
0.4641E-01 -0.7184E-01
115.0 0.1883E-02
0.6633E-02 -0.3179E-01
0.4602E-01 -0.7578E-01
116.0 0.1698E-02
0.2310E-01 -0.2488E-01
0.4360E-01 -0.8327E-01
117.0 0.1544E-02
0.4728E-01 -0.1934E-01
0.3874E-01 -0.9516E-01
118.0 0.1423E-02
0.7910E-01 -0.1611E-01
0.3125E-01 -0.1119
119.0 0.1336E-02
0.1171 -0.1585E-01
0.2134E-01 -0.1332
120.0 0.1283E-02
0.1587 -0.1867E-01
0.9706E-02 -0.1578
121.0 0.1261E-02
0.2000 -0.2401E-01
-0.2586E-02 -0.1836
122.0 0.1268E-02
0.2377 -0.3071E-01
-0.1436E-01 -0.2080
123.0 0.1299E-02
0.2692 -0.3746E-01
-0.2468E-01 -0.2290
124.0 0.1349E-02
0.2936 -0.4312E-01
-0.3302E-01 -0.2454
125.0 0.1415E-02
0.3114 -0.4700E-01
-0.3927E-01 -0.2566
126.0 0.1489E-02
0.3236 -0.4889E-01
-0.4362E-01 -0.2629
127.0 0.1567E-02
0.3318 -0.4894E-01
-0.4639E-01 -0.2649
128.0 0.1644E-02
0.3374 -0.4755E-01
-0.4796E-01 -0.2633
129.0 0.1716E-02
0.3416 -0.4526E-01
-0.4862E-01 -0.2588
130.0 0.1779E-02
0.3455 -0.4265E-01
-0.4861E-01 -0.2520
131.0 0.1832E-02
0.3497 -0.4034E-01
-0.4811E-01 -0.2434
132.0 0.1872E-02
0.3546 -0.3894E-01
-0.4720E-01 -0.2335
133.0 0.1900E-02
0.3605 -0.3901E-01
-0.4595E-01 -0.2226
134.0 0.1915E-02
0.3673 -0.4106E-01
-0.4436E-01 -0.2113
135.0 0.1920E-02
0.3750 -0.4552E-01
-0.4244E-01 -0.1999
136.0 0.1916E-02
0.3830 -0.5267E-01
-0.4018E-01 -0.1887
137.0 0.1905E-02
0.3910 -0.6260E-01
-0.3760E-01 -0.1784
138.0 0.1890E-02
0.3980 -0.7519E-01
-0.3476E-01 -0.1692
139.0 0.1873E-02
0.4033 -0.9002E-01
-0.3177E-01 -0.1616
140.0 0.1856E-02
0.4059 -0.1064
-0.2881E-01 -0.1559
141.0 0.1841E-02
0.4049 -0.1234
-0.2613E-01 -0.1521
142.0 0.1829E-02
0.3993 -0.1400
-0.2404E-01 -0.1504
143.0 0.1821E-02
0.3886 -0.1549
-0.2290E-01 -0.1506
144.0 0.1817E-02
0.3724 -0.1671
-0.2307E-01 -0.1522
145.0 0.1816E-02
0.3506 -0.1757
-0.2491E-01 -0.1546
146.0 0.1820E-02
0.3233 -0.1801
-0.2870E-01 -0.1573
147.0 0.1825E-02
0.2910 -0.1802
-0.3468E-01 -0.1595
148.0 0.1833E-02
0.2546 -0.1762
-0.4298E-01 -0.1605
149.0 0.1841E-02
0.2147 -0.1685
-0.5364E-01 -0.1596
150.0 0.1850E-02
0.1723 -0.1580
-0.6659E-01 -0.1564
151.0 0.1858E-02
0.1287 -0.1458
-0.8166E-01 -0.1503
152.0 0.1866E-02
0.8488E-01 -0.1330
-0.9854E-01 -0.1411
153.0 0.1873E-02
0.4215E-01 -0.1209
-0.1168 -0.1287
154.0 0.1880E-02
0.1826E-02 -0.1109
-0.1360 -0.1132
155.0 0.1889E-02
-0.3471E-01 -0.1040
-0.1554 -0.9493E-01
156.0 0.1900E-02
-0.6612E-01 -0.1014
-0.1743 -0.7435E-01
157.0 0.1914E-02
-0.9112E-01 -0.1035
-0.1919 -0.5217E-01
158.0 0.1933E-02
-0.1087 -0.1109
-0.2073 -0.2927E-01
159.0 0.1959E-02
-0.1181 -0.1232
-0.2199 -0.6626E-02
160.0 0.1991E-02
-0.1192 -0.1401
-0.2290 0.1477E-01
161.0 0.2032E-02
-0.1121 -0.1605
-0.2342 0.3398E-01
162.0 0.2081E-02
-0.9767E-01 -0.1831
-0.2353 0.5023E-01
163.0 0.2139E-02
-0.7723E-01 -0.2065
-0.2324 0.6297E-01
164.0 0.2206E-02
-0.5238E-01 -0.2294
-0.2258 0.7195E-01
165.0 0.2280E-02
-0.2493E-01 -0.2504
-0.2160 0.7715E-01
166.0 0.2361E-02
0.3273E-02 -0.2686
-0.2037 0.7881E-01
167.0 0.2447E-02
0.3051E-01 -0.2834
-0.1894 0.7734E-01
168.0 0.2537E-02
0.5530E-01 -0.2943
-0.1739 0.7327E-01
169.0 0.2629E-02
0.7643E-01 -0.3015
-0.1576 0.6719E-01
170.0 0.2720E-02
0.9301E-01 -0.3051
-0.1410 0.5968E-01
171.0 0.2810E-02
0.1045 -0.3057
-0.1245 0.5131E-01
172.0 0.2895E-02
0.1105 -0.3037
-0.1084 0.4259E-01
173.0 0.2974E-02
0.1111 -0.2998
-0.9291E-01 0.3395E-01
174.0 0.3047E-02
0.1064 -0.2948
-0.7801E-01 0.2578E-01
175.0 0.3110E-02
0.9690E-01 -0.2892
-0.6378E-01 0.1838E-01
176.0 0.3163E-02
0.8306E-01 -0.2837
-0.5017E-01 0.1201E-01
177.0 0.3206E-02
0.6561E-01 -0.2789
-0.3711E-01 0.6860E-02
178.0 0.3237E-02
0.4534E-01 -0.2751
-0.2448E-01 0.3082E-02
179.0 0.3256E-02
0.2316E-01 -0.2727
-0.1216E-01 0.7753E-03
180.0 0.3262E-02
0.000 -0.2719
0.000 0.000
