0.000 0.7006E-02
0.000 -0.2751
0.000 0.000
1.000 0.6984E-02
0.1140 -0.2679
-0.6545E-02 0.3328E-02
2.000 0.6920E-02
0.2062 -0.2464
-0.1767E-01 0.1259E-01
3.000 0.6823E-02
0.2596 -0.2104
-0.3682E-01 0.2568E-01
4.000 0.6710E-02
0.2654 -0.1606
-0.6531E-01 0.3934E-01
5.000 0.6606E-02
0.2242 -0.9902E-01
-0.1016 0.4951E-01
6.000 0.6547E-02
0.1461 -0.3028E-01
-0.1412 0.5202E-01
7.000 0.6566E-02
0.4857E-01 0.3834E-01
-0.1775 0.4379E-01
8.000 0.6686E-02
-0.4837E-01 0.9829E-01
-0.2037 0.2413E-01
9.000 0.6909E-02
-0.1275 0.1428
-0.2158 -0.4648E-02
10.00 0.7210E-02
-0.1789 0.1694
-0.2136 -0.3807E-01
11.00 0.7538E-02
-0.2004 0.1802
-0.2001 -0.7138E-01
12.00 0.7831E-02
-0.1947 0.1800
-0.1795 -0.1009
13.00 0.8029E-02
-0.1658 0.1739
-0.1554 -0.1247
14.00 0.8092E-02
-0.1174 0.1662
-0.1301 -0.1418
15.00 0.8006E-02
-0.5250E-01 0.1596
-0.1049 -0.1522
16.00 0.7787E-02
0.2575E-01 0.1558
-0.8029E-01 -0.1561
17.00 0.7468E-02
0.1129 0.1549
-0.5681E-01 -0.1540
18.00 0.7096E-02
0.2023 0.1560
-0.3505E-01 -0.1467
19.00 0.6715E-02
0.2848 0.1573
-0.1584E-01 -0.1352
20.00 0.6359E-02
0.3500 0.1564
-0.4927E-04 -0.1213
21.00 0.6043E-02
0.3891 0.1513
0.1174E-01 -0.1067
22.00 0.5764E-02
0.3976 0.1413
0.1955E-01 -0.9298E-01
23.00 0.5501E-02
0.3778 0.1269
0.2404E-01 -0.8120E-01
24.00 0.5221E-02
0.3371 0.1105
0.2632E-01 -0.7139E-01
25.00 0.4892E-02
0.2857 0.9486E-01
0.2752E-01 -0.6288E-01
26.00 0.4489E-02
0.2330 0.8270E-01
0.2846E-01 -0.5456E-01
27.00 0.4009E-02
0.1866 0.7654E-01
0.2955E-01 -0.4526E-01
28.00 0.3469E-02
0.1515 0.7867E-01
0.3073E-01 -0.3400E-01
29.00 0.2904E-02
0.1308 0.9133E-01
0.3157E-01 -0.2009E-01
30.00 0.2356E-02
0.1261 0.1168
0.3133E-01 -0.3197E-02
31.00 0.1863E-02
0.1381 0.1569
0.2918E-01 0.1648E-01
32.00 0.1452E-02
0.1651 0.2115
0.2461E-01 0.3817E-01
33.00 0.1130E-02
0.2021 0.2763
0.1810E-01 0.6050E-01
34.00 0.8954E-03
0.2393 0.3404
0.1180E-01 0.8190E-01
35.00 0.7329E-03
0.2639 0.3881
0.9241E-02 0.1012
36.00 0.6258E-03
0.2655 0.4058
0.1352E-01 0.1182
37.00 0.5578E-03
0.2424 0.3904
0.2527E-01 0.1330
38.00 0.5150E-03
0.2024 0.3507
0.4229E-01 0.1459
39.00 0.4867E-03
0.1580 0.3018
0.6123E-01 0.1566
40.00 0.4653E-03
0.1205 0.2584
0.7926E-01 0.1648
41.00 0.4455E-03
0.9704E-01 0.2301
0.9455E-01 0.1709
42.00 0.4243E-03
0.9029E-01 0.2216
0.1059 0.1754
43.00 0.4006E-03
0.9921E-01 0.2332
0.1121 0.1789
44.00 0.3749E-03
0.1203 0.2616
0.1120 0.1821
45.00 0.3483E-03
0.1488 0.3005
0.1047 0.1854
46.00 0.3222E-03
0.1797 0.3419
0.9008E-01 0.1893
47.00 0.2978E-03
0.2085 0.3778
0.6962E-01 0.1942
48.00 0.2757E-03
0.2320 0.4016
0.4599E-01 0.2003
49.00 0.2566E-03
0.2482 0.4100
0.2265E-01 0.2077
50.00 0.2405E-03
0.2559 0.4032
0.2766E-02 0.2157
51.00 0.2274E-03
0.2543 0.3843
-0.1170E-01 0.2232
52.00 0.2170E-03
0.2434 0.3575
-0.2041E-01 0.2290
53.00 0.2087E-03
0.2244 0.3271
-0.2438E-01 0.2322
54.00 0.2018E-03
0.1995 0.2963
-0.2526E-01 0.2329
55.00 0.1954E-03
0.1721 0.2670
-0.2459E-01 0.2318
56.00 0.1890E-03
0.1451 0.2404
-0.2341E-01 0.2300
57.00 0.1822E-03
0.1205 0.2173
-0.2218E-01 0.2284
58.00 0.1746E-03
0.9957E-01 0.1980
-0.2103E-01 0.2276
59.00 0.1662E-03
0.8235E-01 0.1827
-0.1997E-01 0.2279
60.00 0.1570E-03
0.6873E-01 0.1711
-0.1902E-01 0.2297
61.00 0.1468E-03
0.5878E-01 0.1626
-0.1828E-01 0.2333
62.00 0.1357E-03
0.5279E-01 0.1564
-0.1791E-01 0.2392
63.00 0.1242E-03
0.5087E-01 0.1518
-0.1813E-01 0.2472
64.00 0.1126E-03
0.5221E-01 0.1477
-0.1926E-01 0.2568
65.00 0.1016E-03
0.5448E-01 0.1434
-0.2169E-01 0.2660
66.00 0.9173E-04
0.5374E-01 0.1377
-0.2584E-01 0.2719
67.00 0.8345E-04
0.4563E-01 0.1298
-0.3188E-01 0.2714
68.00 0.7677E-04
0.2739E-01 0.1188
-0.3956E-01 0.2627
69.00 0.7146E-04
-0.3660E-03 0.1047
-0.4817E-01 0.2461
70.00 0.6709E-04
-0.3378E-01 0.8832E-01
-0.5679E-01 0.2244
71.00 0.6317E-04
-0.6767E-01 0.7104E-01
-0.6473E-01 0.2012
72.00 0.5938E-04
-0.9764E-01 0.5451E-01
-0.7169E-01 0.1797
73.00 0.5555E-04
-0.1213 0.4021E-01
-0.7780E-01 0.1614
74.00 0.5169E-04
-0.1382 0.2923E-01
-0.8340E-01 0.1466
75.00 0.4787E-04
-0.1493 0.2223E-01
-0.8888E-01 0.1347
76.00 0.4417E-04
-0.1560 0.1940E-01
-0.9453E-01 0.1248
77.00 0.4057E-04
-0.1596 0.2063E-01
-0.1006 0.1167
78.00 0.3702E-04
-0.1602 0.2570E-01
-0.1072 0.1107
79.00 0.3348E-04
-0.1580 0.3447E-01
-0.1146 0.1072
80.00 0.2997E-04
-0.1529 0.4691E-01
-0.1228 0.1062
81.00 0.2659E-04
-0.1465 0.6286E-01
-0.1321 0.1065
82.00 0.2349E-04
-0.1417 0.8170E-01
-0.1423 0.1056
83.00 0.2081E-04
-0.1427 0.1022
-0.1527 0.1006
84.00 0.1857E-04
-0.1527 0.1225
-0.1625 0.8906E-01
85.00 0.1676E-04
-0.1719 0.1415
-0.1709 0.7086E-01
86.00 0.1527E-04
-0.1970 0.1588
-0.1772 0.4839E-01
87.00 0.1399E-04
-0.2227 0.1753
-0.1812 0.2549E-01
88.00 0.1281E-04
-0.2444 0.1923
-0.1832 0.5734E-02
89.00 0.1168E-04
-0.2596 0.2110
-0.1839 -0.8830E-02
90.00 0.1057E-04
-0.2680 0.2313
-0.1836 -0.1804E-01
91.00 0.9486E-05
-0.2708 0.2523
-0.1830 -0.2338E-01
92.00 0.8450E-05
-0.2695 0.2718
-0.1821 -0.2739E-01
93.00 0.7475E-05
-0.2650 0.2878
-0.1811 -0.3273E-01
94.00 0.6568E-05
-0.2574 0.2985
-0.1796 -0.4143E-01
95.00 0.5734E-05
-0.2453 0.3035
-0.1772 -0.5446E-01
96.00 0.4981E-05
-0.2254 0.3028
-0.1732 -0.7183E-01
97.00 0.4326E-05
-0.1937 0.2970
-0.1662 -0.9294E-01
98.00 0.3790E-05
-0.1468 0.2861
-0.1553 -0.1166
99.00 0.3386E-05
-0.8507E-01 0.2711
-0.1402 -0.1403
100.0 0.3110E-05
-0.1422E-01 0.2541
-0.1227 -0.1608
101.0 0.2940E-05
0.5706E-01 0.2384
-0.1059 -0.1745
102.0 0.2845E-05
0.1219 0.2269
-0.9311E-01 -0.1799
103.0 0.2796E-05
0.1775 0.2197
-0.8577E-01 -0.1779
104.0 0.2771E-05
0.2240 0.2143
-0.8365E-01 -0.1721
105.0 0.2752E-05
0.2628 0.2068
-0.8545E-01 -0.1666
106.0 0.2729E-05
0.2962 0.1931
-0.8956E-01 -0.1650
107.0 0.2693E-05
0.3270 0.1702
-0.9440E-01 -0.1697
108.0 0.2643E-05
0.3579 0.1361
-0.9848E-01 -0.1813
109.0 0.2586E-05
0.3903 0.9076E-01
-0.1002 -0.1990
110.0 0.2538E-05
0.4234 0.3643E-01
-0.9827E-01 -0.2204
111.0 0.2509E-05
0.4541 -0.2215E-01
-0.9173E-01 -0.2415
112.0 0.2505E-05
0.4796 -0.7885E-01
-0.8074E-01 -0.2581
113.0 0.2526E-05
0.4978 -0.1282
-0.6633E-01 -0.2669
114.0 0.2567E-05
0.5075 -0.1664
-0.4992E-01 -0.2668
115.0 0.2619E-05
0.5076 -0.1917
-0.3302E-01 -0.2585
116.0 0.2672E-05
0.4972 -0.2036
-0.1702E-01 -0.2441
117.0 0.2711E-05
0.4771 -0.2026
-0.3256E-02 -0.2258
118.0 0.2720E-05
0.4496 -0.1902
0.7083E-02 -0.2053
119.0 0.2689E-05
0.4190 -0.1685
0.1302E-01 -0.1831
120.0 0.2619E-05
0.3892 -0.1408
0.1397E-01 -0.1595
121.0 0.2524E-05
0.3626 -0.1117
0.1012E-01 -0.1349
122.0 0.2425E-05
0.3395 -0.8722E-01
0.2939E-02 -0.1102
123.0 0.2341E-05
0.3180 -0.7354E-01
-0.4526E-02 -0.8761E-01
124.0 0.2284E-05
0.2957 -0.7460E-01
-0.8293E-02 -0.6963E-01
125.0 0.2258E-05
0.2711 -0.9019E-01
-0.4852E-02 -0.5867E-01
126.0 0.2265E-05
0.2440 -0.1160
0.7408E-02 -0.5641E-01
127.0 0.2300E-05
0.2154 -0.1455
0.2765E-01 -0.6339E-01
128.0 0.2358E-05
0.1863 -0.1727
0.5320E-01 -0.7878E-01
129.0 0.2426E-05
0.1582 -0.1936
0.8085E-01 -0.1006
130.0 0.2492E-05
0.1326 -0.2065
0.1079 -0.1266
131.0 0.2543E-05
0.1111 -0.2107
0.1323 -0.1545
132.0 0.2570E-05
0.9494E-01 -0.2054
0.1525 -0.1821
133.0 0.2566E-05
0.8539E-01 -0.1895
0.1671 -0.2073
134.0 0.2522E-05
0.8353E-01 -0.1626
0.1750 -0.2273
135.0 0.2432E-05
0.9088E-01 -0.1251
0.1758 -0.2394
136.0 0.2294E-05
0.1095 -0.7901E-01
0.1697 -0.2411
137.0 0.2117E-05
0.1414 -0.2815E-01
0.1577 -0.2303
138.0 0.1925E-05
0.1860 0.2102E-01
0.1416 -0.2069
139.0 0.1750E-05
0.2363 0.5889E-01
0.1253 -0.1737
140.0 0.1620E-05
0.2775 0.7499E-01
0.1142 -0.1390
141.0 0.1556E-05
0.2917 0.6412E-01
0.1132 -0.1150
142.0 0.1562E-05
0.2704 0.3183E-01
0.1232 -0.1119
143.0 0.1639E-05
0.2213 -0.7890E-02
0.1393 -0.1317
144.0 0.1779E-05
0.1629 -0.4135E-01
0.1539 -0.1679
145.0 0.1972E-05
0.1125 -0.6151E-01
0.1614 -0.2107
146.0 0.2199E-05
0.8023E-01 -0.6822E-01
0.1601 -0.2517
147.0 0.2439E-05
0.6870E-01 -0.6505E-01
0.1508 -0.2865
148.0 0.2668E-05
0.7668E-01 -0.5633E-01
0.1351 -0.3134
149.0 0.2864E-05
0.1012 -0.4570E-01
0.1145 -0.3328
150.0 0.3010E-05
0.1388 -0.3577E-01
0.9007E-01 -0.3452
151.0 0.3089E-05
0.1858 -0.2820E-01
0.6256E-01 -0.3512
152.0 0.3089E-05
0.2394 -0.2393E-01
0.3282E-01 -0.3511
153.0 0.3001E-05
0.2983 -0.2340E-01
0.1673E-02 -0.3450
154.0 0.2830E-05
0.3620 -0.2668E-01
-0.3009E-01 -0.3326
155.0 0.2597E-05
0.4284 -0.3337E-01
-0.6145E-01 -0.3133
156.0 0.2340E-05
0.4901 -0.4192E-01
-0.9097E-01 -0.2871
157.0 0.2104E-05
0.5305 -0.4902E-01
-0.1167 -0.2556
158.0 0.1936E-05
0.5258 -0.5026E-01
-0.1367 -0.2236
159.0 0.1875E-05
0.4584 -0.4370E-01
-0.1502 -0.1993
160.0 0.1954E-05
0.3393 -0.3420E-01
-0.1578 -0.1907
161.0 0.2195E-05
0.2105 -0.3143E-01
-0.1607 -0.1985
162.0 0.2607E-05
0.1139 -0.4130E-01
-0.1597 -0.2158
163.0 0.3179E-05
0.6585E-01 -0.6213E-01
-0.1550 -0.2344
164.0 0.3878E-05
0.6080E-01 -0.8857E-01
-0.1469 -0.2496
165.0 0.4657E-05
0.8673E-01 -0.1158
-0.1361 -0.2598
166.0 0.5465E-05
0.1330 -0.1410
-0.1228 -0.2655
167.0 0.6250E-05
0.1914 -0.1624
-0.1075 -0.2674
168.0 0.6968E-05
0.2561 -0.1790
-0.9087E-01 -0.2658
169.0 0.7573E-05
0.3228 -0.1903
-0.7325E-01 -0.2610
170.0 0.8022E-05
0.3887 -0.1955
-0.5509E-01 -0.2528
171.0 0.8283E-05
0.4523 -0.1935
-0.3673E-01 -0.2407
172.0 0.8342E-05
0.5116 -0.1832
-0.1851E-01 -0.2239
173.0 0.8215E-05
0.5628 -0.1631
-0.9815E-03 -0.2020
174.0 0.7936E-05
0.5995 -0.1321
0.1493E-01 -0.1747
175.0 0.7551E-05
0.6120 -0.9010E-01
0.2781E-01 -0.1423
176.0 0.7112E-05
0.5886 -0.3857E-01
0.3593E-01 -0.1060
177.0 0.6673E-05
0.5176 0.1811E-01
0.3754E-01 -0.6848E-01
178.0 0.6295E-05
0.3913 0.7197E-01
0.3147E-01 -0.3411E-01
179.0 0.6036E-05
0.2124 0.1118
0.1806E-01 -0.9203E-02
180.0 0.5944E-05
0.000 0.1267
0.000 0.000
