0.000 1.740
0.000 0.7071
0.000 0.000
1.000 1.739
-0.1016E-01 0.7066
0.1470E-01 -0.9578E-03
2.000 1.736
-0.1878E-01 0.7051
0.3192E-01 -0.3506E-02
3.000 1.733
-0.2488E-01 0.7017
0.5358E-01 -0.6520E-02
4.000 1.734
-0.2834E-01 0.6947
0.8026E-01 -0.7827E-02
5.000 1.744
-0.2975E-01 0.6814
0.1107 -0.4341E-02
6.000 1.771
-0.2994E-01 0.6600
0.1420 0.6985E-02
7.000 1.818
-0.2943E-01 0.6305
0.1700 0.2760E-01
8.000 1.884
-0.2817E-01 0.5962
0.1916 0.5628E-01
9.000 1.959
-0.2561E-01 0.5616
0.2060 0.8950E-01
10.00 2.030
-0.2119E-01 0.5308
0.2144 0.1230
11.00 2.083
-0.1468E-01 0.5047
0.2195 0.1532
12.00 2.107
-0.6429E-02 0.4816
0.2238 0.1779
13.00 2.098
0.2621E-02 0.4575
0.2293 0.1962
14.00 2.056
0.1105E-01 0.4277
0.2365 0.2086
15.00 1.985
0.1720E-01 0.3881
0.2449 0.2161
16.00 1.890
0.1960E-01 0.3366
0.2525 0.2207
17.00 1.776
0.1732E-01 0.2738
0.2569 0.2245
18.00 1.646
0.1027E-01 0.2025
0.2552 0.2296
19.00 1.506
-0.7464E-03 0.1273
0.2447 0.2380
20.00 1.362
-0.1414E-01 0.5308E-01
0.2231 0.2505
21.00 1.218
-0.2771E-01 -0.1518E-01
0.1886 0.2669
22.00 1.082
-0.3892E-01 -0.7312E-01
0.1406 0.2854
23.00 0.9588
-0.4531E-01 -0.1173
0.7966E-01 0.3026
24.00 0.8503
-0.4501E-01 -0.1456
0.7979E-02 0.3140
25.00 0.7580
-0.3727E-01 -0.1569
-0.7072E-01 0.3150
26.00 0.6818
-0.2287E-01 -0.1515
-0.1514 0.3027
27.00 0.6205
-0.4088E-02 -0.1303
-0.2281 0.2768
28.00 0.5725
0.1560E-01 -0.9477E-01
-0.2949 0.2402
29.00 0.5358
0.3230E-01 -0.4756E-01
-0.3472 0.1982
30.00 0.5078
0.4265E-01 0.7808E-02
-0.3821 0.1564
31.00 0.4860
0.4454E-01 0.6693E-01
-0.3997 0.1188
32.00 0.4677
0.3736E-01 0.1252
-0.4021 0.8743E-01
33.00 0.4509
0.2184E-01 0.1784
-0.3925 0.6171E-01
34.00 0.4340
-0.4518E-03 0.2231
-0.3743 0.3994E-01
35.00 0.4164
-0.2745E-01 0.2569
-0.3500 0.1998E-01
36.00 0.3979
-0.5688E-01 0.2783
-0.3218 -0.1405E-03
37.00 0.3788
-0.8646E-01 0.2866
-0.2910 -0.2187E-01
38.00 0.3596
-0.1140 0.2819
-0.2588 -0.4605E-01
39.00 0.3406
-0.1377 0.2651
-0.2258 -0.7275E-01
40.00 0.3226
-0.1559 0.2373
-0.1927 -0.1012
41.00 0.3059
-0.1676 0.2005
-0.1599 -0.1296
42.00 0.2911
-0.1725 0.1570
-0.1277 -0.1551
43.00 0.2786
-0.1709 0.1096
-0.9658E-01 -0.1744
44.00 0.2685
-0.1641 0.6145E-01
-0.6701E-01 -0.1845
45.00 0.2606
-0.1540 0.1568E-01
-0.3990E-01 -0.1838
46.00 0.2543
-0.1431 -0.2540E-01
-0.1623E-01 -0.1727
47.00 0.2486
-0.1335 -0.6073E-01
0.3163E-02 -0.1532
48.00 0.2426
-0.1268 -0.9056E-01
0.1772E-01 -0.1282
49.00 0.2354
-0.1236 -0.1161
0.2726E-01 -0.1008
50.00 0.2265
-0.1239 -0.1389
0.3193E-01 -0.7322E-01
51.00 0.2158
-0.1272 -0.1606
0.3206E-01 -0.4693E-01
52.00 0.2035
-0.1328 -0.1824
0.2810E-01 -0.2270E-01
53.00 0.1901
-0.1399 -0.2048
0.2049E-01 -0.8315E-03
54.00 0.1761
-0.1477 -0.2280
0.9683E-02 0.1865E-01
55.00 0.1620
-0.1557 -0.2512
-0.3918E-02 0.3587E-01
56.00 0.1482
-0.1631 -0.2735
-0.1987E-01 0.5112E-01
57.00 0.1352
-0.1697 -0.2931
-0.3760E-01 0.6484E-01
58.00 0.1232
-0.1748 -0.3080
-0.5634E-01 0.7772E-01
59.00 0.1123
-0.1784 -0.3162
-0.7506E-01 0.9062E-01
60.00 0.1027
-0.1803 -0.3161
-0.9260E-01 0.1044
61.00 0.9423E-01
-0.1809 -0.3068
-0.1078 0.1199
62.00 0.8691E-01
-0.1805 -0.2886
-0.1199 0.1374
63.00 0.8055E-01
-0.1798 -0.2629
-0.1284 0.1568
64.00 0.7497E-01
-0.1791 -0.2316
-0.1336 0.1780
65.00 0.7000E-01
-0.1786 -0.1969
-0.1356 0.2004
66.00 0.6552E-01
-0.1781 -0.1601
-0.1349 0.2236
67.00 0.6144E-01
-0.1773 -0.1222
-0.1315 0.2474
68.00 0.5771E-01
-0.1760 -0.8346E-01
-0.1257 0.2713
69.00 0.5428E-01
-0.1741 -0.4423E-01
-0.1176 0.2948
70.00 0.5112E-01
-0.1716 -0.4861E-02
-0.1078 0.3173
71.00 0.4816E-01
-0.1687 0.3401E-01
-0.9715E-01 0.3379
72.00 0.4536E-01
-0.1653 0.7158E-01
-0.8642E-01 0.3561
73.00 0.4268E-01
-0.1613 0.1071
-0.7638E-01 0.3714
74.00 0.4011E-01
-0.1564 0.1401
-0.6747E-01 0.3834
75.00 0.3765E-01
-0.1501 0.1704
-0.5977E-01 0.3924
76.00 0.3529E-01
-0.1423 0.1984
-0.5314E-01 0.3984
77.00 0.3303E-01
-0.1331 0.2244
-0.4740E-01 0.4017
78.00 0.3088E-01
-0.1228 0.2489
-0.4254E-01 0.4024
79.00 0.2883E-01
-0.1119 0.2719
-0.3872E-01 0.4007
80.00 0.2686E-01
-0.1005 0.2935
-0.3629E-01 0.3967
81.00 0.2498E-01
-0.8878E-01 0.3136
-0.3555E-01 0.3904
82.00 0.2320E-01
-0.7666E-01 0.3321
-0.3659E-01 0.3822
83.00 0.2152E-01
-0.6398E-01 0.3490
-0.3917E-01 0.3727
84.00 0.1995E-01
-0.5075E-01 0.3648
-0.4275E-01 0.3625
85.00 0.1850E-01
-0.3724E-01 0.3797
-0.4668E-01 0.3525
86.00 0.1714E-01
-0.2400E-01 0.3944
-0.5035E-01 0.3435
87.00 0.1587E-01
-0.1168E-01 0.4090
-0.5348E-01 0.3361
88.00 0.1465E-01
-0.8236E-03 0.4238
-0.5613E-01 0.3306
89.00 0.1347E-01
0.8248E-02 0.4383
-0.5864E-01 0.3273
90.00 0.1233E-01
0.1555E-01 0.4519
-0.6150E-01 0.3259
91.00 0.1121E-01
0.2135E-01 0.4641
-0.6512E-01 0.3268
92.00 0.1014E-01
0.2605E-01 0.4740
-0.6977E-01 0.3299
93.00 0.9134E-02
0.3005E-01 0.4810
-0.7552E-01 0.3356
94.00 0.8198E-02
0.3365E-01 0.4847
-0.8227E-01 0.3441
95.00 0.7349E-02
0.3699E-01 0.4846
-0.8981E-01 0.3555
96.00 0.6595E-02
0.4011E-01 0.4803
-0.9789E-01 0.3697
97.00 0.5940E-02
0.4300E-01 0.4716
-0.1063 0.3860
98.00 0.5380E-02
0.4567E-01 0.4586
-0.1148 0.4033
99.00 0.4907E-02
0.4821E-01 0.4416
-0.1230 0.4203
100.0 0.4511E-02
0.5067E-01 0.4213
-0.1305 0.4355
101.0 0.4178E-02
0.5300E-01 0.3980
-0.1367 0.4477
102.0 0.3895E-02
0.5489E-01 0.3720
-0.1406 0.4558
103.0 0.3647E-02
0.5583E-01 0.3430
-0.1415 0.4593
104.0 0.3418E-02
0.5504E-01 0.3104
-0.1388 0.4581
105.0 0.3195E-02
0.5167E-01 0.2726
-0.1324 0.4522
106.0 0.2970E-02
0.4484E-01 0.2271
-0.1222 0.4418
107.0 0.2741E-02
0.3379E-01 0.1706
-0.1081 0.4270
108.0 0.2513E-02
0.1802E-01 0.1000
-0.9007E-01 0.4085
109.0 0.2297E-02
-0.2553E-02 0.1332E-01
-0.6776E-01 0.3873
110.0 0.2107E-02
-0.2733E-01 -0.8786E-01
-0.4105E-01 0.3653
111.0 0.1956E-02
-0.5485E-01 -0.1965
-0.1052E-01 0.3456
112.0 0.1853E-02
-0.8283E-01 -0.2999
0.2198E-01 0.3311
113.0 0.1801E-02
-0.1088 -0.3833
0.5338E-01 0.3238
114.0 0.1795E-02
-0.1312 -0.4363
0.8048E-01 0.3231
115.0 0.1821E-02
-0.1500 -0.4575
0.1014 0.3265
116.0 0.1864E-02
-0.1665 -0.4531
0.1159 0.3305
117.0 0.1907E-02
-0.1825 -0.4325
0.1256 0.3324
118.0 0.1936E-02
-0.1995 -0.4040
0.1324 0.3306
119.0 0.1945E-02
-0.2184 -0.3739
0.1383 0.3243
120.0 0.1929E-02
-0.2399 -0.3461
0.1454 0.3137
121.0 0.1893E-02
-0.2640 -0.3223
0.1547 0.2991
122.0 0.1840E-02
-0.2901 -0.3025
0.1671 0.2813
123.0 0.1782E-02
-0.3167 -0.2851
0.1819 0.2618
124.0 0.1729E-02
-0.3413 -0.2674
0.1977 0.2425
125.0 0.1693E-02
-0.3604 -0.2460
0.2119 0.2259
126.0 0.1684E-02
-0.3707 -0.2183
0.2219 0.2145
127.0 0.1706E-02
-0.3711 -0.1837
0.2257 0.2095
128.0 0.1756E-02
-0.3630 -0.1442
0.2229 0.2104
129.0 0.1826E-02
-0.3502 -0.1038
0.2147 0.2153
130.0 0.1900E-02
-0.3367 -0.6687E-01
0.2030 0.2215
131.0 0.1963E-02
-0.3257 -0.3630E-01
0.1895 0.2266
132.0 0.2000E-02
-0.3189 -0.1339E-01
0.1757 0.2293
133.0 0.1999E-02
-0.3169 0.2174E-02
0.1624 0.2288
134.0 0.1959E-02
-0.3193 0.1178E-01
0.1499 0.2257
135.0 0.1886E-02
-0.3251 0.1750E-01
0.1386 0.2208
136.0 0.1793E-02
-0.3325 0.2182E-01
0.1288 0.2158
137.0 0.1697E-02
-0.3395 0.2731E-01
0.1209 0.2128
138.0 0.1614E-02
-0.3439 0.3609E-01
0.1149 0.2138
139.0 0.1559E-02
-0.3441 0.4881E-01
0.1109 0.2199
140.0 0.1538E-02
-0.3394 0.6399E-01
0.1087 0.2306
141.0 0.1555E-02
-0.3308 0.7826E-01
0.1076 0.2440
142.0 0.1607E-02
-0.3201 0.8796E-01
0.1074 0.2573
143.0 0.1683E-02
-0.3096 0.9071E-01
0.1079 0.2680
144.0 0.1769E-02
-0.3012 0.8596E-01
0.1095 0.2746
145.0 0.1850E-02
-0.2958 0.7420E-01
0.1126 0.2768
146.0 0.1911E-02
-0.2936 0.5606E-01
0.1173 0.2747
147.0 0.1941E-02
-0.2939 0.3197E-01
0.1232 0.2690
148.0 0.1938E-02
-0.2955 0.2394E-02
0.1299 0.2607
149.0 0.1905E-02
-0.2968 -0.3135E-01
0.1358 0.2512
150.0 0.1851E-02
-0.2952 -0.6616E-01
0.1389 0.2426
151.0 0.1791E-02
-0.2881 -0.9639E-01
0.1361 0.2377
152.0 0.1743E-02
-0.2728 -0.1139
0.1240 0.2397
153.0 0.1722E-02
-0.2479 -0.1100
0.1001 0.2508
154.0 0.1742E-02
-0.2146 -0.7915E-01
0.6461E-01 0.2712
155.0 0.1810E-02
-0.1770 -0.2243E-01
0.2123E-01 0.2975
156.0 0.1927E-02
-0.1405 0.5242E-01
-0.2425E-01 0.3247
157.0 0.2085E-02
-0.1096 0.1348
-0.6640E-01 0.3479
158.0 0.2275E-02
-0.8615E-01 0.2155
-0.1019 0.3642
159.0 0.2483E-02
-0.7031E-01 0.2889
-0.1296 0.3726
160.0 0.2694E-02
-0.6074E-01 0.3526
-0.1502 0.3736
161.0 0.2892E-02
-0.5567E-01 0.4067
-0.1647 0.3683
162.0 0.3065E-02
-0.5341E-01 0.4524
-0.1747 0.3577
163.0 0.3203E-02
-0.5249E-01 0.4911
-0.1812 0.3427
164.0 0.3299E-02
-0.5180E-01 0.5241
-0.1851 0.3242
165.0 0.3353E-02
-0.5058E-01 0.5522
-0.1867 0.3027
166.0 0.3364E-02
-0.4839E-01 0.5764
-0.1862 0.2788
167.0 0.3337E-02
-0.4509E-01 0.5973
-0.1835 0.2529
168.0 0.3280E-02
-0.4079E-01 0.6157
-0.1784 0.2255
169.0 0.3200E-02
-0.3574E-01 0.6321
-0.1709 0.1972
170.0 0.3107E-02
-0.3032E-01 0.6466
-0.1605 0.1684
171.0 0.3012E-02
-0.2488E-01 0.6589
-0.1475 0.1402
172.0 0.2923E-02
-0.1975E-01 0.6690
-0.1320 0.1132
173.0 0.2845E-02
-0.1520E-01 0.6772
-0.1148 0.8825E-01
174.0 0.2780E-02
-0.1139E-01 0.6839
-0.9658E-01 0.6573E-01
175.0 0.2730E-02
-0.8365E-02 0.6893
-0.7834E-01 0.4602E-01
176.0 0.2693E-02
-0.6037E-02 0.6930
-0.6074E-01 0.2950E-01
177.0 0.2670E-02
-0.4228E-02 0.6948
-0.4416E-01 0.1650E-01
178.0 0.2657E-02
-0.2723E-02 0.6951
-0.2868E-01 0.7261E-02
179.0 0.2652E-02
-0.1346E-02 0.6945
-0.1409E-01 0.1798E-02
180.0 0.2650E-02
0.000 0.6942
0.000 0.000
