0.000 2.807
0.000 -0.8740E-01
0.000 0.000
1.000 2.788
-0.3876E-01 -0.8885E-01
-0.3171E-02 0.1379E-02
2.000 2.733
-0.7408E-01 -0.9323E-01
-0.5304E-02 0.5179E-02
3.000 2.645
-0.1030 -0.1006
-0.5482E-02 0.1036E-01
4.000 2.532
-0.1231 -0.1110
-0.3004E-02 0.1515E-01
5.000 2.406
-0.1325 -0.1243
0.2509E-02 0.1711E-01
6.000 2.282
-0.1297 -0.1403
0.1096E-01 0.1354E-01
7.000 2.172
-0.1133 -0.1585
0.2153E-01 0.2345E-02
8.000 2.084
-0.8299E-01 -0.1783
0.3255E-01 -0.1684E-01
9.000 2.021
-0.3999E-01 -0.1994
0.4160E-01 -0.4201E-01
10.00 1.976
0.1251E-01 -0.2211
0.4602E-01 -0.6940E-01
11.00 1.940
0.6980E-01 -0.2427
0.4344E-01 -0.9493E-01
12.00 1.900
0.1265 -0.2631
0.3225E-01 -0.1156
13.00 1.848
0.1772 -0.2811
0.1173E-01 -0.1302
14.00 1.776
0.2171 -0.2955
-0.1792E-01 -0.1389
15.00 1.682
0.2419 -0.3058
-0.5558E-01 -0.1427
16.00 1.566
0.2484 -0.3126
-0.9925E-01 -0.1434
17.00 1.434
0.2347 -0.3173
-0.1462 -0.1424
18.00 1.291
0.2000 -0.3225
-0.1930 -0.1414
19.00 1.143
0.1450 -0.3311
-0.2359 -0.1415
20.00 0.9989
0.7179E-01 -0.3459
-0.2706 -0.1436
21.00 0.8649
-0.1537E-01 -0.3686
-0.2926 -0.1482
22.00 0.7463
-0.1097 -0.3994
-0.2976 -0.1552
23.00 0.6462
-0.2012 -0.4360
-0.2823 -0.1640
24.00 0.5654
-0.2781 -0.4748
-0.2459 -0.1735
25.00 0.5030
-0.3285 -0.5106
-0.1911 -0.1824
26.00 0.4569
-0.3446 -0.5394
-0.1243 -0.1897
27.00 0.4244
-0.3252 -0.5588
-0.5467E-01 -0.1949
28.00 0.4027
-0.2771 -0.5691
0.8610E-02 -0.1982
29.00 0.3886
-0.2125 -0.5730
0.5869E-01 -0.1997
30.00 0.3790
-0.1450 -0.5739
0.9233E-01 -0.1994
31.00 0.3711
-0.8614E-01 -0.5753
0.1096 -0.1970
32.00 0.3627
-0.4333E-01 -0.5796
0.1128 -0.1922
33.00 0.3520
-0.2016E-01 -0.5886
0.1046 -0.1851
34.00 0.3383
-0.1726E-01 -0.6031
0.8787E-01 -0.1755
35.00 0.3216
-0.3329E-01 -0.6230
0.6453E-01 -0.1639
36.00 0.3025
-0.6566E-01 -0.6480
0.3609E-01 -0.1508
37.00 0.2816
-0.1109 -0.6771
0.3458E-02 -0.1369
38.00 0.2599
-0.1648 -0.7088
-0.3281E-01 -0.1229
39.00 0.2383
-0.2228 -0.7412
-0.7239E-01 -0.1097
40.00 0.2176
-0.2802 -0.7716
-0.1150 -0.9852E-01
41.00 0.1987
-0.3319 -0.7965
-0.1599 -0.9086E-01
42.00 0.1823
-0.3733 -0.8119
-0.2057 -0.8852E-01
43.00 0.1689
-0.4010 -0.8139
-0.2500 -0.9313E-01
44.00 0.1586
-0.4138 -0.8006
-0.2896 -0.1053
45.00 0.1511
-0.4137 -0.7733
-0.3214 -0.1242
46.00 0.1458
-0.4050 -0.7363
-0.3433 -0.1473
47.00 0.1420
-0.3933 -0.6958
-0.3552 -0.1715
48.00 0.1386
-0.3832 -0.6576
-0.3579 -0.1940
49.00 0.1351
-0.3774 -0.6258
-0.3533 -0.2130
50.00 0.1309
-0.3766 -0.6025
-0.3430 -0.2278
51.00 0.1259
-0.3799 -0.5883
-0.3284 -0.2384
52.00 0.1202
-0.3855 -0.5829
-0.3104 -0.2450
53.00 0.1140
-0.3910 -0.5853
-0.2898 -0.2483
54.00 0.1076
-0.3942 -0.5944
-0.2673 -0.2490
55.00 0.1013
-0.3928 -0.6091
-0.2433 -0.2476
56.00 0.9526E-01
-0.3856 -0.6283
-0.2187 -0.2447
57.00 0.8962E-01
-0.3721 -0.6508
-0.1944 -0.2407
58.00 0.8447E-01
-0.3532 -0.6756
-0.1715 -0.2360
59.00 0.7982E-01
-0.3308 -0.7015
-0.1508 -0.2310
60.00 0.7564E-01
-0.3076 -0.7277
-0.1328 -0.2256
61.00 0.7184E-01
-0.2864 -0.7535
-0.1176 -0.2199
62.00 0.6835E-01
-0.2694 -0.7785
-0.1044 -0.2136
63.00 0.6509E-01
-0.2577 -0.8025
-0.9236E-01 -0.2067
64.00 0.6200E-01
-0.2511 -0.8254
-0.8021E-01 -0.1991
65.00 0.5903E-01
-0.2485 -0.8474
-0.6705E-01 -0.1909
66.00 0.5617E-01
-0.2482 -0.8683
-0.5231E-01 -0.1821
67.00 0.5341E-01
-0.2489 -0.8878
-0.3583E-01 -0.1729
68.00 0.5074E-01
-0.2497 -0.9055
-0.1769E-01 -0.1634
69.00 0.4813E-01
-0.2501 -0.9211
0.1969E-02 -0.1539
70.00 0.4557E-01
-0.2503 -0.9340
0.2307E-01 -0.1445
71.00 0.4305E-01
-0.2502 -0.9441
0.4558E-01 -0.1355
72.00 0.4057E-01
-0.2495 -0.9507
0.6936E-01 -0.1268
73.00 0.3815E-01
-0.2479 -0.9536
0.9402E-01 -0.1189
74.00 0.3579E-01
-0.2448 -0.9527
0.1189 -0.1116
75.00 0.3351E-01
-0.2400 -0.9483
0.1430 -0.1051
76.00 0.3132E-01
-0.2340 -0.9411
0.1657 -0.9917E-01
77.00 0.2922E-01
-0.2273 -0.9322
0.1863 -0.9375E-01
78.00 0.2721E-01
-0.2210 -0.9227
0.2048 -0.8877E-01
79.00 0.2531E-01
-0.2154 -0.9137
0.2217 -0.8433E-01
80.00 0.2352E-01
-0.2105 -0.9059
0.2377 -0.8068E-01
81.00 0.2187E-01
-0.2052 -0.8996
0.2532 -0.7816E-01
82.00 0.2037E-01
-0.1983 -0.8947
0.2686 -0.7708E-01
83.00 0.1902E-01
-0.1886 -0.8908
0.2834 -0.7756E-01
84.00 0.1779E-01
-0.1755 -0.8874
0.2971 -0.7948E-01
85.00 0.1667E-01
-0.1592 -0.8838
0.3091 -0.8246E-01
86.00 0.1563E-01
-0.1408 -0.8797
0.3188 -0.8598E-01
87.00 0.1462E-01
-0.1218 -0.8747
0.3263 -0.8947E-01
88.00 0.1362E-01
-0.1036 -0.8685
0.3317 -0.9243E-01
89.00 0.1261E-01
-0.8716E-01 -0.8611
0.3353 -0.9442E-01
90.00 0.1161E-01
-0.7337E-01 -0.8523
0.3375 -0.9503E-01
91.00 0.1060E-01
-0.6260E-01 -0.8420
0.3387 -0.9384E-01
92.00 0.9619E-02
-0.5517E-01 -0.8304
0.3390 -0.9044E-01
93.00 0.8669E-02
-0.5132E-01 -0.8178
0.3391 -0.8443E-01
94.00 0.7771E-02
-0.5122E-01 -0.8046
0.3394 -0.7557E-01
95.00 0.6941E-02
-0.5471E-01 -0.7914
0.3411 -0.6399E-01
96.00 0.6192E-02
-0.6087E-01 -0.7787
0.3454 -0.5028E-01
97.00 0.5533E-02
-0.6778E-01 -0.7671
0.3535 -0.3563E-01
98.00 0.4968E-02
-0.7241E-01 -0.7570
0.3661 -0.2162E-01
99.00 0.4496E-02
-0.7118E-01 -0.7491
0.3828 -0.9933E-02
100.0 0.4107E-02
-0.6095E-01 -0.7433
0.4017 -0.1819E-02
101.0 0.3790E-02
-0.4023E-01 -0.7390
0.4198 0.2327E-02
102.0 0.3527E-02
-0.9932E-02 -0.7354
0.4332 0.3164E-02
103.0 0.3300E-02
0.2665E-01 -0.7308
0.4381 0.2188E-02
104.0 0.3092E-02
0.6467E-01 -0.7237
0.4323 0.1219E-02
105.0 0.2889E-02
0.9879E-01 -0.7121
0.4142 0.1811E-02
106.0 0.2685E-02
0.1241 -0.6932
0.3837 0.4815E-02
107.0 0.2478E-02
0.1366 -0.6639
0.3410 0.1013E-01
108.0 0.2272E-02
0.1332 -0.6205
0.2871 0.1662E-01
109.0 0.2079E-02
0.1123 -0.5599
0.2237 0.2206E-01
110.0 0.1910E-02
0.7355E-01 -0.4813
0.1543 0.2328E-01
111.0 0.1779E-02
0.1928E-01 -0.3879
0.8486E-01 0.1665E-01
112.0 0.1696E-02
-0.4476E-01 -0.2891
0.2373E-01 -0.7002E-03
113.0 0.1668E-02
-0.1097 -0.1990
-0.2046E-01 -0.2919E-01
114.0 0.1694E-02
-0.1665 -0.1312
-0.4275E-01 -0.6596E-01
115.0 0.1768E-02
-0.2093 -0.9238E-01
-0.4439E-01 -0.1060
116.0 0.1876E-02
-0.2380 -0.8094E-01
-0.3170E-01 -0.1446
117.0 0.2000E-02
-0.2560 -0.8964E-01
-0.1267E-01 -0.1786
118.0 0.2121E-02
-0.2685 -0.1101
0.5771E-02 -0.2070
119.0 0.2222E-02
-0.2807 -0.1355
0.1871E-01 -0.2298
120.0 0.2288E-02
-0.2969 -0.1610
0.2314E-01 -0.2476
121.0 0.2312E-02
-0.3209 -0.1837
0.1752E-01 -0.2614
122.0 0.2294E-02
-0.3556 -0.2016
0.1474E-02 -0.2723
123.0 0.2240E-02
-0.4028 -0.2136
-0.2414E-01 -0.2819
124.0 0.2165E-02
-0.4623 -0.2188
-0.5696E-01 -0.2919
125.0 0.2087E-02
-0.5309 -0.2166
-0.9266E-01 -0.3044
126.0 0.2023E-02
-0.6022 -0.2079
-0.1251 -0.3208
127.0 0.1988E-02
-0.6669 -0.1946
-0.1473 -0.3417
128.0 0.1989E-02
-0.7158 -0.1797
-0.1540 -0.3657
129.0 0.2028E-02
-0.7431 -0.1659
-0.1437 -0.3903
130.0 0.2097E-02
-0.7481 -0.1552
-0.1190 -0.4128
131.0 0.2185E-02
-0.7345 -0.1480
-0.8511E-01 -0.4312
132.0 0.2276E-02
-0.7078 -0.1439
-0.4745E-01 -0.4450
133.0 0.2353E-02
-0.6733 -0.1422
-0.1047E-01 -0.4543
134.0 0.2405E-02
-0.6352 -0.1419
0.2277E-01 -0.4601
135.0 0.2425E-02
-0.5967 -0.1421
0.5019E-01 -0.4632
136.0 0.2412E-02
-0.5602 -0.1420
0.7029E-01 -0.4644
137.0 0.2371E-02
-0.5285 -0.1404
0.8196E-01 -0.4646
138.0 0.2312E-02
-0.5043 -0.1364
0.8451E-01 -0.4647
139.0 0.2245E-02
-0.4903 -0.1286
0.7793E-01 -0.4659
140.0 0.2181E-02
-0.4886 -0.1158
0.6320E-01 -0.4689
141.0 0.2128E-02
-0.4991 -0.9722E-01
0.4245E-01 -0.4742
142.0 0.2096E-02
-0.5193 -0.7290E-01
0.1872E-01 -0.4818
143.0 0.2085E-02
-0.5441 -0.4419E-01
-0.4589E-02 -0.4908
144.0 0.2097E-02
-0.5676 -0.1346E-01
-0.2452E-01 -0.4995
145.0 0.2128E-02
-0.5839 0.1656E-01
-0.3917E-01 -0.5064
146.0 0.2176E-02
-0.5889 0.4350E-01
-0.4776E-01 -0.5100
147.0 0.2236E-02
-0.5805 0.6582E-01
-0.5040E-01 -0.5093
148.0 0.2306E-02
-0.5589 0.8277E-01
-0.4757E-01 -0.5041
149.0 0.2383E-02
-0.5261 0.9421E-01
-0.3992E-01 -0.4945
150.0 0.2467E-02
-0.4858 0.1004
-0.2806E-01 -0.4812
151.0 0.2556E-02
-0.4428 0.1016
-0.1266E-01 -0.4649
152.0 0.2655E-02
-0.4021 0.9853E-01
0.5440E-02 -0.4465
153.0 0.2763E-02
-0.3689 0.9137E-01
0.2512E-01 -0.4269
154.0 0.2884E-02
-0.3469 0.8025E-01
0.4502E-01 -0.4068
155.0 0.3018E-02
-0.3388 0.6490E-01
0.6373E-01 -0.3872
156.0 0.3163E-02
-0.3448 0.4475E-01
0.8004E-01 -0.3682
157.0 0.3319E-02
-0.3633 0.1920E-01
0.9321E-01 -0.3500
158.0 0.3480E-02
-0.3906 -0.1215E-01
0.1030 -0.3323
159.0 0.3645E-02
-0.4220 -0.4933E-01
0.1095 -0.3146
160.0 0.3807E-02
-0.4522 -0.9189E-01
0.1131 -0.2966
161.0 0.3962E-02
-0.4768 -0.1389
0.1146 -0.2777
162.0 0.4105E-02
-0.4923 -0.1891
0.1141 -0.2578
163.0 0.4230E-02
-0.4970 -0.2406
0.1121 -0.2369
164.0 0.4337E-02
-0.4901 -0.2914
0.1083 -0.2152
165.0 0.4425E-02
-0.4726 -0.3392
0.1027 -0.1930
166.0 0.4495E-02
-0.4460 -0.3818
0.9470E-01 -0.1709
167.0 0.4549E-02
-0.4125 -0.4174
0.8418E-01 -0.1492
168.0 0.4592E-02
-0.3748 -0.4447
0.7108E-01 -0.1284
169.0 0.4625E-02
-0.3354 -0.4628
0.5569E-01 -0.1088
170.0 0.4654E-02
-0.2963 -0.4713
0.3873E-01 -0.9057E-01
171.0 0.4679E-02
-0.2591 -0.4706
0.2124E-01 -0.7396E-01
172.0 0.4703E-02
-0.2244 -0.4619
0.4524E-02 -0.5901E-01
173.0 0.4724E-02
-0.1924 -0.4471
-0.1006E-01 -0.4569E-01
174.0 0.4741E-02
-0.1628 -0.4284
-0.2128E-01 -0.3397E-01
175.0 0.4753E-02
-0.1350 -0.4081
-0.2824E-01 -0.2385E-01
176.0 0.4761E-02
-0.1082 -0.3882
-0.3045E-01 -0.1537E-01
177.0 0.4766E-02
-0.8167E-01 -0.3704
-0.2792E-01 -0.8669E-02
178.0 0.4770E-02
-0.5489E-01 -0.3564
-0.2122E-01 -0.3850E-02
179.0 0.4772E-02
-0.2763E-01 -0.3473
-0.1143E-01 -0.9603E-03
180.0 0.4772E-02
0.000 -0.3442
0.000 0.000
