0.000 10.92
0.000 -0.5234E-01
0.000 0.000
1.000 11.40
0.3819E-01 -0.3937E-01
-0.4742E-01 -0.4252E-02
2.000 12.66
0.6237E-01 -0.8402E-02
-0.7917E-01 -0.1430E-01
3.000 14.26
0.7004E-01 0.2687E-01
-0.9261E-01 -0.2544E-01
4.000 15.63
0.6594E-01 0.5884E-01
-0.9333E-01 -0.3504E-01
5.000 16.25
0.5477E-01 0.8616E-01
-0.8690E-01 -0.4257E-01
6.000 15.78
0.3894E-01 0.1102
-0.7643E-01 -0.4839E-01
7.000 14.19
0.1890E-01 0.1330
-0.6291E-01 -0.5304E-01
8.000 11.74
-0.6497E-02 0.1569
-0.4578E-01 -0.5705E-01
9.000 8.851
-0.4003E-01 0.1843
-0.2302E-01 -0.6089E-01
10.00 6.016
-0.8687E-01 0.2183
0.9412E-02 -0.6493E-01
11.00 3.636
-0.1558 0.2619
0.5869E-01 -0.6922E-01
12.00 1.947
-0.2567 0.3117
0.1334 -0.7176E-01
13.00 0.9951
-0.3594 0.3221
0.2112 -0.6156E-01
14.00 0.6636
-0.2774 0.1733
0.1408 -0.2000E-01
15.00 0.7471
-0.2831E-01 -0.8842E-02
-0.7465E-01 0.1655E-01
16.00 1.024
0.9850E-01 -0.5436E-01
-0.1998 0.2410E-01
17.00 1.315
0.1275 -0.3897E-01
-0.2497 0.2318E-01
18.00 1.510
0.1195 -0.9285E-02
-0.2730 0.2198E-01
19.00 1.572
0.9613E-01 0.2415E-01
-0.2877 0.2122E-01
20.00 1.514
0.6413E-01 0.6048E-01
-0.2988 0.1990E-01
21.00 1.378
0.2565E-01 0.1009
-0.3060 0.1651E-01
22.00 1.207
-0.1756E-01 0.1464
-0.3066 0.9535E-02
23.00 1.037
-0.6270E-01 0.1970
-0.2972 -0.2020E-02
24.00 0.8856
-0.1057 0.2509
-0.2747 -0.1777E-01
25.00 0.7602
-0.1426 0.3048
-0.2378 -0.3544E-01
26.00 0.6587
-0.1708 0.3545
-0.1881 -0.5120E-01
27.00 0.5764
-0.1907 0.3959
-0.1283 -0.6071E-01
28.00 0.5089
-0.2047 0.4242
-0.6175E-01 -0.6014E-01
29.00 0.4534
-0.2158 0.4344
0.8090E-02 -0.4678E-01
30.00 0.4091
-0.2263 0.4206
0.7701E-01 -0.1967E-01
31.00 0.3756
-0.2365 0.3792
0.1392 0.1970E-01
32.00 0.3527
-0.2447 0.3113
0.1880 0.6694E-01
33.00 0.3391
-0.2482 0.2247
0.2180 0.1156
34.00 0.3326
-0.2448 0.1316
0.2276 0.1593
35.00 0.3305
-0.2339 0.4410E-01
0.2193 0.1942
36.00 0.3297
-0.2168 -0.2962E-01
0.1978 0.2190
37.00 0.3276
-0.1958 -0.8586E-01
0.1683 0.2346
38.00 0.3221
-0.1736 -0.1242
0.1348 0.2429
39.00 0.3121
-0.1533 -0.1457
0.1003 0.2458
40.00 0.2975
-0.1376 -0.1520
0.6689E-01 0.2448
41.00 0.2789
-0.1294 -0.1444
0.3635E-01 0.2412
42.00 0.2577
-0.1310 -0.1241
0.1031E-01 0.2358
43.00 0.2355
-0.1442 -0.9242E-01
-0.9418E-02 0.2291
44.00 0.2143
-0.1694 -0.5138E-01
-0.2080E-01 0.2215
45.00 0.1957
-0.2048 -0.4620E-02
-0.2202E-01 0.2132
46.00 0.1810
-0.2451 0.4223E-01
-0.1232E-01 0.2043
47.00 0.1710
-0.2825 0.8222E-01
0.7077E-02 0.1950
48.00 0.1658
-0.3084 0.1092
0.3261E-01 0.1856
49.00 0.1647
-0.3170 0.1201
0.5943E-01 0.1764
50.00 0.1669
-0.3073 0.1162
0.8321E-01 0.1674
51.00 0.1709
-0.2823 0.1014
0.1014 0.1586
52.00 0.1754
-0.2472 0.8023E-01
0.1135 0.1499
53.00 0.1790
-0.2068 0.5653E-01
0.1200 0.1411
54.00 0.1807
-0.1649 0.3280E-01
0.1222 0.1322
55.00 0.1796
-0.1240 0.1043E-01
0.1212 0.1231
56.00 0.1755
-0.8591E-01 -0.9955E-02
0.1181 0.1139
57.00 0.1683
-0.5145E-01 -0.2821E-01
0.1136 0.1046
58.00 0.1583
-0.2112E-01 -0.4438E-01
0.1086 0.9535E-01
59.00 0.1463
0.4895E-02 -0.5858E-01
0.1035 0.8631E-01
60.00 0.1328
0.2659E-01 -0.7084E-01
0.9894E-01 0.7769E-01
61.00 0.1188
0.4405E-01 -0.8103E-01
0.9539E-01 0.6982E-01
62.00 0.1051
0.5742E-01 -0.8881E-01
0.9335E-01 0.6319E-01
63.00 0.9236E-01
0.6690E-01 -0.9357E-01
0.9330E-01 0.5845E-01
64.00 0.8101E-01
0.7284E-01 -0.9457E-01
0.9561E-01 0.5643E-01
65.00 0.7137E-01
0.7589E-01 -0.9109E-01
0.1004 0.5796E-01
66.00 0.6352E-01
0.7713E-01 -0.8279E-01
0.1075 0.6368E-01
67.00 0.5741E-01
0.7801E-01 -0.6998E-01
0.1163 0.7370E-01
68.00 0.5286E-01
0.8008E-01 -0.5381E-01
0.1255 0.8743E-01
69.00 0.4962E-01
0.8444E-01 -0.3602E-01
0.1340 0.1036
70.00 0.4740E-01
0.9139E-01 -0.1849E-01
0.1406 0.1204
71.00 0.4593E-01
0.1003 -0.2748E-02
0.1445 0.1365
72.00 0.4495E-01
0.1099 0.1032E-01
0.1457 0.1504
73.00 0.4425E-01
0.1186 0.2047E-01
0.1443 0.1615
74.00 0.4366E-01
0.1249 0.2793E-01
0.1409 0.1695
75.00 0.4305E-01
0.1273 0.3319E-01
0.1359 0.1745
76.00 0.4235E-01
0.1249 0.3684E-01
0.1302 0.1768
77.00 0.4156E-01
0.1168 0.3946E-01
0.1241 0.1768
78.00 0.4069E-01
0.1027 0.4151E-01
0.1182 0.1749
79.00 0.3978E-01
0.8238E-01 0.4339E-01
0.1128 0.1716
80.00 0.3888E-01
0.5624E-01 0.4535E-01
0.1083 0.1675
81.00 0.3801E-01
0.2525E-01 0.4757E-01
0.1050 0.1631
82.00 0.3721E-01
-0.9109E-02 0.5012E-01
0.1030 0.1588
83.00 0.3649E-01
-0.4498E-01 0.5306E-01
0.1025 0.1552
84.00 0.3583E-01
-0.8040E-01 0.5635E-01
0.1033 0.1525
85.00 0.3522E-01
-0.1136 0.5993E-01
0.1053 0.1509
86.00 0.3463E-01
-0.1434 0.6365E-01
0.1083 0.1502
87.00 0.3403E-01
-0.1689 0.6729E-01
0.1117 0.1504
88.00 0.3338E-01
-0.1900 0.7061E-01
0.1154 0.1509
89.00 0.3265E-01
-0.2071 0.7337E-01
0.1188 0.1515
90.00 0.3179E-01
-0.2207 0.7537E-01
0.1219 0.1515
91.00 0.3079E-01
-0.2317 0.7651E-01
0.1245 0.1509
92.00 0.2962E-01
-0.2410 0.7674E-01
0.1265 0.1491
93.00 0.2829E-01
-0.2494 0.7612E-01
0.1281 0.1461
94.00 0.2683E-01
-0.2577 0.7473E-01
0.1293 0.1416
95.00 0.2529E-01
-0.2668 0.7271E-01
0.1301 0.1355
96.00 0.2372E-01
-0.2770 0.7023E-01
0.1307 0.1278
97.00 0.2217E-01
-0.2886 0.6756E-01
0.1312 0.1183
98.00 0.2068E-01
-0.3013 0.6507E-01
0.1318 0.1076
99.00 0.1930E-01
-0.3143 0.6328E-01
0.1327 0.9610E-01
100.0 0.1803E-01
-0.3266 0.6277E-01
0.1341 0.8476E-01
101.0 0.1689E-01
-0.3367 0.6415E-01
0.1363 0.7460E-01
102.0 0.1586E-01
-0.3435 0.6783E-01
0.1393 0.6657E-01
103.0 0.1496E-01
-0.3462 0.7396E-01
0.1432 0.6134E-01
104.0 0.1415E-01
-0.3443 0.8228E-01
0.1479 0.5913E-01
105.0 0.1344E-01
-0.3382 0.9218E-01
0.1532 0.5963E-01
106.0 0.1280E-01
-0.3282 0.1028
0.1588 0.6209E-01
107.0 0.1221E-01
-0.3151 0.1133
0.1644 0.6556E-01
108.0 0.1166E-01
-0.2994 0.1230
0.1698 0.6902E-01
109.0 0.1111E-01
-0.2816 0.1313
0.1748 0.7162E-01
110.0 0.1057E-01
-0.2618 0.1380
0.1793 0.7276E-01
111.0 0.1003E-01
-0.2404 0.1433
0.1832 0.7213E-01
112.0 0.9475E-02
-0.2174 0.1476
0.1864 0.6969E-01
113.0 0.8915E-02
-0.1931 0.1513
0.1890 0.6564E-01
114.0 0.8353E-02
-0.1682 0.1554
0.1911 0.6042E-01
115.0 0.7798E-02
-0.1429 0.1608
0.1928 0.5465E-01
116.0 0.7258E-02
-0.1179 0.1686
0.1942 0.4908E-01
117.0 0.6743E-02
-0.9351E-01 0.1799
0.1953 0.4450E-01
118.0 0.6263E-02
-0.7016E-01 0.1956
0.1960 0.4162E-01
119.0 0.5829E-02
-0.4813E-01 0.2159
0.1959 0.4091E-01
120.0 0.5445E-02
-0.2771E-01 0.2402
0.1946 0.4243E-01
121.0 0.5115E-02
-0.9032E-02 0.2669
0.1917 0.4571E-01
122.0 0.4836E-02
0.8038E-02 0.2937
0.1870 0.4975E-01
123.0 0.4600E-02
0.2405E-01 0.3181
0.1806 0.5323E-01
124.0 0.4395E-02
0.3999E-01 0.3382
0.1728 0.5477E-01
125.0 0.4207E-02
0.5709E-01 0.3528
0.1643 0.5335E-01
126.0 0.4020E-02
0.7661E-01 0.3620
0.1554 0.4851E-01
127.0 0.3823E-02
0.9950E-01 0.3664
0.1464 0.4041E-01
128.0 0.3608E-02
0.1262 0.3674
0.1373 0.2988E-01
129.0 0.3374E-02
0.1566 0.3661
0.1279 0.1825E-01
130.0 0.3126E-02
0.1896 0.3637
0.1178 0.7286E-02
131.0 0.2870E-02
0.2233 0.3612
0.1061 -0.8889E-03
132.0 0.2619E-02
0.2549 0.3593
0.9248E-01 -0.3985E-02
133.0 0.2383E-02
0.2811 0.3584
0.7634E-01 0.1325E-03
134.0 0.2172E-02
0.2987 0.3589
0.5763E-01 0.1288E-01
135.0 0.1991E-02
0.3052 0.3610
0.3675E-01 0.3423E-01
136.0 0.1842E-02
0.3000 0.3649
0.1464E-01 0.6216E-01
137.0 0.1722E-02
0.2851 0.3706
-0.7439E-02 0.9267E-01
138.0 0.1624E-02
0.2644 0.3781
-0.2838E-01 0.1205
139.0 0.1544E-02
0.2433 0.3869
-0.4757E-01 0.1402
140.0 0.1473E-02
0.2266 0.3960
-0.6512E-01 0.1472
141.0 0.1408E-02
0.2181 0.4031
-0.8161E-01 0.1384
142.0 0.1348E-02
0.2196 0.4051
-0.9772E-01 0.1124
143.0 0.1296E-02
0.2311 0.3972
-0.1137 0.7008E-01
144.0 0.1254E-02
0.2499 0.3742
-0.1287 0.1535E-01
145.0 0.1228E-02
0.2716 0.3321
-0.1409 -0.4469E-01
146.0 0.1223E-02
0.2907 0.2701
-0.1477 -0.1005
147.0 0.1238E-02
0.3022 0.1927
-0.1470 -0.1425
148.0 0.1273E-02
0.3035 0.1084
-0.1381 -0.1643
149.0 0.1320E-02
0.2950 0.2674E-01
-0.1228 -0.1643
150.0 0.1371E-02
0.2790 -0.4442E-01
-0.1042 -0.1446
151.0 0.1417E-02
0.2582 -0.1005
-0.8617E-01 -0.1094
152.0 0.1448E-02
0.2350 -0.1400
-0.7282E-01 -0.6325E-01
153.0 0.1459E-02
0.2104 -0.1631
-0.6798E-01 -0.9890E-02
154.0 0.1449E-02
0.1847 -0.1716
-0.7526E-01 0.4723E-01
155.0 0.1421E-02
0.1576 -0.1677
-0.9778E-01 0.1044
156.0 0.1385E-02
0.1293 -0.1549
-0.1373 0.1565
157.0 0.1353E-02
0.1016 -0.1380
-0.1927 0.1963
158.0 0.1343E-02
0.7913E-01 -0.1232
-0.2574 0.2150
159.0 0.1371E-02
0.6877E-01 -0.1172
-0.3187 0.2047
160.0 0.1452E-02
0.7709E-01 -0.1246
-0.3612 0.1638
161.0 0.1601E-02
0.1062 -0.1449
-0.3739 0.9974E-01
162.0 0.1823E-02
0.1523 -0.1736
-0.3559 0.2596E-01
163.0 0.2118E-02
0.2075 -0.2044
-0.3150 -0.4475E-01
164.0 0.2478E-02
0.2645 -0.2325
-0.2614 -0.1046
165.0 0.2885E-02
0.3179 -0.2555
-0.2038 -0.1511
166.0 0.3313E-02
0.3651 -0.2724
-0.1473 -0.1847
167.0 0.3730E-02
0.4054 -0.2833
-0.9435E-01 -0.2074
168.0 0.4098E-02
0.4393 -0.2883
-0.4558E-01 -0.2213
169.0 0.4383E-02
0.4675 -0.2873
-0.6475E-03 -0.2282
170.0 0.4554E-02
0.4913 -0.2799
0.4113E-01 -0.2291
171.0 0.4591E-02
0.5114 -0.2650
0.8045E-01 -0.2250
172.0 0.4486E-02
0.5283 -0.2411
0.1177 -0.2161
173.0 0.4249E-02
0.5417 -0.2059
0.1528 -0.2023
174.0 0.3902E-02
0.5498 -0.1565
0.1847 -0.1831
175.0 0.3485E-02
0.5482 -0.8943E-01
0.2105 -0.1575
176.0 0.3044E-02
0.5283 -0.2161E-02
0.2248 -0.1252
177.0 0.2631E-02
0.4759 0.1039
0.2187 -0.8663E-01
178.0 0.2296E-02
0.3732 0.2172
0.1810 -0.4609E-01
179.0 0.2077E-02
0.2094 0.3104
0.1048 -0.1307E-01
180.0 0.2001E-02
0.000 0.3475
0.000 0.000
