0 2.3114
0.5 2.3128
1 2.317
1.5 2.3231
2 2.3301
2.5 2.3366
3 2.341
3.5 2.3417
4 2.337
4.5 2.2707
5 2.2081
5.5 2.1509
6 2.1
6.5 2.0557
7 2.0176
7.5 1.9845
8 1.955
8.5 1.9273
9 1.8993
9.5 1.8478
10 1.7847
10.5 1.7236
11 1.6649
11.5 1.6087
12 1.555
12.5 1.5032
13 1.4527
13.5 1.4029
14 1.3528
14.5 1.2875
15 1.215
15.5 1.1453
16 1.0797
16.5 1.0189
17 0.96327
17.5 0.91289
18 0.86741
18.5 0.82622
19 0.78853
19.5 0.75002
20 0.70275
20.5 0.65939
21 0.62011
21.5 0.58483
22 0.5533
22.5 0.52509
23 0.49968
23.5 0.47648
24 0.45494
24.5 0.42658
25 0.3982
25.5 0.37139
26 0.34895
26.5 0.33113
27 0.31772
27.5 0.30654
28 0.2986
28.5 0.29342
29 0.28668
29.5 0.27773
30 0.27105
30.5 0.26657
31 0.2641
31.5 0.26329
32 0.2637
32.5 0.26484
33 0.26618
33.5 0.26722
34 0.25848
34.5 0.25009
35 0.2426
35.5 0.23644
36 0.2319
36.5 0.2291
37 0.22712
37.5 0.22467
38 0.22318
38.5 0.22246
39 0.21763
39.5 0.21241
40 0.20816
40.5 0.20488
41 0.20245
41.5 0.20065
42 0.1992
42.5 0.19774
43 0.19595
43.5 0.19289
44 0.18235
44.5 0.17193
45 0.1621
45.5 0.15325
46 0.14566
46.5 0.13949
47 0.13479
47.5 0.12935
48 0.12471
48.5 0.12149
49 0.11628
49.5 0.11062
50 0.10626
50.5 0.1032
51 0.10135
51.5 0.10051
52 0.10042
52.5 0.10078
53 0.10125
53.5 0.099871
54 0.094289
54.5 0.088928
55 0.084067
55.5 0.079944
56 0.076731
56.5 0.074523
57 0.072788
57.5 0.071178
58 0.069326
58.5 0.068488
59 0.068453
59.5 0.06578
60 0.064003
60.5 0.06316
61 0.063209
61.5 0.064032
62 0.065448
62.5 0.06723
63 0.069124
63.5 0.070626
64 0.06874
64.5 0.065477
65 0.06233
65.5 0.059481
66 0.057079
66.5 0.055224
67 0.05396
67.5 0.052908
68 0.051691
68.5 0.049763
69 0.048444
69.5 0.047716
70 0.046409
70.5 0.044483
71 0.043189
71.5 0.042505
72 0.042303
72.5 0.04246
73 0.042479
73.5 0.042191
74 0.042066
74.5 0.042016
75 0.039814
75.5 0.03726
76 0.034973
76.5 0.033043
77 0.031528
77.5 0.030448
78 0.029786
78.5 0.02932
79 0.02765
79.5 0.026364
80 0.025467
80.5 0.024777
81 0.023552
81.5 0.022764
82 0.022396
82.5 0.022305
83 0.0222
83.5 0.021517
84 0.021064
84.5 0.02081
85 0.020717
85.5 0.020736
86 0.019705
86.5 0.018413
87 0.017349
87.5 0.016548
88 0.016024
88.5 0.015769
89 0.015755
89.5 0.015464
90 0.01467
90.5 0.014077
91 0.013473
91.5 0.012679
92 0.01217
92.5 0.011945
93 0.011988
93.5 0.012257
94 0.012419
94.5 0.011964
95 0.011647
95.5 0.011463
96 0.011401
96.5 0.011441
97 0.011114
97.5 0.010324
98 0.0096888
98.5 0.0092339
99 0.0089733
99.5 0.0089068
100 0.0090208
100.5 0.0092779
101 0.0087932
101.5 0.0084345
102 0.008214
102.5 0.0079334
103 0.0075289
103.5 0.0073302
104 0.00734
104.5 0.0075469
105 0.007927
105.5 0.0078221
106 0.007574
106.5 0.0074373
107 0.0074148
107.5 0.0075021
108 0.0076874
108.5 0.0078819
109 0.0072884
109.5 0.0068206
110 0.0065102
110.5 0.0063783
111 0.0064338
111.5 0.0066721
112 0.0070751
112.5 0.0070524
113 0.0068252
113.5 0.0067226
114 0.0065255
114.5 0.0061656
115 0.0060089
115.5 0.0060685
116 0.0063413
116.5 0.0068075
117 0.0068202
117.5 0.0065814
118 0.0064356
118.5 0.0063876
119 0.0064344
119.5 0.0065659
120 0.0066538
120.5 0.0060116
121 0.0055325
121.5 0.0052536
122 0.005196
122.5 0.0053629
123 0.0057387
123.5 0.0062899
124 0.0062112
124.5 0.0060786
125 0.0055507
125.5 0.0050627
126 0.0048227
126.5 0.0048521
127 0.0051504
127.5 0.0056945
128 0.006083
128.5 0.0059065
129 0.0057961
129.5 0.0057541
130 0.0057766
130.5 0.0058544
131 0.0052583
131.5 0.0046995
132 0.0043628
132.5 0.004281
133 0.0044657
133.5 0.0049048
134 0.0055643
134.5 0.0061395
135 0.0060844
135.5 0.0058769
136 0.0053104
136.5 0.0050132
137 0.0050203
137.5 0.005341
138 0.0059575
138.5 0.0062731
139 0.0063592
139.5 0.006496
140 0.0066772
140.5 0.0068914
141 0.0065442
141.5 0.0057821
142 0.0052139
142.5 0.0048997
143 0.0048779
143.5 0.0051612
144 0.0057349
144.5 0.0065584
145 0.0075682
145.5 0.0076708
146 0.0074986
146.5 0.0073222
147 0.0071635
147.5 0.0070436
148 0.0069811
148.5 0.0069904
149 0.00708
149.5 0.0072522
150 0.0075022
150.5 0.0078187
151 0.0081846
151.5 0.0083793
152 0.0076046
152.5 0.0070584
153 0.0068045
153.5 0.0068805
154 0.0072946
154.5 0.0080239
155 0.0090166
155.5 0.010197
156 0.01026
156.5 0.01015
157 0.010029
157.5 0.009922
158 0.0098542
158.5 0.0098474
159 0.0099188
159.5 0.01008
160 0.010334
160.5 0.010679
161 0.011105
161.5 0.011595
162 0.011905
162.5 0.011478
163 0.011386
163.5 0.011688
164 0.012406
164.5 0.013525
165 0.014992
165.5 0.01544
166 0.01572
166.5 0.015962
167 0.016183
167.5 0.016401
168 0.016636
168.5 0.016906
169 0.017224
169.5 0.017598
170 0.018032
170.5 0.01852
171 0.019052
171.5 0.019611
172 0.01996
172.5 0.019291
173 0.019179
173.5 0.019769
174 0.021157
174.5 0.022263
175 0.022411
175.5 0.022455
176 0.022404
176.5 0.022273
177 0.022083
177.5 0.02186
178 0.020529
178.5 0.018781
179 0.017441
179.5 0.016599
180 0.016311
