0.0000 2.3532
0.50000 2.3563
1.0000 2.3651
1.5000 2.3786
2.0000 2.3951
2.5000 2.4125
3.0000 2.4284
3.5000 2.4403
4.0000 2.4458
4.5000 2.4431
5.0000 2.4306
5.5000 2.4073
6.0000 2.3731
6.5000 2.3284
7.0000 2.2742
7.5000 2.2123
8.0000 2.1445
8.5000 2.0729
9.0000 1.9998
9.5000 1.9270
10.000 1.8563
10.500 1.7889
11.000 1.7256
11.500 1.6665
12.000 1.6114
12.500 1.5595
13.000 1.5100
13.500 1.4615
14.000 1.4130
14.500 1.3634
15.000 1.3118
15.500 1.2576
16.000 1.2006
16.500 1.1412
17.000 1.0799
17.500 1.0175
18.000 0.95509
18.500 0.89391
19.000 0.83511
19.500 0.77975
20.000 0.72866
20.500 0.68241
21.000 0.64126
21.500 0.60513
22.000 0.57365
22.500 0.54622
23.000 0.52206
23.500 0.50032
24.000 0.48014
24.500 0.46077
25.000 0.44163
25.500 0.42234
26.000 0.40275
26.500 0.38298
27.000 0.36333
27.500 0.34426
28.000 0.32635
28.500 0.31018
29.000 0.29628
29.500 0.28509
30.000 0.27686
30.500 0.27163
31.000 0.26924
31.500 0.26932
32.000 0.27132
32.500 0.27457
33.000 0.27831
33.500 0.28182
34.000 0.28440
34.500 0.28551
35.000 0.28475
35.500 0.28194
36.000 0.27708
36.500 0.27039
37.000 0.26225
37.500 0.25316
38.000 0.24367
38.500 0.23438
39.000 0.22581
39.500 0.21839
40.000 0.21241
40.500 0.20799
41.000 0.20510
41.500 0.20351
42.000 0.20288
42.500 0.20277
43.000 0.20267
43.500 0.20209
44.000 0.20057
44.500 0.19776
45.000 0.19342
45.500 0.18748
46.000 0.18001
46.500 0.17124
47.000 0.16152
47.500 0.15129
48.000 0.14104
48.500 0.13127
49.000 0.12242
49.500 0.11488
50.000 0.10890
50.500 0.10460
51.000 0.10197
51.500 0.10087
52.000 0.10102
52.500 0.10206
53.000 0.10357
53.500 0.10514
54.000 0.10635
54.500 0.10687
55.000 0.10642
55.500 0.10488
56.000 0.10220
56.500 0.98491E-01
57.000 0.93934E-01
57.500 0.88811E-01
58.000 0.83456E-01
58.500 0.78223E-01
59.000 0.73455E-01
59.500 0.69453E-01
60.000 0.66445E-01
60.500 0.64571E-01
61.000 0.63871E-01
61.500 0.64281E-01
62.000 0.65642E-01
62.500 0.67718E-01
63.000 0.70217E-01
63.500 0.72817E-01
64.000 0.75197E-01
64.500 0.77062E-01
65.000 0.78172E-01
65.500 0.78357E-01
66.000 0.77531E-01
66.500 0.75698E-01
67.000 0.72948E-01
67.500 0.69443E-01
68.000 0.65407E-01
68.500 0.61098E-01
69.000 0.56788E-01
69.500 0.52736E-01
70.000 0.49172E-01
70.500 0.46270E-01
71.000 0.44144E-01
71.500 0.42832E-01
72.000 0.42303E-01
72.500 0.42460E-01
73.000 0.43152E-01
73.500 0.44187E-01
74.000 0.45354E-01
74.500 0.46442E-01
75.000 0.47255E-01
75.500 0.47634E-01
76.000 0.47463E-01
76.500 0.46682E-01
77.000 0.45288E-01
77.500 0.43331E-01
78.000 0.40913E-01
78.500 0.38168E-01
79.000 0.35258E-01
79.500 0.32352E-01
80.000 0.29614E-01
80.500 0.27190E-01
81.000 0.25193E-01
81.500 0.23699E-01
82.000 0.22740E-01
82.500 0.22305E-01
83.000 0.22341E-01
83.500 0.22762E-01
84.000 0.23456E-01
84.500 0.24294E-01
85.000 0.25146E-01
85.500 0.25887E-01
86.000 0.26409E-01
86.500 0.26629E-01
87.000 0.26495E-01
87.500 0.25985E-01
88.000 0.25115E-01
88.500 0.23925E-01
89.000 0.22484E-01
89.500 0.20879E-01
90.000 0.19206E-01
90.500 0.17565E-01
91.000 0.16050E-01
91.500 0.14742E-01
92.000 0.13702E-01
92.500 0.12972E-01
93.000 0.12566E-01
93.500 0.12475E-01
94.000 0.12668E-01
94.500 0.13093E-01
95.000 0.13685E-01
95.500 0.14370E-01
96.000 0.15071E-01
96.500 0.15712E-01
97.000 0.16227E-01
97.500 0.16563E-01
98.000 0.16683E-01
98.500 0.16566E-01
99.000 0.16210E-01
99.500 0.15633E-01
100.00 0.14867E-01
100.50 0.13958E-01
101.00 0.12959E-01
101.50 0.11931E-01
102.00 0.10935E-01
102.50 0.10029E-01
103.00 0.92633E-02
103.50 0.86785E-02
104.00 0.83025E-02
104.50 0.81489E-02
105.00 0.82163E-02
105.50 0.84890E-02
106.00 0.89377E-02
106.50 0.95221E-02
107.00 0.10193E-01
107.50 0.10898E-01
108.00 0.11580E-01
108.50 0.12186E-01
109.00 0.12669E-01
109.50 0.12990E-01
110.00 0.13124E-01
110.50 0.13056E-01
111.00 0.12788E-01
111.50 0.12337E-01
112.00 0.11731E-01
112.50 0.11012E-01
113.00 0.10230E-01
113.50 0.94393E-02
114.00 0.86957E-02
114.50 0.80520E-02
115.00 0.75538E-02
115.50 0.72360E-02
116.00 0.71200E-02
116.50 0.72115E-02
117.00 0.75005E-02
117.50 0.79610E-02
118.00 0.85537E-02
118.50 0.92283E-02
119.00 0.99274E-02
119.50 0.10591E-01
120.00 0.11163E-01
120.50 0.11591E-01
121.00 0.11837E-01
121.50 0.11877E-01
122.00 0.11702E-01
122.50 0.11322E-01
123.00 0.10764E-01
123.50 0.10071E-01
124.00 0.92951E-02
124.50 0.84979E-02
125.00 0.77424E-02
125.50 0.70887E-02
126.00 0.65887E-02
126.50 0.62814E-02
127.00 0.61900E-02
127.50 0.63193E-02
128.00 0.66552E-02
128.50 0.71662E-02
129.00 0.78055E-02
129.50 0.85155E-02
130.00 0.92323E-02
130.50 0.98916E-02
131.00 0.10434E-01
131.50 0.10812E-01
132.00 0.10990E-01
132.50 0.10954E-01
133.00 0.10707E-01
133.50 0.10271E-01
134.00 0.96877E-02
134.50 0.90107E-02
135.00 0.83037E-02
135.50 0.76335E-02
136.00 0.70647E-02
136.50 0.66536E-02
137.00 0.64432E-02
137.50 0.64588E-02
138.00 0.67063E-02
138.50 0.71709E-02
139.00 0.78188E-02
139.50 0.85995E-02
140.00 0.94508E-02
140.50 0.10304E-01
141.00 0.11091E-01
141.50 0.11749E-01
142.00 0.12226E-01
142.50 0.12489E-01
143.00 0.12523E-01
143.50 0.12335E-01
144.00 0.11952E-01
144.50 0.11419E-01
145.00 0.10798E-01
145.50 0.10155E-01
146.00 0.95635E-02
146.50 0.90887E-02
147.00 0.87873E-02
147.50 0.86998E-02
148.00 0.88465E-02
148.50 0.92261E-02
149.00 0.98150E-02
149.50 0.10570E-01
150.00 0.11431E-01
150.50 0.12328E-01
151.00 0.13188E-01
151.50 0.13939E-01
152.00 0.14522E-01
152.50 0.14893E-01
153.00 0.15030E-01
153.50 0.14932E-01
154.00 0.14627E-01
154.50 0.14162E-01
155.00 0.13604E-01
155.50 0.13032E-01
156.00 0.12531E-01
156.50 0.12184E-01
157.00 0.12060E-01
157.50 0.12215E-01
158.00 0.12675E-01
158.50 0.13445E-01
159.00 0.14496E-01
159.50 0.15774E-01
160.00 0.17203E-01
160.50 0.18689E-01
161.00 0.20131E-01
161.50 0.21426E-01
162.00 0.22487E-01
162.50 0.23243E-01
163.00 0.23652E-01
163.50 0.23704E-01
164.00 0.23426E-01
164.50 0.22879E-01
165.00 0.22154E-01
165.50 0.21369E-01
166.00 0.20654E-01
166.50 0.20146E-01
167.00 0.19973E-01
167.50 0.20244E-01
168.00 0.21039E-01
168.50 0.22398E-01
169.00 0.24319E-01
169.50 0.26755E-01
170.00 0.29611E-01
170.50 0.32757E-01
171.00 0.36030E-01
171.50 0.39247E-01
172.00 0.42221E-01
172.50 0.44770E-01
173.00 0.46736E-01
173.50 0.47993E-01
174.00 0.48458E-01
174.50 0.48102E-01
175.00 0.46949E-01
175.50 0.45076E-01
176.00 0.42611E-01
176.50 0.39722E-01
177.00 0.36608E-01
177.50 0.33483E-01
178.00 0.30562E-01
178.50 0.28049E-01
179.00 0.26118E-01
179.50 0.24903E-01
180.00 0.24488E-01
