0 3.0396
0.5 3.0276
1 2.9924
1.5 2.936
2 2.8617
2.5 2.7737
3 2.6769
3.5 2.5763
4 2.4769
4.5 2.4431
5 2.4306
5.5 2.4073
6 2.3731
6.5 2.3284
7 2.2742
7.5 2.2123
8 2.1445
8.5 2.0729
9 2.015
9.5 1.9976
10 1.9737
10.5 1.9408
11 1.8974
11.5 1.843
12 1.7779
12.5 1.7034
13 1.6213
13.5 1.5342
14 1.4449
14.5 1.3634
15 1.3118
15.5 1.2576
16 1.2006
16.5 1.1412
17 1.0799
17.5 1.0175
18 0.95509
18.5 0.89391
19 0.83603
19.5 0.80591
20 0.77639
20.5 0.7461
21 0.71401
21.5 0.67957
22 0.6427
22.5 0.60376
23 0.56354
23.5 0.5231
24 0.48367
24.5 0.46077
25 0.44163
25.5 0.42234
26 0.40275
26.5 0.38298
27 0.36333
27.5 0.34426
28 0.32635
28.5 0.31375
29 0.31468
29.5 0.31649
30 0.31809
30.5 0.31858
31 0.31726
31.5 0.31374
32 0.30793
32.5 0.30003
33 0.29047
33.5 0.28182
34 0.2844
34.5 0.28551
35 0.28475
35.5 0.28194
36 0.27708
36.5 0.27039
37 0.26225
37.5 0.25316
38 0.24367
38.5 0.24106
39 0.24474
39.5 0.2478
40 0.24957
40.5 0.24951
41 0.24723
41.5 0.24256
42 0.23555
42.5 0.22642
43 0.21559
43.5 0.20362
44 0.20057
44.5 0.19776
45 0.19342
45.5 0.18748
46 0.18001
46.5 0.17124
47 0.16152
47.5 0.15129
48 0.14104
48.5 0.13154
49 0.13194
49.5 0.13257
50 0.13294
50.5 0.13264
51 0.13133
51.5 0.12883
52 0.12508
52.5 0.12014
53 0.11423
53.5 0.10762
54 0.10635
54.5 0.10687
55 0.10642
55.5 0.10488
56 0.1022
56.5 0.098491
57 0.093934
57.5 0.088811
58 0.083456
58.5 0.078223
59 0.077177
59.5 0.079795
60 0.082348
60.5 0.08451
61 0.086003
61.5 0.086621
62 0.086246
62.5 0.084852
63 0.082502
63.5 0.07934
64 0.076059
64.5 0.077062
65 0.078172
65.5 0.078357
66 0.077531
66.5 0.075698
67 0.072948
67.5 0.069443
68 0.065407
68.5 0.061098
69 0.056788
69.5 0.05443
70 0.054948
70.5 0.055715
71 0.056512
71.5 0.056909
72 0.056787
72.5 0.056074
73 0.054752
73.5 0.05286
74 0.05048
74.5 0.047734
75 0.047255
75.5 0.047634
76 0.047463
76.5 0.046682
77 0.045288
77.5 0.043331
78 0.040913
78.5 0.038168
79 0.035258
79.5 0.03273
80 0.030872
80.5 0.030195
81 0.030324
81.5 0.030251
82 0.029921
82.5 0.029759
83 0.029453
83.5 0.028871
84 0.028018
84.5 0.026924
85 0.025638
85.5 0.025887
86 0.026409
86.5 0.026629
87 0.026495
87.5 0.025985
88 0.025115
88.5 0.023925
89 0.022484
89.5 0.020879
90 0.019206
90.5 0.018067
91 0.017202
91.5 0.017346
92 0.017548
92.5 0.017587
93 0.017434
93.5 0.017079
94 0.016568
94.5 0.016266
95 0.015826
95.5 0.015263
96 0.015071
96.5 0.015712
97 0.016227
97.5 0.016563
98 0.016683
98.5 0.016566
99 0.01621
99.5 0.015633
100 0.014867
100.5 0.013958
101 0.012959
101.5 0.011931
102 0.011162
102.5 0.01113
103 0.011552
103.5 0.011874
104 0.012064
104.5 0.012098
105 0.011968
105.5 0.011674
106 0.011229
106.5 0.010922
107 0.010644
107.5 0.010952
108 0.01158
108.5 0.012186
109 0.012669
109.5 0.01299
110 0.013124
110.5 0.013056
111 0.012788
111.5 0.012337
112 0.011731
112.5 0.011012
113 0.01023
113.5 0.0094762
114 0.0095839
114.5 0.010187
115 0.010677
115.5 0.011012
116 0.01116
116.5 0.011103
117 0.010839
117.5 0.010383
118 0.0099649
118.5 0.010303
119 0.010622
119.5 0.010989
120 0.011366
120.5 0.011591
121 0.011837
121.5 0.011877
122 0.011702
122.5 0.011322
123 0.010764
123.5 0.010071
124 0.0092951
124.5 0.0088198
125 0.0084573
125.5 0.0091336
126 0.0096801
126.5 0.010044
127 0.010188
127.5 0.010095
128 0.0097654
128.5 0.0093641
129 0.0099133
129.5 0.010474
130 0.010999
130.5 0.011447
131 0.011779
131.5 0.011966
132 0.011992
132.5 0.011854
133 0.011565
133.5 0.011152
134 0.010652
134.5 0.010115
135 0.0095937
135.5 0.0091421
136 0.0091314
136.5 0.0098703
137 0.010405
137.5 0.01069
138 0.010698
138.5 0.010431
139 0.010662
139.5 0.011504
140 0.012381
140.5 0.013231
141 0.013994
141.5 0.014615
142 0.015052
142.5 0.015281
143 0.015294
143.5 0.015104
144 0.014741
144.5 0.014254
145 0.013702
145.5 0.013152
146 0.012674
146.5 0.01233
147 0.012171
147.5 0.012393
148 0.012748
148.5 0.013073
149 0.013816
149.5 0.014721
150 0.015725
150.5 0.01676
151 0.01775
151.5 0.018625
152 0.019326
152.5 0.01981
153 0.020056
153.5 0.020067
154 0.019871
154.5 0.019517
155 0.019078
155.5 0.018634
156 0.018274
156.5 0.018085
157 0.018141
157.5 0.018498
158 0.019186
158.5 0.02021
159 0.02154
159.5 0.023118
160 0.024864
160.5 0.026676
161 0.028444
161.5 0.030057
162 0.031418
162.5 0.032448
163 0.033101
163.5 0.033365
164 0.033272
164.5 0.032891
165 0.032333
165.5 0.031736
166 0.031263
166.5 0.031082
167 0.03136
167.5 0.032243
168 0.033846
168.5 0.036242
169 0.03945
169.5 0.043434
170 0.048102
170.5 0.053308
171 0.058863
171.5 0.064543
172 0.070111
172.5 0.075325
173 0.079964
173.5 0.083838
174 0.086804
174.5 0.088779
175 0.089743
175.5 0.089744
176 0.088893
176.5 0.087355
177 0.085336
177.5 0.083072
178 0.080802
178.5 0.078757
179 0.077137
179.5 0.0761
180 0.075742
