#1801 angles,  1 tensor ranks for 0=projectile
@subtitle   "28Si(d,p)29Si, 0.5+1 0.000 MeV 1s0.5"                                          
@legend ON
@legend x1 0.2
@legend y1 0.8
@g0 type LOGY
@yaxis ticklabel format power
@legend string   0 "Lab energy =   16.0000"
#legend string   0 "Partition=  1 Excit=  1 near/far= 1"
#  Theta       sigma       iT11        T20         T21         T22         Kyy for projectile
  0.1000E-01   1.000    
  0.1000       1.000    
  0.2000      0.9999    
  0.3000      0.9999    
  0.4000       1.000    
  0.5000       1.001    
  0.6000       1.001    
  0.7000       1.002    
  0.8000       1.003    
  0.9000       1.003    
   1.000       1.004    
   1.100       1.005    
   1.200       1.005    
   1.300       1.006    
   1.400       1.006    
   1.500       1.006    
   1.600       1.006    
   1.700       1.006    
   1.800       1.006    
   1.900       1.006    
   2.000       1.005    
   2.100       1.004    
   2.200       1.004    
   2.300       1.002    
   2.400       1.001    
   2.500      0.9997    
   2.600      0.9980    
   2.700      0.9962    
   2.800      0.9943    
   2.900      0.9921    
   3.000      0.9898    
   3.100      0.9873    
   3.200      0.9847    
   3.300      0.9819    
   3.400      0.9790    
   3.500      0.9759    
   3.600      0.9727    
   3.700      0.9694    
   3.800      0.9660    
   3.900      0.9624    
   4.000      0.9587    
   4.100      0.9550    
   4.200      0.9511    
   4.300      0.9471    
   4.400      0.9431    
   4.500      0.9389    
   4.600      0.9347    
   4.700      0.9305    
   4.800      0.9262    
   4.900      0.9218    
   5.000      0.9173    
   5.100      0.9129    
   5.200      0.9084    
   5.300      0.9038    
   5.400      0.8992    
   5.500      0.8947    
   5.600      0.8900    
   5.700      0.8854    
   5.800      0.8808    
   5.900      0.8762    
   6.000      0.8716    
   6.100      0.8670    
   6.200      0.8624    
   6.300      0.8578    
   6.400      0.8533    
   6.500      0.8487    
   6.600      0.8442    
   6.700      0.8398    
   6.800      0.8354    
   6.900      0.8310    
   7.000      0.8267    
   7.100      0.8224    
   7.200      0.8182    
   7.300      0.8140    
   7.400      0.8099    
   7.500      0.8059    
   7.600      0.8019    
   7.700      0.7980    
   7.800      0.7942    
   7.900      0.7905    
   8.000      0.7868    
   8.100      0.7832    
   8.200      0.7797    
   8.300      0.7763    
   8.400      0.7730    
   8.500      0.7697    
   8.600      0.7666    
   8.700      0.7635    
   8.800      0.7606    
   8.900      0.7577    
   9.000      0.7550    
   9.100      0.7523    
   9.200      0.7497    
   9.300      0.7473    
   9.400      0.7449    
   9.500      0.7427    
   9.600      0.7406    
   9.700      0.7385    
   9.800      0.7366    
   9.900      0.7348    
   10.00      0.7331    
   10.10      0.7315    
   10.20      0.7300    
   10.30      0.7286    
   10.40      0.7273    
   10.50      0.7262    
   10.60      0.7251    
   10.70      0.7242    
   10.80      0.7234    
   10.90      0.7226    
   11.00      0.7220    
   11.10      0.7215    
   11.20      0.7211    
   11.30      0.7209    
   11.40      0.7207    
   11.50      0.7206    
   11.60      0.7207    
   11.70      0.7209    
   11.80      0.7211    
   11.90      0.7215    
   12.00      0.7220    
   12.10      0.7225    
   12.20      0.7232    
   12.30      0.7240    
   12.40      0.7249    
   12.50      0.7259    
   12.60      0.7269    
   12.70      0.7281    
   12.80      0.7294    
   12.90      0.7308    
   13.00      0.7322    
   13.10      0.7338    
   13.20      0.7354    
   13.30      0.7372    
   13.40      0.7390    
   13.50      0.7409    
   13.60      0.7429    
   13.70      0.7450    
   13.80      0.7471    
   13.90      0.7494    
   14.00      0.7517    
   14.10      0.7541    
   14.20      0.7566    
   14.30      0.7591    
   14.40      0.7617    
   14.50      0.7644    
   14.60      0.7671    
   14.70      0.7699    
   14.80      0.7728    
   14.90      0.7758    
   15.00      0.7788    
   15.10      0.7818    
   15.20      0.7849    
   15.30      0.7881    
   15.40      0.7913    
   15.50      0.7945    
   15.60      0.7979    
   15.70      0.8012    
   15.80      0.8046    
   15.90      0.8080    
   16.00      0.8115    
   16.10      0.8150    
   16.20      0.8186    
   16.30      0.8221    
   16.40      0.8258    
   16.50      0.8294    
   16.60      0.8331    
   16.70      0.8367    
   16.80      0.8404    
   16.90      0.8442    
   17.00      0.8479    
   17.10      0.8517    
   17.20      0.8555    
   17.30      0.8592    
   17.40      0.8630    
   17.50      0.8668    
   17.60      0.8706    
   17.70      0.8744    
   17.80      0.8783    
   17.90      0.8821    
   18.00      0.8859    
   18.10      0.8897    
   18.20      0.8934    
   18.30      0.8972    
   18.40      0.9010    
   18.50      0.9048    
   18.60      0.9085    
   18.70      0.9122    
   18.80      0.9159    
   18.90      0.9196    
   19.00      0.9233    
   19.10      0.9269    
   19.20      0.9305    
   19.30      0.9341    
   19.40      0.9376    
   19.50      0.9411    
   19.60      0.9446    
   19.70      0.9481    
   19.80      0.9515    
   19.90      0.9548    
   20.00      0.9582    
   20.10      0.9615    
   20.20      0.9647    
   20.30      0.9679    
   20.40      0.9710    
   20.50      0.9741    
   20.60      0.9772    
   20.70      0.9802    
   20.80      0.9831    
   20.90      0.9860    
   21.00      0.9889    
   21.10      0.9917    
   21.20      0.9944    
   21.30      0.9971    
   21.40      0.9997    
   21.50       1.002    
   21.60       1.005    
   21.70       1.007    
   21.80       1.009    
   21.90       1.012    
   22.00       1.014    
   22.10       1.016    
   22.20       1.018    
   22.30       1.020    
   22.40       1.022    
   22.50       1.024    
   22.60       1.026    
   22.70       1.028    
   22.80       1.029    
   22.90       1.031    
   23.00       1.032    
   23.10       1.034    
   23.20       1.035    
   23.30       1.036    
   23.40       1.038    
   23.50       1.039    
   23.60       1.040    
   23.70       1.041    
   23.80       1.042    
   23.90       1.042    
   24.00       1.043    
   24.10       1.044    
   24.20       1.044    
   24.30       1.045    
   24.40       1.045    
   24.50       1.046    
   24.60       1.046    
   24.70       1.046    
   24.80       1.046    
   24.90       1.046    
   25.00       1.046    
   25.10       1.046    
   25.20       1.046    
   25.30       1.046    
   25.40       1.045    
   25.50       1.045    
   25.60       1.044    
   25.70       1.044    
   25.80       1.043    
   25.90       1.042    
   26.00       1.042    
   26.10       1.041    
   26.20       1.040    
   26.30       1.039    
   26.40       1.038    
   26.50       1.036    
   26.60       1.035    
   26.70       1.034    
   26.80       1.033    
   26.90       1.031    
   27.00       1.030    
   27.10       1.028    
   27.20       1.026    
   27.30       1.025    
   27.40       1.023    
   27.50       1.021    
   27.60       1.019    
   27.70       1.017    
   27.80       1.015    
   27.90       1.013    
   28.00       1.011    
   28.10       1.009    
   28.20       1.007    
   28.30       1.005    
   28.40       1.002    
   28.50      0.9999    
   28.60      0.9975    
   28.70      0.9951    
   28.80      0.9926    
   28.90      0.9900    
   29.00      0.9874    
   29.10      0.9848    
   29.20      0.9822    
   29.30      0.9795    
   29.40      0.9767    
   29.50      0.9740    
   29.60      0.9712    
   29.70      0.9684    
   29.80      0.9655    
   29.90      0.9626    
   30.00      0.9597    
   30.10      0.9568    
   30.20      0.9538    
   30.30      0.9509    
   30.40      0.9479    
   30.50      0.9449    
   30.60      0.9418    
   30.70      0.9388    
   30.80      0.9357    
   30.90      0.9327    
   31.00      0.9296    
   31.10      0.9265    
   31.20      0.9234    
   31.30      0.9204    
   31.40      0.9173    
   31.50      0.9142    
   31.60      0.9111    
   31.70      0.9080    
   31.80      0.9049    
   31.90      0.9019    
   32.00      0.8988    
   32.10      0.8957    
   32.20      0.8927    
   32.30      0.8897    
   32.40      0.8867    
   32.50      0.8837    
   32.60      0.8807    
   32.70      0.8778    
   32.80      0.8748    
   32.90      0.8719    
   33.00      0.8690    
   33.10      0.8662    
   33.20      0.8634    
   33.30      0.8606    
   33.40      0.8578    
   33.50      0.8551    
   33.60      0.8524    
   33.70      0.8497    
   33.80      0.8471    
   33.90      0.8445    
   34.00      0.8420    
   34.10      0.8395    
   34.20      0.8371    
   34.30      0.8347    
   34.40      0.8323    
   34.50      0.8300    
   34.60      0.8278    
   34.70      0.8256    
   34.80      0.8234    
   34.90      0.8214    
   35.00      0.8193    
   35.10      0.8174    
   35.20      0.8154    
   35.30      0.8136    
   35.40      0.8118    
   35.50      0.8100    
   35.60      0.8084    
   35.70      0.8068    
   35.80      0.8052    
   35.90      0.8038    
   36.00      0.8024    
   36.10      0.8010    
   36.20      0.7998    
   36.30      0.7986    
   36.40      0.7974    
   36.50      0.7964    
   36.60      0.7954    
   36.70      0.7945    
   36.80      0.7937    
   36.90      0.7930    
   37.00      0.7923    
   37.10      0.7917    
   37.20      0.7912    
   37.30      0.7907    
   37.40      0.7904    
   37.50      0.7901    
   37.60      0.7899    
   37.70      0.7898    
   37.80      0.7898    
   37.90      0.7898    
   38.00      0.7899    
   38.10      0.7902    
   38.20      0.7905    
   38.30      0.7908    
   38.40      0.7913    
   38.50      0.7919    
   38.60      0.7925    
   38.70      0.7932    
   38.80      0.7940    
   38.90      0.7949    
   39.00      0.7959    
   39.10      0.7969    
   39.20      0.7981    
   39.30      0.7993    
   39.40      0.8006    
   39.50      0.8020    
   39.60      0.8035    
   39.70      0.8051    
   39.80      0.8067    
   39.90      0.8084    
   40.00      0.8102    
   40.10      0.8121    
   40.20      0.8141    
   40.30      0.8162    
   40.40      0.8183    
   40.50      0.8206    
   40.60      0.8229    
   40.70      0.8253    
   40.80      0.8277    
   40.90      0.8303    
   41.00      0.8329    
   41.10      0.8356    
   41.20      0.8384    
   41.30      0.8412    
   41.40      0.8442    
   41.50      0.8472    
   41.60      0.8503    
   41.70      0.8534    
   41.80      0.8566    
   41.90      0.8599    
   42.00      0.8633    
   42.10      0.8668    
   42.20      0.8703    
   42.30      0.8738    
   42.40      0.8775    
   42.50      0.8812    
   42.60      0.8850    
   42.70      0.8888    
   42.80      0.8927    
   42.90      0.8967    
   43.00      0.9007    
   43.10      0.9048    
   43.20      0.9089    
   43.30      0.9131    
   43.40      0.9174    
   43.50      0.9217    
   43.60      0.9260    
   43.70      0.9304    
   43.80      0.9349    
   43.90      0.9394    
   44.00      0.9440    
   44.10      0.9486    
   44.20      0.9532    
   44.30      0.9579    
   44.40      0.9626    
   44.50      0.9674    
   44.60      0.9722    
   44.70      0.9771    
   44.80      0.9820    
   44.90      0.9869    
   45.00      0.9918    
   45.10      0.9968    
   45.20       1.002    
   45.30       1.007    
   45.40       1.012    
   45.50       1.017    
   45.60       1.022    
   45.70       1.027    
   45.80       1.033    
   45.90       1.038    
   46.00       1.043    
   46.10       1.048    
   46.20       1.053    
   46.30       1.059    
   46.40       1.064    
   46.50       1.069    
   46.60       1.075    
   46.70       1.080    
   46.80       1.085    
   46.90       1.091    
   47.00       1.096    
   47.10       1.101    
   47.20       1.107    
   47.30       1.112    
   47.40       1.117    
   47.50       1.123    
   47.60       1.128    
   47.70       1.133    
   47.80       1.139    
   47.90       1.144    
   48.00       1.149    
   48.10       1.155    
   48.20       1.160    
   48.30       1.165    
   48.40       1.170    
   48.50       1.176    
   48.60       1.181    
   48.70       1.186    
   48.80       1.191    
   48.90       1.197    
   49.00       1.202    
   49.10       1.207    
   49.20       1.212    
   49.30       1.217    
   49.40       1.222    
   49.50       1.227    
   49.60       1.232    
   49.70       1.237    
   49.80       1.242    
   49.90       1.247    
   50.00       1.252    
   50.10       1.257    
   50.20       1.262    
   50.30       1.267    
   50.40       1.272    
   50.50       1.276    
   50.60       1.281    
   50.70       1.286    
   50.80       1.291    
   50.90       1.295    
   51.00       1.300    
   51.10       1.304    
   51.20       1.309    
   51.30       1.313    
   51.40       1.318    
   51.50       1.322    
   51.60       1.327    
   51.70       1.331    
   51.80       1.335    
   51.90       1.340    
   52.00       1.344    
   52.10       1.348    
   52.20       1.352    
   52.30       1.356    
   52.40       1.360    
   52.50       1.365    
   52.60       1.369    
   52.70       1.373    
   52.80       1.376    
   52.90       1.380    
   53.00       1.384    
   53.10       1.388    
   53.20       1.392    
   53.30       1.396    
   53.40       1.399    
   53.50       1.403    
   53.60       1.407    
   53.70       1.410    
   53.80       1.414    
   53.90       1.417    
   54.00       1.421    
   54.10       1.424    
   54.20       1.428    
   54.30       1.431    
   54.40       1.435    
   54.50       1.438    
   54.60       1.441    
   54.70       1.445    
   54.80       1.448    
   54.90       1.451    
   55.00       1.454    
   55.10       1.458    
   55.20       1.461    
   55.30       1.464    
   55.40       1.467    
   55.50       1.470    
   55.60       1.473    
   55.70       1.476    
   55.80       1.479    
   55.90       1.482    
   56.00       1.485    
   56.10       1.488    
   56.20       1.491    
   56.30       1.494    
   56.40       1.497    
   56.50       1.500    
   56.60       1.503    
   56.70       1.506    
   56.80       1.509    
   56.90       1.511    
   57.00       1.514    
   57.10       1.517    
   57.20       1.520    
   57.30       1.523    
   57.40       1.526    
   57.50       1.529    
   57.60       1.532    
   57.70       1.534    
   57.80       1.537    
   57.90       1.540    
   58.00       1.543    
   58.10       1.546    
   58.20       1.549    
   58.30       1.552    
   58.40       1.555    
   58.50       1.558    
   58.60       1.561    
   58.70       1.564    
   58.80       1.567    
   58.90       1.570    
   59.00       1.573    
   59.10       1.576    
   59.20       1.579    
   59.30       1.582    
   59.40       1.585    
   59.50       1.588    
   59.60       1.591    
   59.70       1.594    
   59.80       1.598    
   59.90       1.601    
   60.00       1.604    
   60.10       1.608    
   60.20       1.611    
   60.30       1.614    
   60.40       1.618    
   60.50       1.621    
   60.60       1.625    
   60.70       1.628    
   60.80       1.632    
   60.90       1.636    
   61.00       1.639    
   61.10       1.643    
   61.20       1.647    
   61.30       1.651    
   61.40       1.655    
   61.50       1.658    
   61.60       1.662    
   61.70       1.666    
   61.80       1.671    
   61.90       1.675    
   62.00       1.679    
   62.10       1.683    
   62.20       1.687    
   62.30       1.692    
   62.40       1.696    
   62.50       1.701    
   62.60       1.705    
   62.70       1.710    
   62.80       1.714    
   62.90       1.719    
   63.00       1.724    
   63.10       1.729    
   63.20       1.734    
   63.30       1.739    
   63.40       1.744    
   63.50       1.749    
   63.60       1.754    
   63.70       1.759    
   63.80       1.764    
   63.90       1.770    
   64.00       1.775    
   64.10       1.781    
   64.20       1.786    
   64.30       1.792    
   64.40       1.798    
   64.50       1.803    
   64.60       1.809    
   64.70       1.815    
   64.80       1.821    
   64.90       1.827    
   65.00       1.833    
   65.10       1.839    
   65.20       1.845    
   65.30       1.851    
   65.40       1.858    
   65.50       1.864    
   65.60       1.871    
   65.70       1.877    
   65.80       1.884    
   65.90       1.890    
   66.00       1.897    
   66.10       1.904    
   66.20       1.910    
   66.30       1.917    
   66.40       1.924    
   66.50       1.931    
   66.60       1.938    
   66.70       1.945    
   66.80       1.952    
   66.90       1.960    
   67.00       1.967    
   67.10       1.974    
   67.20       1.981    
   67.30       1.989    
   67.40       1.996    
   67.50       2.004    
   67.60       2.011    
   67.70       2.019    
   67.80       2.026    
   67.90       2.034    
   68.00       2.042    
   68.10       2.049    
   68.20       2.057    
   68.30       2.065    
   68.40       2.073    
   68.50       2.081    
   68.60       2.088    
   68.70       2.096    
   68.80       2.104    
   68.90       2.112    
   69.00       2.120    
   69.10       2.128    
   69.20       2.136    
   69.30       2.144    
   69.40       2.152    
   69.50       2.160    
   69.60       2.168    
   69.70       2.177    
   69.80       2.185    
   69.90       2.193    
   70.00       2.201    
   70.10       2.209    
   70.20       2.217    
   70.30       2.225    
   70.40       2.233    
   70.50       2.241    
   70.60       2.250    
   70.70       2.258    
   70.80       2.266    
   70.90       2.274    
   71.00       2.282    
   71.10       2.290    
   71.20       2.298    
   71.30       2.306    
   71.40       2.314    
   71.50       2.322    
   71.60       2.330    
   71.70       2.338    
   71.80       2.346    
   71.90       2.354    
   72.00       2.361    
   72.10       2.369    
   72.20       2.377    
   72.30       2.385    
   72.40       2.392    
   72.50       2.400    
   72.60       2.408    
   72.70       2.415    
   72.80       2.423    
   72.90       2.430    
   73.00       2.437    
   73.10       2.445    
   73.20       2.452    
   73.30       2.459    
   73.40       2.466    
   73.50       2.474    
   73.60       2.481    
   73.70       2.488    
   73.80       2.494    
   73.90       2.501    
   74.00       2.508    
   74.10       2.515    
   74.20       2.521    
   74.30       2.528    
   74.40       2.534    
   74.50       2.541    
   74.60       2.547    
   74.70       2.553    
   74.80       2.560    
   74.90       2.566    
   75.00       2.572    
   75.10       2.578    
   75.20       2.583    
   75.30       2.589    
   75.40       2.595    
   75.50       2.600    
   75.60       2.606    
   75.70       2.611    
   75.80       2.617    
   75.90       2.622    
   76.00       2.627    
   76.10       2.632    
   76.20       2.637    
   76.30       2.642    
   76.40       2.647    
   76.50       2.651    
   76.60       2.656    
   76.70       2.661    
   76.80       2.665    
   76.90       2.669    
   77.00       2.674    
   77.10       2.678    
   77.20       2.682    
   77.30       2.686    
   77.40       2.689    
   77.50       2.693    
   77.60       2.697    
   77.70       2.700    
   77.80       2.704    
   77.90       2.707    
   78.00       2.711    
   78.10       2.714    
   78.20       2.717    
   78.30       2.720    
   78.40       2.723    
   78.50       2.726    
   78.60       2.729    
   78.70       2.731    
   78.80       2.734    
   78.90       2.736    
   79.00       2.739    
   79.10       2.741    
   79.20       2.743    
   79.30       2.746    
   79.40       2.748    
   79.50       2.750    
   79.60       2.752    
   79.70       2.754    
   79.80       2.756    
   79.90       2.757    
   80.00       2.759    
   80.10       2.761    
   80.20       2.762    
   80.30       2.764    
   80.40       2.765    
   80.50       2.767    
   80.60       2.768    
   80.70       2.769    
   80.80       2.771    
   80.90       2.772    
   81.00       2.773    
   81.10       2.774    
   81.20       2.775    
   81.30       2.777    
   81.40       2.778    
   81.50       2.779    
   81.60       2.780    
   81.70       2.781    
   81.80       2.782    
   81.90       2.783    
   82.00       2.783    
   82.10       2.784    
   82.20       2.785    
   82.30       2.786    
   82.40       2.787    
   82.50       2.788    
   82.60       2.789    
   82.70       2.790    
   82.80       2.791    
   82.90       2.792    
   83.00       2.793    
   83.10       2.794    
   83.20       2.795    
   83.30       2.796    
   83.40       2.797    
   83.50       2.798    
   83.60       2.799    
   83.70       2.801    
   83.80       2.802    
   83.90       2.803    
   84.00       2.805    
   84.10       2.806    
   84.20       2.808    
   84.30       2.809    
   84.40       2.811    
   84.50       2.813    
   84.60       2.814    
   84.70       2.816    
   84.80       2.818    
   84.90       2.820    
   85.00       2.822    
   85.10       2.825    
   85.20       2.827    
   85.30       2.830    
   85.40       2.832    
   85.50       2.835    
   85.60       2.838    
   85.70       2.841    
   85.80       2.844    
   85.90       2.847    
   86.00       2.850    
   86.10       2.854    
   86.20       2.858    
   86.30       2.861    
   86.40       2.865    
   86.50       2.869    
   86.60       2.874    
   86.70       2.878    
   86.80       2.883    
   86.90       2.887    
   87.00       2.892    
   87.10       2.897    
   87.20       2.903    
   87.30       2.908    
   87.40       2.914    
   87.50       2.920    
   87.60       2.926    
   87.70       2.932    
   87.80       2.938    
   87.90       2.945    
   88.00       2.952    
   88.10       2.959    
   88.20       2.966    
   88.30       2.973    
   88.40       2.981    
   88.50       2.989    
   88.60       2.997    
   88.70       3.005    
   88.80       3.014    
   88.90       3.023    
   89.00       3.032    
   89.10       3.041    
   89.20       3.051    
   89.30       3.060    
   89.40       3.070    
   89.50       3.081    
   89.60       3.091    
   89.70       3.102    
   89.80       3.113    
   89.90       3.124    
   90.00       3.136    
   90.10       3.147    
   90.20       3.159    
   90.30       3.172    
   90.40       3.184    
   90.50       3.197    
   90.60       3.210    
   90.70       3.223    
   90.80       3.237    
   90.90       3.251    
   91.00       3.265    
   91.10       3.279    
   91.20       3.294    
   91.30       3.309    
   91.40       3.324    
   91.50       3.340    
   91.60       3.355    
   91.70       3.371    
   91.80       3.388    
   91.90       3.404    
   92.00       3.421    
   92.10       3.438    
   92.20       3.455    
   92.30       3.473    
   92.40       3.491    
   92.50       3.509    
   92.60       3.527    
   92.70       3.546    
   92.80       3.565    
   92.90       3.584    
   93.00       3.604    
   93.10       3.623    
   93.20       3.643    
   93.30       3.664    
   93.40       3.684    
   93.50       3.705    
   93.60       3.726    
   93.70       3.747    
   93.80       3.769    
   93.90       3.791    
   94.00       3.813    
   94.10       3.835    
   94.20       3.857    
   94.30       3.880    
   94.40       3.903    
   94.50       3.926    
   94.60       3.950    
   94.70       3.973    
   94.80       3.997    
   94.90       4.021    
   95.00       4.046    
   95.10       4.070    
   95.20       4.095    
   95.30       4.120    
   95.40       4.145    
   95.50       4.170    
   95.60       4.196    
   95.70       4.222    
   95.80       4.248    
   95.90       4.274    
   96.00       4.300    
   96.10       4.327    
   96.20       4.353    
   96.30       4.380    
   96.40       4.407    
   96.50       4.434    
   96.60       4.462    
   96.70       4.489    
   96.80       4.517    
   96.90       4.545    
   97.00       4.572    
   97.10       4.601    
   97.20       4.629    
   97.30       4.657    
   97.40       4.686    
   97.50       4.714    
   97.60       4.743    
   97.70       4.772    
   97.80       4.801    
   97.90       4.830    
   98.00       4.859    
   98.10       4.888    
   98.20       4.917    
   98.30       4.947    
   98.40       4.976    
   98.50       5.006    
   98.60       5.035    
   98.70       5.065    
   98.80       5.095    
   98.90       5.124    
   99.00       5.154    
   99.10       5.184    
   99.20       5.214    
   99.30       5.244    
   99.40       5.274    
   99.50       5.304    
   99.60       5.334    
   99.70       5.364    
   99.80       5.394    
   99.90       5.425    
   100.0       5.455    
   100.1       5.485    
   100.2       5.515    
   100.3       5.545    
   100.4       5.575    
   100.5       5.605    
   100.6       5.635    
   100.7       5.665    
   100.8       5.696    
   100.9       5.726    
   101.0       5.756    
   101.1       5.785    
   101.2       5.815    
   101.3       5.845    
   101.4       5.875    
   101.5       5.905    
   101.6       5.935    
   101.7       5.964    
   101.8       5.994    
   101.9       6.023    
   102.0       6.053    
   102.1       6.082    
   102.2       6.112    
   102.3       6.141    
   102.4       6.170    
   102.5       6.199    
   102.6       6.228    
   102.7       6.257    
   102.8       6.286    
   102.9       6.315    
   103.0       6.344    
   103.1       6.372    
   103.2       6.401    
   103.3       6.429    
   103.4       6.458    
   103.5       6.486    
   103.6       6.514    
   103.7       6.542    
   103.8       6.570    
   103.9       6.598    
   104.0       6.626    
   104.1       6.654    
   104.2       6.682    
   104.3       6.709    
   104.4       6.737    
   104.5       6.764    
   104.6       6.791    
   104.7       6.819    
   104.8       6.846    
   104.9       6.873    
   105.0       6.900    
   105.1       6.927    
   105.2       6.954    
   105.3       6.980    
   105.4       7.007    
   105.5       7.034    
   105.6       7.060    
   105.7       7.087    
   105.8       7.113    
   105.9       7.139    
   106.0       7.166    
   106.1       7.192    
   106.2       7.218    
   106.3       7.244    
   106.4       7.270    
   106.5       7.297    
   106.6       7.323    
   106.7       7.349    
   106.8       7.375    
   106.9       7.401    
   107.0       7.427    
   107.1       7.452    
   107.2       7.478    
   107.3       7.504    
   107.4       7.530    
   107.5       7.556    
   107.6       7.582    
   107.7       7.608    
   107.8       7.634    
   107.9       7.661    
   108.0       7.687    
   108.1       7.713    
   108.2       7.739    
   108.3       7.766    
   108.4       7.792    
   108.5       7.819    
   108.6       7.845    
   108.7       7.872    
   108.8       7.899    
   108.9       7.926    
   109.0       7.953    
   109.1       7.980    
   109.2       8.007    
   109.3       8.035    
   109.4       8.062    
   109.5       8.090    
   109.6       8.118    
   109.7       8.146    
   109.8       8.174    
   109.9       8.203    
   110.0       8.232    
   110.1       8.261    
   110.2       8.290    
   110.3       8.319    
   110.4       8.349    
   110.5       8.379    
   110.6       8.409    
   110.7       8.440    
   110.8       8.471    
   110.9       8.502    
   111.0       8.533    
   111.1       8.565    
   111.2       8.597    
   111.3       8.629    
   111.4       8.662    
   111.5       8.695    
   111.6       8.728    
   111.7       8.762    
   111.8       8.796    
   111.9       8.831    
   112.0       8.866    
   112.1       8.902    
   112.2       8.937    
   112.3       8.974    
   112.4       9.010    
   112.5       9.048    
   112.6       9.085    
   112.7       9.124    
   112.8       9.162    
   112.9       9.201    
   113.0       9.241    
   113.1       9.281    
   113.2       9.322    
   113.3       9.363    
   113.4       9.405    
   113.5       9.447    
   113.6       9.490    
   113.7       9.534    
   113.8       9.578    
   113.9       9.623    
   114.0       9.668    
   114.1       9.714    
   114.2       9.760    
   114.3       9.807    
   114.4       9.855    
   114.5       9.903    
   114.6       9.952    
   114.7       10.00    
   114.8       10.05    
   114.9       10.10    
   115.0       10.16    
   115.1       10.21    
   115.2       10.26    
   115.3       10.31    
   115.4       10.37    
   115.5       10.42    
   115.6       10.48    
   115.7       10.54    
   115.8       10.59    
   115.9       10.65    
   116.0       10.71    
   116.1       10.77    
   116.2       10.83    
   116.3       10.89    
   116.4       10.95    
   116.5       11.02    
   116.6       11.08    
   116.7       11.14    
   116.8       11.21    
   116.9       11.27    
   117.0       11.34    
   117.1       11.41    
   117.2       11.48    
   117.3       11.54    
   117.4       11.61    
   117.5       11.68    
   117.6       11.76    
   117.7       11.83    
   117.8       11.90    
   117.9       11.97    
   118.0       12.05    
   118.1       12.12    
   118.2       12.20    
   118.3       12.27    
   118.4       12.35    
   118.5       12.43    
   118.6       12.51    
   118.7       12.59    
   118.8       12.67    
   118.9       12.75    
   119.0       12.83    
   119.1       12.91    
   119.2       12.99    
   119.3       13.08    
   119.4       13.16    
   119.5       13.25    
   119.6       13.33    
   119.7       13.42    
   119.8       13.51    
   119.9       13.59    
   120.0       13.68    
   120.1       13.77    
   120.2       13.86    
   120.3       13.95    
   120.4       14.04    
   120.5       14.13    
   120.6       14.23    
   120.7       14.32    
   120.8       14.41    
   120.9       14.51    
   121.0       14.60    
   121.1       14.70    
   121.2       14.79    
   121.3       14.89    
   121.4       14.98    
   121.5       15.08    
   121.6       15.18    
   121.7       15.28    
   121.8       15.37    
   121.9       15.47    
   122.0       15.57    
   122.1       15.67    
   122.2       15.77    
   122.3       15.87    
   122.4       15.97    
   122.5       16.07    
   122.6       16.17    
   122.7       16.27    
   122.8       16.37    
   122.9       16.48    
   123.0       16.58    
   123.1       16.68    
   123.2       16.78    
   123.3       16.88    
   123.4       16.99    
   123.5       17.09    
   123.6       17.19    
   123.7       17.29    
   123.8       17.40    
   123.9       17.50    
   124.0       17.60    
   124.1       17.71    
   124.2       17.81    
   124.3       17.91    
   124.4       18.01    
   124.5       18.11    
   124.6       18.22    
   124.7       18.32    
   124.8       18.42    
   124.9       18.52    
   125.0       18.62    
   125.1       18.72    
   125.2       18.82    
   125.3       18.93    
   125.4       19.03    
   125.5       19.13    
   125.6       19.22    
   125.7       19.32    
   125.8       19.42    
   125.9       19.52    
   126.0       19.62    
   126.1       19.71    
   126.2       19.81    
   126.3       19.91    
   126.4       20.00    
   126.5       20.10    
   126.6       20.19    
   126.7       20.28    
   126.8       20.38    
   126.9       20.47    
   127.0       20.56    
   127.1       20.65    
   127.2       20.74    
   127.3       20.83    
   127.4       20.92    
   127.5       21.01    
   127.6       21.10    
   127.7       21.18    
   127.8       21.27    
   127.9       21.35    
   128.0       21.43    
   128.1       21.52    
   128.2       21.60    
   128.3       21.68    
   128.4       21.76    
   128.5       21.84    
   128.6       21.92    
   128.7       21.99    
   128.8       22.07    
   128.9       22.14    
   129.0       22.22    
   129.1       22.29    
   129.2       22.36    
   129.3       22.43    
   129.4       22.50    
   129.5       22.57    
   129.6       22.64    
   129.7       22.71    
   129.8       22.77    
   129.9       22.83    
   130.0       22.90    
   130.1       22.96    
   130.2       23.02    
   130.3       23.08    
   130.4       23.14    
   130.5       23.20    
   130.6       23.25    
   130.7       23.31    
   130.8       23.36    
   130.9       23.42    
   131.0       23.47    
   131.1       23.52    
   131.2       23.57    
   131.3       23.62    
   131.4       23.67    
   131.5       23.72    
   131.6       23.76    
   131.7       23.81    
   131.8       23.85    
   131.9       23.89    
   132.0       23.94    
   132.1       23.98    
   132.2       24.02    
   132.3       24.06    
   132.4       24.10    
   132.5       24.14    
   132.6       24.17    
   132.7       24.21    
   132.8       24.25    
   132.9       24.28    
   133.0       24.32    
   133.1       24.35    
   133.2       24.38    
   133.3       24.42    
   133.4       24.45    
   133.5       24.48    
   133.6       24.51    
   133.7       24.55    
   133.8       24.58    
   133.9       24.61    
   134.0       24.64    
   134.1       24.67    
   134.2       24.70    
   134.3       24.73    
   134.4       24.76    
   134.5       24.79    
   134.6       24.83    
   134.7       24.86    
   134.8       24.89    
   134.9       24.92    
   135.0       24.95    
   135.1       24.99    
   135.2       25.02    
   135.3       25.06    
   135.4       25.09    
   135.5       25.13    
   135.6       25.17    
   135.7       25.21    
   135.8       25.25    
   135.9       25.29    
   136.0       25.33    
   136.1       25.37    
   136.2       25.42    
   136.3       25.47    
   136.4       25.51    
   136.5       25.56    
   136.6       25.62    
   136.7       25.67    
   136.8       25.73    
   136.9       25.79    
   137.0       25.85    
   137.1       25.91    
   137.2       25.98    
   137.3       26.05    
   137.4       26.12    
   137.5       26.20    
   137.6       26.28    
   137.7       26.36    
   137.8       26.44    
   137.9       26.53    
   138.0       26.62    
   138.1       26.72    
   138.2       26.82    
   138.3       26.93    
   138.4       27.04    
   138.5       27.15    
   138.6       27.27    
   138.7       27.39    
   138.8       27.52    
   138.9       27.65    
   139.0       27.79    
   139.1       27.93    
   139.2       28.08    
   139.3       28.23    
   139.4       28.39    
   139.5       28.56    
   139.6       28.73    
   139.7       28.91    
   139.8       29.10    
   139.9       29.29    
   140.0       29.49    
   140.1       29.70    
   140.2       29.91    
   140.3       30.13    
   140.4       30.36    
   140.5       30.60    
   140.6       30.84    
   140.7       31.10    
   140.8       31.36    
   140.9       31.63    
   141.0       31.91    
   141.1       32.20    
   141.2       32.50    
   141.3       32.80    
   141.4       33.12    
   141.5       33.45    
   141.6       33.79    
   141.7       34.13    
   141.8       34.49    
   141.9       34.86    
   142.0       35.24    
   142.1       35.63    
   142.2       36.04    
   142.3       36.45    
   142.4       36.88    
   142.5       37.32    
   142.6       37.77    
   142.7       38.23    
   142.8       38.71    
   142.9       39.20    
   143.0       39.70    
   143.1       40.22    
   143.2       40.75    
   143.3       41.30    
   143.4       41.85    
   143.5       42.43    
   143.6       43.02    
   143.7       43.62    
   143.8       44.24    
   143.9       44.87    
   144.0       45.52    
   144.1       46.19    
   144.2       46.87    
   144.3       47.57    
   144.4       48.29    
   144.5       49.02    
   144.6       49.77    
   144.7       50.54    
   144.8       51.32    
   144.9       52.13    
   145.0       52.95    
   145.1       53.79    
   145.2       54.65    
   145.3       55.53    
   145.4       56.42    
   145.5       57.34    
   145.6       58.28    
   145.7       59.23    
   145.8       60.21    
   145.9       61.21    
   146.0       62.23    
   146.1       63.27    
   146.2       64.33    
   146.3       65.41    
   146.4       66.52    
   146.5       67.64    
   146.6       68.79    
   146.7       69.97    
   146.8       71.16    
   146.9       72.38    
   147.0       73.62    
   147.1       74.88    
   147.2       76.17    
   147.3       77.49    
   147.4       78.82    
   147.5       80.18    
   147.6       81.57    
   147.7       82.98    
   147.8       84.42    
   147.9       85.88    
   148.0       87.37    
   148.1       88.89    
   148.2       90.43    
   148.3       92.00    
   148.4       93.59    
   148.5       95.21    
   148.6       96.86    
   148.7       98.54    
   148.8       100.2    
   148.9       102.0    
   149.0       103.7    
   149.1       105.5    
   149.2       107.3    
   149.3       109.2    
   149.4       111.1    
   149.5       113.0    
   149.6       114.9    
   149.7       116.9    
   149.8       118.9    
   149.9       120.9    
   150.0       122.9    
   150.1       125.0    
   150.2       127.1    
   150.3       129.3    
   150.4       131.4    
   150.5       133.7    
   150.6       135.9    
   150.7       138.2    
   150.8       140.5    
   150.9       142.8    
   151.0       145.2    
   151.1       147.6    
   151.2       150.0    
   151.3       152.5    
   151.4       155.0    
   151.5       157.5    
   151.6       160.0    
   151.7       162.6    
   151.8       165.3    
   151.9       167.9    
   152.0       170.6    
   152.1       173.4    
   152.2       176.1    
   152.3       178.9    
   152.4       181.7    
   152.5       184.6    
   152.6       187.5    
   152.7       190.4    
   152.8       193.4    
   152.9       196.4    
   153.0       199.5    
   153.1       202.5    
   153.2       205.6    
   153.3       208.8    
   153.4       212.0    
   153.5       215.2    
   153.6       218.4    
   153.7       221.7    
   153.8       225.0    
   153.9       228.4    
   154.0       231.7    
   154.1       235.2    
   154.2       238.6    
   154.3       242.1    
   154.4       245.7    
   154.5       249.2    
   154.6       252.8    
   154.7       256.5    
   154.8       260.1    
   154.9       263.8    
   155.0       267.6    
   155.1       271.3    
   155.2       275.2    
   155.3       279.0    
   155.4       282.9    
   155.5       286.8    
   155.6       290.8    
   155.7       294.7    
   155.8       298.8    
   155.9       302.8    
   156.0       306.9    
   156.1       311.0    
   156.2       315.2    
   156.3       319.4    
   156.4       323.6    
   156.5       327.9    
   156.6       332.2    
   156.7       336.5    
   156.8       340.9    
   156.9       345.3    
   157.0       349.7    
   157.1       354.2    
   157.2       358.7    
   157.3       363.2    
   157.4       367.8    
   157.5       372.4    
   157.6       377.0    
   157.7       381.7    
   157.8       386.4    
   157.9       391.1    
   158.0       395.9    
   158.1       400.7    
   158.2       405.5    
   158.3       410.4    
   158.4       415.3    
   158.5       420.2    
   158.6       425.1    
   158.7       430.1    
   158.8       435.1    
   158.9       440.2    
   159.0       445.2    
   159.1       450.3    
   159.2       455.5    
   159.3       460.6    
   159.4       465.8    
   159.5       471.0    
   159.6       476.3    
   159.7       481.5    
   159.8       486.8    
   159.9       492.2    
   160.0       497.5    
   160.1       502.9    
   160.2       508.3    
   160.3       513.7    
   160.4       519.2    
   160.5       524.7    
   160.6       530.2    
   160.7       535.7    
   160.8       541.2    
   160.9       546.8    
   161.0       552.4    
   161.1       558.0    
   161.2       563.7    
   161.3       569.3    
   161.4       575.0    
   161.5       580.7    
   161.6       586.5    
   161.7       592.2    
   161.8       598.0    
   161.9       603.8    
   162.0       609.6    
   162.1       615.4    
   162.2       621.2    
   162.3       627.1    
   162.4       633.0    
   162.5       638.9    
   162.6       644.8    
   162.7       650.7    
   162.8       656.6    
   162.9       662.6    
   163.0       668.6    
   163.1       674.5    
   163.2       680.5    
   163.3       686.5    
   163.4       692.5    
   163.5       698.6    
   163.6       704.6    
   163.7       710.7    
   163.8       716.7    
   163.9       722.8    
   164.0       728.9    
   164.1       735.0    
   164.2       741.0    
   164.3       747.1    
   164.4       753.3    
   164.5       759.4    
   164.6       765.5    
   164.7       771.6    
   164.8       777.7    
   164.9       783.9    
   165.0       790.0    
   165.1       796.1    
   165.2       802.3    
   165.3       808.4    
   165.4       814.5    
   165.5       820.7    
   165.6       826.8    
   165.7       832.9    
   165.8       839.1    
   165.9       845.2    
   166.0       851.3    
   166.1       857.5    
   166.2       863.6    
   166.3       869.7    
   166.4       875.8    
   166.5       881.9    
   166.6       888.0    
   166.7       894.1    
   166.8       900.2    
   166.9       906.2    
   167.0       912.3    
   167.1       918.3    
   167.2       924.4    
   167.3       930.4    
   167.4       936.4    
   167.5       942.4    
   167.6       948.4    
   167.7       954.4    
   167.8       960.3    
   167.9       966.3    
   168.0       972.2    
   168.1       978.1    
   168.2       984.0    
   168.3       989.9    
   168.4       995.8    
   168.5       1002.    
   168.6       1007.    
   168.7       1013.    
   168.8       1019.    
   168.9       1025.    
   169.0       1030.    
   169.1       1036.    
   169.2       1042.    
   169.3       1048.    
   169.4       1053.    
   169.5       1059.    
   169.6       1064.    
   169.7       1070.    
   169.8       1075.    
   169.9       1081.    
   170.0       1086.    
   170.1       1092.    
   170.2       1097.    
   170.3       1103.    
   170.4       1108.    
   170.5       1113.    
   170.6       1119.    
   170.7       1124.    
   170.8       1129.    
   170.9       1134.    
   171.0       1139.    
   171.1       1144.    
   171.2       1150.    
   171.3       1155.    
   171.4       1160.    
   171.5       1165.    
   171.6       1169.    
   171.7       1174.    
   171.8       1179.    
   171.9       1184.    
   172.0       1189.    
   172.1       1193.    
   172.2       1198.    
   172.3       1203.    
   172.4       1207.    
   172.5       1212.    
   172.6       1216.    
   172.7       1221.    
   172.8       1225.    
   172.9       1229.    
   173.0       1234.    
   173.1       1238.    
   173.2       1242.    
   173.3       1246.    
   173.4       1251.    
   173.5       1255.    
   173.6       1259.    
   173.7       1263.    
   173.8       1266.    
   173.9       1270.    
   174.0       1274.    
   174.1       1278.    
   174.2       1282.    
   174.3       1285.    
   174.4       1289.    
   174.5       1292.    
   174.6       1296.    
   174.7       1299.    
   174.8       1303.    
   174.9       1306.    
   175.0       1309.    
   175.1       1312.    
   175.2       1316.    
   175.3       1319.    
   175.4       1322.    
   175.5       1325.    
   175.6       1328.    
   175.7       1330.    
   175.8       1333.    
   175.9       1336.    
   176.0       1339.    
   176.1       1341.    
   176.2       1344.    
   176.3       1346.    
   176.4       1349.    
   176.5       1351.    
   176.6       1353.    
   176.7       1355.    
   176.8       1358.    
   176.9       1360.    
   177.0       1362.    
   177.1       1364.    
   177.2       1366.    
   177.3       1367.    
   177.4       1369.    
   177.5       1371.    
   177.6       1373.    
   177.7       1374.    
   177.8       1376.    
   177.9       1377.    
   178.0       1379.    
   178.1       1380.    
   178.2       1381.    
   178.3       1382.    
   178.4       1383.    
   178.5       1384.    
   178.6       1385.    
   178.7       1386.    
   178.8       1387.    
   178.9       1388.    
   179.0       1389.    
   179.1       1389.    
   179.2       1390.    
   179.3       1390.    
   179.4       1391.    
   179.5       1391.    
   179.6       1392.    
   179.7       1392.    
   179.8       1392.    
   179.9       1392.    
   180.0       1392.    
 END
