 Mean Elastic Optical Potential generated            1
         276  0.20000000000000001        0.00000000    
  0.0000E+00  0.0000E+00 -2.2947-137  0.0000E+00 -8.8820-137  0.0000E+00
 -1.6636-136  0.0000E+00 -9.7217-137  0.0000E+00  7.0383-136  0.0000E+00
  4.0523-135  0.0000E+00  1.4897-134  0.0000E+00  4.5047-134  0.0000E+00
  1.1757-133  0.0000E+00  2.5836-133  0.0000E+00  4.0550-133  0.0000E+00
 -5.3748-134  0.0000E+00 -4.2128-132  0.0000E+00 -2.4931-131  0.0000E+00
 -1.1072-130  0.0000E+00 -4.3408-130  0.0000E+00 -1.5841-129  0.0000E+00
 -5.5136-129  0.0000E+00 -1.8553-128  0.0000E+00 -6.0863-128  0.0000E+00
 -1.9572-127  0.0000E+00 -6.1927-127  0.0000E+00 -1.9328-126  0.0000E+00
 -5.9610-126  0.0000E+00 -1.8193-125  0.0000E+00 -5.5011-125  0.0000E+00
 -1.6497-124  0.0000E+00 -4.9112-124  0.0000E+00 -1.4528-123  0.0000E+00
 -4.2735-123  0.0000E+00 -1.2510-122  0.0000E+00 -3.6461-122  0.0000E+00
 -1.0586-121  0.0000E+00 -3.0633-121  0.0000E+00 -8.8368-121  0.0000E+00
 -2.5421-120  0.0000E+00 -7.2948-120  0.0000E+00 -2.0885-119  0.0000E+00
 -5.9669-119  0.0000E+00 -1.7015-118  0.0000E+00 -4.8431-118  0.0000E+00
 -1.3763-117  0.0000E+00 -3.9053-117  0.0000E+00 -1.1066-116  0.0000E+00
 -3.1314-116  0.0000E+00 -8.8505-116  0.0000E+00 -2.4987-115  0.0000E+00
 -7.0467-115  0.0000E+00 -1.9853-114  0.0000E+00 -5.5883-114  0.0000E+00
 -1.5716-113  0.0000E+00 -4.4163-113  0.0000E+00 -1.2400-112  0.0000E+00
 -3.4794-112  0.0000E+00 -9.7559-112  0.0000E+00 -2.7337-111  0.0000E+00
 -7.6557-111  0.0000E+00 -2.1427-110  0.0000E+00 -5.9937-110  0.0000E+00
 -1.6758-109  0.0000E+00 -4.6829-109  0.0000E+00 -1.3080-108  0.0000E+00
 -3.6519-108  0.0000E+00 -1.0192-107  0.0000E+00 -2.8432-107  0.0000E+00
 -7.9286-107  0.0000E+00 -2.2102-106  0.0000E+00 -6.1590-106  0.0000E+00
 -1.7157-105  0.0000E+00 -4.7780-105  0.0000E+00 -1.3302-104  0.0000E+00
 -3.7023-104  0.0000E+00 -1.0301-103  0.0000E+00 -2.8656-103  0.0000E+00
 -7.9692-103  0.0000E+00 -2.2157-102  0.0000E+00 -6.1590-102  0.0000E+00
 -1.7116-101  0.0000E+00 -4.7558-101  0.0000E+00 -1.3211-100  0.0000E+00
 -3.6692-100  0.0000E+00 -1.0189E-99  0.0000E+00 -2.8288E-99  0.0000E+00
 -7.8522E-99  0.0000E+00 -2.1793E-98  0.0000E+00 -6.0474E-98  0.0000E+00
 -1.6778E-97  0.0000E+00 -4.6545E-97  0.0000E+00 -1.2910E-96  0.0000E+00
 -3.5803E-96  0.0000E+00 -9.9278E-96  0.0000E+00 -2.7525E-95  0.0000E+00
 -7.6305E-95  0.0000E+00 -2.1150E-94  0.0000E+00 -5.8619E-94  0.0000E+00
 -1.6244E-93  0.0000E+00 -4.5011E-93  0.0000E+00 -1.2471E-92  0.0000E+00
 -3.4548E-92  0.0000E+00 -9.5699E-92  0.0000E+00 -2.6506E-91  0.0000E+00
 -7.3409E-91  0.0000E+00 -2.0329E-90  0.0000E+00 -5.6290E-90  0.0000E+00
 -1.5585E-89  0.0000E+00 -4.3148E-89  0.0000E+00 -1.1945E-88  0.0000E+00
 -3.3064E-88  0.0000E+00 -9.1516E-88  0.0000E+00 -2.5328E-87  0.0000E+00
 -7.0096E-87  0.0000E+00 -1.9397E-86  0.0000E+00 -5.3674E-86  0.0000E+00
 -1.4851E-85  0.0000E+00 -4.1088E-85  0.0000E+00 -1.1367E-84  0.0000E+00
 -3.1446E-84  0.0000E+00 -8.6986E-84  0.0000E+00 -2.4061E-83  0.0000E+00
 -6.6549E-83  0.0000E+00 -1.8406E-82  0.0000E+00 -5.0902E-82  0.0000E+00
 -1.4077E-81  0.0000E+00 -3.8926E-81  0.0000E+00 -1.0764E-80  0.0000E+00
 -2.9762E-80  0.0000E+00 -8.2289E-80  0.0000E+00 -2.2751E-79  0.0000E+00
 -6.2899E-79  0.0000E+00 -1.7388E-78  0.0000E+00 -4.8069E-78  0.0000E+00
 -1.3288E-77  0.0000E+00 -3.6729E-77  0.0000E+00 -1.0152E-76  0.0000E+00
 -2.8060E-76  0.0000E+00 -7.7554E-76  0.0000E+00 -2.1434E-75  0.0000E+00
 -5.9236E-75  0.0000E+00 -1.6370E-74  0.0000E+00 -4.5238E-74  0.0000E+00
 -1.2501E-73  0.0000E+00 -3.4543E-73  0.0000E+00 -9.5449E-73  0.0000E+00
 -2.6373E-72  0.0000E+00 -7.2870E-72  0.0000E+00 -2.0133E-71  0.0000E+00
 -5.5625E-71  0.0000E+00 -1.5368E-70  0.0000E+00 -4.2456E-70  0.0000E+00
 -1.1729E-69  0.0000E+00 -3.2401E-69  0.0000E+00 -8.9506E-69  0.0000E+00
 -2.4725E-68  0.0000E+00 -6.8297E-68  0.0000E+00 -1.8865E-67  0.0000E+00
 -5.2109E-67  0.0000E+00 -1.4393E-66  0.0000E+00 -3.9754E-66  0.0000E+00
 -1.0980E-65  0.0000E+00 -3.0325E-65  0.0000E+00 -8.3752E-65  0.0000E+00
 -2.3130E-64  0.0000E+00 -6.3880E-64  0.0000E+00 -1.7641E-63  0.0000E+00
 -4.8718E-63  0.0000E+00 -1.3454E-62  0.0000E+00 -3.7152E-62  0.0000E+00
 -1.0259E-61  0.0000E+00 -2.8329E-61  0.0000E+00 -7.8227E-61  0.0000E+00
 -2.1600E-60  0.0000E+00 -5.9643E-60  0.0000E+00 -1.6468E-59  0.0000E+00
 -4.5471E-59  0.0000E+00 -1.2555E-58  0.0000E+00 -3.4664E-58  0.0000E+00
 -9.5707E-58  0.0000E+00 -2.6424E-57  0.0000E+00 -7.2953E-57  0.0000E+00
 -2.0141E-56  0.0000E+00 -5.5605E-56  0.0000E+00 -1.5351E-55  0.0000E+00
 -4.2380E-55  0.0000E+00 -1.1700E-54  0.0000E+00 -3.2298E-54  0.0000E+00
 -8.9162E-54  0.0000E+00 -2.4613E-53  0.0000E+00 -6.7945E-53  0.0000E+00
 -1.8756E-52  0.0000E+00 -5.1775E-52  0.0000E+00 -1.4292E-51  0.0000E+00
 -3.9450E-51  0.0000E+00 -1.0889E-50  0.0000E+00 -3.0058E-50  0.0000E+00
 -8.2967E-50  0.0000E+00 -2.2901E-49  0.0000E+00 -6.3209E-49  0.0000E+00
 -1.7447E-48  0.0000E+00 -4.8154E-48  0.0000E+00 -1.3291E-47  0.0000E+00
 -3.6683E-47  0.0000E+00 -1.0125E-46  0.0000E+00 -2.7944E-46  0.0000E+00
 -7.7123E-46  0.0000E+00 -2.1285E-45  0.0000E+00 -5.8745E-45  0.0000E+00
 -1.6213E-44  0.0000E+00 -4.4744E-44  0.0000E+00 -1.2348E-43  0.0000E+00
 -3.4079E-43  0.0000E+00 -9.4048E-43  0.0000E+00 -2.5955E-42  0.0000E+00
 -7.1626E-42  0.0000E+00 -1.9766E-41  0.0000E+00 -5.4548E-41  0.0000E+00
 -1.5053E-40  0.0000E+00 -4.1540E-40  0.0000E+00 -1.1463E-39  0.0000E+00
 -3.1633E-39  0.0000E+00 -8.7290E-39  0.0000E+00 -2.4088E-38  0.0000E+00
 -6.6468E-38  0.0000E+00 -1.8341E-37  0.0000E+00 -5.0611E-37  0.0000E+00
 -1.3966E-36  0.0000E+00  0.0000E+00  0.0000E+00  0.0000E+00  0.0000E+00
  0.0000E+00  0.0000E+00  0.0000E+00  0.0000E+00  0.0000E+00  0.0000E+00
  0.0000E+00  0.0000E+00  0.0000E+00  0.0000E+00  0.0000E+00  0.0000E+00
  0.0000E+00  0.0000E+00  0.0000E+00  0.0000E+00  0.0000E+00  0.0000E+00
  0.0000E+00  0.0000E+00  0.0000E+00  0.0000E+00  0.0000E+00  0.0000E+00
  0.0000E+00  0.0000E+00  0.0000E+00  0.0000E+00  0.0000E+00  0.0000E+00
  0.0000E+00  0.0000E+00  0.0000E+00  0.0000E+00  0.0000E+00  0.0000E+00
  0.0000E+00  0.0000E+00  0.0000E+00  0.0000E+00  0.0000E+00  0.0000E+00
  0.0000E+00  0.0000E+00  0.0000E+00  0.0000E+00  0.0000E+00  0.0000E+00
  0.0000E+00  0.0000E+00  0.0000E+00  0.0000E+00  0.0000E+00  0.0000E+00
  0.0000E+00  0.0000E+00  0.0000E+00  0.0000E+00  0.0000E+00  0.0000E+00
  0.0000E+00  0.0000E+00  0.0000E+00  0.0000E+00  0.0000E+00  0.0000E+00
  0.0000E+00  0.0000E+00  0.0000E+00  0.0000E+00  0.0000E+00  0.0000E+00
  0.0000E+00  0.0000E+00  0.0000E+00  0.0000E+00  0.0000E+00  0.0000E+00
  0.0000E+00  0.0000E+00  0.0000E+00  0.0000E+00  0.0000E+00  0.0000E+00
  0.0000E+00  0.0000E+00  0.0000E+00  0.0000E+00  0.0000E+00  0.0000E+00
  0.0000E+00  0.0000E+00  0.0000E+00  0.0000E+00  0.0000E+00  0.0000E+00
