           2           1           1
    0.0-     1 1  0.6932E-14   0.000      0.2096E-31  0.6932E-14
    1.0+     0 1 -0.2080E-13   0.000      0.6126E-31 -0.2080E-13
    1.0+     2 2   0.000       0.000      0.1256E-30 -0.1256E-30
    1.0-     1 1  0.2080E-13   0.000      0.3829E-31  0.2080E-13
    2.0+     2 1   0.000       0.000      0.1258E-30 -0.1258E-30
    2.0-     1 1  0.3466E-13   0.000      0.5284E-31  0.3466E-13
    2.0-     3 2 -0.3466E-13   0.000      0.5701E-30 -0.3466E-13
    3.0+     2 1   0.000       0.000      0.4507E-30 -0.4507E-30
    3.0+     4 2 -0.7279E-13   0.000      0.1652E-30 -0.7279E-13
    3.0-     3 1 -0.2426E-13   0.000      0.6494E-30 -0.2426E-13
    4.0+     4 1 -0.9359E-13   0.000      0.2690E-30 -0.9359E-13
    4.0-     3 1 -0.3120E-13   0.000      0.1133E-29 -0.3120E-13
    4.0-     5 2  0.6239E-13   0.000      0.8953E-30  0.6239E-13
    5.0+     4 1 -0.1144E-12   0.000      0.1150E-30 -0.1144E-12
    5.0+     6 2  0.1906E-12   0.000      0.9829E-30  0.1906E-12
