0.10000E-01 1.0000
0.50000 0.99790
1.0000 0.98749
1.5000 0.96927
2.0000 0.94479
2.5000 0.91566
3.0000 0.88340
3.5000 0.84947
4.0000 0.81526
4.5000 0.78210
5.0000 0.75126
5.5000 0.72392
6.0000 0.70122
6.5000 0.68419
7.0000 0.67381
7.5000 0.67094
8.0000 0.67634
8.5000 0.69068
9.0000 0.71449
9.5000 0.74818
10.000 0.79203
10.500 0.84620
11.000 0.91068
11.500 0.98534
12.000 1.0699
12.500 1.1639
13.000 1.2669
13.500 1.3782
14.000 1.4968
14.500 1.6220
15.000 1.7526
15.500 1.8876
16.000 2.0257
16.500 2.1656
17.000 2.3060
17.500 2.4456
18.000 2.5829
18.500 2.7166
19.000 2.8452
19.500 2.9673
20.000 3.0818
20.500 3.1872
21.000 3.2825
21.500 3.3666
22.000 3.4384
22.500 3.4972
23.000 3.5421
23.500 3.5726
24.000 3.5882
24.500 3.5886
25.000 3.5737
25.500 3.5434
26.000 3.4980
26.500 3.4377
27.000 3.3629
27.500 3.2744
28.000 3.1728
28.500 3.0591
29.000 2.9341
29.500 2.7992
30.000 2.6553
30.500 2.5040
31.000 2.3464
31.500 2.1841
32.000 2.0184
32.500 1.8510
33.000 1.6833
33.500 1.5167
34.000 1.3529
34.500 1.1931
35.000 1.0388
35.500 0.89143
36.000 0.75210
36.500 0.62203
37.000 0.50229
37.500 0.39385
38.000 0.29756
38.500 0.21413
39.000 0.14418
39.500 0.88168E-01
40.000 0.46432E-01
40.500 0.19170E-01
41.000 0.64470E-02
41.500 0.81923E-02
42.000 0.24205E-01
42.500 0.54158E-01
43.000 0.97602E-01
43.500 0.15397
44.000 0.22260
44.500 0.30271
45.000 0.39343
45.500 0.49384
46.000 0.60291
46.500 0.71958
47.000 0.84271
47.500 0.97116
48.000 1.1037
48.500 1.2392
49.000 1.3765
49.500 1.5143
50.000 1.6514
50.500 1.7868
51.000 1.9193
51.500 2.0479
52.000 2.1715
52.500 2.2893
53.000 2.4003
53.500 2.5039
54.000 2.5992
54.500 2.6857
55.000 2.7629
55.500 2.8302
56.000 2.8875
56.500 2.9344
57.000 2.9709
57.500 2.9967
58.000 3.0121
58.500 3.0172
59.000 3.0121
59.500 2.9971
60.000 2.9727
60.500 2.9393
61.000 2.8975
61.500 2.8477
62.000 2.7906
62.500 2.7270
63.000 2.6575
63.500 2.5829
64.000 2.5040
64.500 2.4216
65.000 2.3364
65.500 2.2493
66.000 2.1611
66.500 2.0726
67.000 1.9845
67.500 1.8977
68.000 1.8128
68.500 1.7305
69.000 1.6515
69.500 1.5764
70.000 1.5058
70.500 1.4401
71.000 1.3798
71.500 1.3252
72.000 1.2768
72.500 1.2348
73.000 1.1993
73.500 1.1705
74.000 1.1486
74.500 1.1335
75.000 1.1251
75.500 1.1234
76.000 1.1282
76.500 1.1394
77.000 1.1565
77.500 1.1794
78.000 1.2076
78.500 1.2408
79.000 1.2784
79.500 1.3201
80.000 1.3654
80.500 1.4136
81.000 1.4643
81.500 1.5169
82.000 1.5708
82.500 1.6254
83.000 1.6802
83.500 1.7346
84.000 1.7880
84.500 1.8399
85.000 1.8897
85.500 1.9369
86.000 1.9810
86.500 2.0215
87.000 2.0580
87.500 2.0901
88.000 2.1174
88.500 2.1396
89.000 2.1564
89.500 2.1676
90.000 2.1730
90.500 2.1723
91.000 2.1656
91.500 2.1527
92.000 2.1337
92.500 2.1085
93.000 2.0773
93.500 2.0402
94.000 1.9974
94.500 1.9490
95.000 1.8955
95.500 1.8371
96.000 1.7740
96.500 1.7069
97.000 1.6360
97.500 1.5618
98.000 1.4848
98.500 1.4056
99.000 1.3247
99.500 1.2426
100.00 1.1601
100.50 1.0775
101.00 0.99571
101.50 0.91521
102.00 0.83667
102.50 0.76074
103.00 0.68806
103.50 0.61926
104.00 0.55499
104.50 0.49585
105.00 0.44247
105.50 0.39542
106.00 0.35529
106.50 0.32262
107.00 0.29793
107.50 0.28172
108.00 0.27444
108.50 0.27653
109.00 0.28838
109.50 0.31034
110.00 0.34271
110.50 0.38577
111.00 0.43973
111.50 0.50477
112.00 0.58101
112.50 0.66853
113.00 0.76736
113.50 0.87747
114.00 0.99877
114.50 1.1311
115.00 1.2744
115.50 1.4283
116.00 1.5925
116.50 1.7668
117.00 1.9506
117.50 2.1436
118.00 2.3453
118.50 2.5550
119.00 2.7723
119.50 2.9965
120.00 3.2269
120.50 3.4628
121.00 3.7034
121.50 3.9479
122.00 4.1955
122.50 4.4454
123.00 4.6966
123.50 4.9483
124.00 5.1996
124.50 5.4494
125.00 5.6969
125.50 5.9412
126.00 6.1812
126.50 6.4160
127.00 6.6447
127.50 6.8663
128.00 7.0800
128.50 7.2848
129.00 7.4800
129.50 7.6645
130.00 7.8377
130.50 7.9989
131.00 8.1472
131.50 8.2820
132.00 8.4027
132.50 8.5088
133.00 8.5998
133.50 8.6752
134.00 8.7347
134.50 8.7780
135.00 8.8049
135.50 8.8152
136.00 8.8089
136.50 8.7860
137.00 8.7465
137.50 8.6907
138.00 8.6189
138.50 8.5313
139.00 8.4284
139.50 8.3107
140.00 8.1788
140.50 8.0334
141.00 7.8751
141.50 7.7048
142.00 7.5234
142.50 7.3319
143.00 7.1311
143.50 6.9223
144.00 6.7065
144.50 6.4850
145.00 6.2588
145.50 6.0293
146.00 5.7978
146.50 5.5656
147.00 5.3340
147.50 5.1043
148.00 4.8780
148.50 4.6562
149.00 4.4405
149.50 4.2321
150.00 4.0323
150.50 3.8424
151.00 3.6636
151.50 3.4972
152.00 3.3441
152.50 3.2057
153.00 3.0828
153.50 2.9764
154.00 2.8875
154.50 2.8167
155.00 2.7648
155.50 2.7325
156.00 2.7203
156.50 2.7285
157.00 2.7576
157.50 2.8078
158.00 2.8791
158.50 2.9716
159.00 3.0852
159.50 3.2198
160.00 3.3749
160.50 3.5502
161.00 3.7451
161.50 3.9590
162.00 4.1912
162.50 4.4409
163.00 4.7070
163.50 4.9887
164.00 5.2847
164.50 5.5940
165.00 5.9152
165.50 6.2469
166.00 6.5879
166.50 6.9366
167.00 7.2915
167.50 7.6512
168.00 8.0139
168.50 8.3781
169.00 8.7421
169.50 9.1044
170.00 9.4632
170.50 9.8170
171.00 10.164
171.50 10.503
172.00 10.832
172.50 11.149
173.00 11.454
173.50 11.745
174.00 12.020
174.50 12.278
175.00 12.517
175.50 12.738
176.00 12.938
176.50 13.117
177.00 13.274
177.50 13.408
178.00 13.518
178.50 13.605
179.00 13.667
179.50 13.704
179.99 13.717
