0.0000 101.37
0.50000 101.18
1.0000 100.61
1.5000 99.663
2.0000 98.356
2.5000 96.700
3.0000 94.713
3.5000 92.414
4.0000 89.827
4.5000 86.979
5.0000 83.898
5.5000 80.614
6.0000 77.157
6.5000 73.559
7.0000 69.852
7.5000 66.068
8.0000 62.237
8.5000 58.390
9.0000 54.554
9.5000 50.758
10.000 47.025
10.500 43.380
11.000 39.841
11.500 36.428
12.000 33.156
12.500 30.039
13.000 27.087
13.500 24.308
14.000 21.710
14.500 19.295
15.000 17.066
15.500 15.023
16.000 13.165
16.500 11.489
17.000 9.9900
17.500 8.6635
18.000 7.5029
18.500 6.5012
19.000 5.6506
19.500 4.9431
20.000 4.3701
20.500 3.9228
21.000 3.5924
21.500 3.3698
22.000 3.2463
22.500 3.2129
23.000 3.2610
23.500 3.3821
24.000 3.5678
24.500 3.8102
25.000 4.1014
25.500 4.4341
26.000 4.8008
26.500 5.1948
27.000 5.6096
27.500 6.0387
28.000 6.4763
28.500 6.9168
29.000 7.3549
29.500 7.7857
30.000 8.2046
30.500 8.6076
31.000 8.9907
31.500 9.3505
32.000 9.6841
32.500 9.9888
33.000 10.262
33.500 10.503
34.000 10.709
34.500 10.880
35.000 11.015
35.500 11.113
36.000 11.176
36.500 11.203
37.000 11.195
37.500 11.153
38.000 11.079
38.500 10.974
39.000 10.840
39.500 10.680
40.000 10.495
40.500 10.287
41.000 10.060
41.500 9.8151
42.000 9.5550
42.500 9.2820
43.000 8.9986
43.500 8.7069
44.000 8.4091
44.500 8.1072
45.000 7.8031
45.500 7.4984
46.000 7.1948
46.500 6.8936
47.000 6.5960
47.500 6.3033
48.000 6.0162
48.500 5.7356
49.000 5.4620
49.500 5.1960
50.000 4.9380
50.500 4.6882
51.000 4.4467
51.500 4.2138
52.000 3.9893
52.500 3.7733
53.000 3.5657
53.500 3.3662
54.000 3.1748
54.500 2.9913
55.000 2.8155
55.500 2.6471
56.000 2.4860
56.500 2.3320
57.000 2.1848
57.500 2.0443
58.000 1.9103
58.500 1.7827
59.000 1.6612
59.500 1.5457
60.000 1.4362
60.500 1.3325
61.000 1.2345
61.500 1.1421
62.000 1.0551
62.500 0.97365
63.000 0.89749
63.500 0.82660
64.000 0.76089
64.500 0.70027
65.000 0.64467
65.500 0.59398
66.000 0.54811
66.500 0.50696
67.000 0.47040
67.500 0.43831
68.000 0.41057
68.500 0.38702
69.000 0.36752
69.500 0.35191
70.000 0.34001
70.500 0.33166
71.000 0.32667
71.500 0.32486
72.000 0.32604
72.500 0.33001
73.000 0.33659
73.500 0.34557
74.000 0.35678
74.500 0.37002
75.000 0.38510
75.500 0.40186
76.000 0.42011
76.500 0.43969
77.000 0.46044
77.500 0.48221
78.000 0.50486
78.500 0.52825
79.000 0.55226
79.500 0.57678
80.000 0.60169
80.500 0.62690
81.000 0.65231
81.500 0.67784
82.000 0.70342
82.500 0.72898
83.000 0.75445
83.500 0.77979
84.000 0.80492
84.500 0.82982
85.000 0.85444
85.500 0.87873
86.000 0.90267
86.500 0.92621
87.000 0.94933
87.500 0.97200
88.000 0.99420
88.500 1.0159
89.000 1.0370
89.500 1.0576
90.000 1.0776
90.500 1.0970
91.000 1.1158
91.500 1.1339
92.000 1.1513
92.500 1.1680
93.000 1.1840
93.500 1.1991
94.000 1.2135
94.500 1.2271
95.000 1.2398
95.500 1.2516
96.000 1.2625
96.500 1.2724
97.000 1.2814
97.500 1.2894
98.000 1.2963
98.500 1.3022
99.000 1.3071
99.500 1.3108
100.00 1.3135
100.50 1.3150
101.00 1.3153
101.50 1.3145
102.00 1.3126
102.50 1.3094
103.00 1.3051
103.50 1.2996
104.00 1.2930
104.50 1.2851
105.00 1.2762
105.50 1.2660
106.00 1.2548
106.50 1.2424
107.00 1.2290
107.50 1.2145
108.00 1.1990
108.50 1.1826
109.00 1.1652
109.50 1.1469
110.00 1.1277
110.50 1.1078
111.00 1.0871
111.50 1.0657
112.00 1.0437
112.50 1.0210
113.00 0.99789
113.50 0.97426
114.00 0.95021
114.50 0.92581
115.00 0.90111
115.50 0.87618
116.00 0.85106
116.50 0.82582
117.00 0.80052
117.50 0.77520
118.00 0.74993
118.50 0.72476
119.00 0.69973
119.50 0.67490
120.00 0.65031
120.50 0.62600
121.00 0.60203
121.50 0.57843
122.00 0.55523
122.50 0.53248
123.00 0.51021
123.50 0.48844
124.00 0.46722
124.50 0.44655
125.00 0.42648
125.50 0.40702
126.00 0.38819
126.50 0.37000
127.00 0.35249
127.50 0.33565
128.00 0.31950
128.50 0.30405
129.00 0.28931
129.50 0.27528
130.00 0.26198
130.50 0.24940
131.00 0.23755
131.50 0.22642
132.00 0.21601
132.50 0.20633
133.00 0.19737
133.50 0.18912
134.00 0.18159
134.50 0.17476
135.00 0.16862
135.50 0.16317
136.00 0.15840
136.50 0.15430
137.00 0.15086
137.50 0.14807
138.00 0.14592
138.50 0.14439
139.00 0.14348
139.50 0.14317
140.00 0.14345
140.50 0.14430
141.00 0.14572
141.50 0.14769
142.00 0.15019
142.50 0.15322
143.00 0.15676
143.50 0.16079
144.00 0.16531
144.50 0.17030
145.00 0.17574
145.50 0.18162
146.00 0.18793
146.50 0.19465
147.00 0.20177
147.50 0.20928
148.00 0.21715
148.50 0.22538
149.00 0.23395
149.50 0.24284
150.00 0.25204
150.50 0.26153
151.00 0.27130
151.50 0.28133
152.00 0.29161
152.50 0.30211
153.00 0.31282
153.50 0.32373
154.00 0.33481
154.50 0.34605
155.00 0.35743
155.50 0.36894
156.00 0.38056
156.50 0.39226
157.00 0.40404
157.50 0.41588
158.00 0.42775
158.50 0.43965
159.00 0.45156
159.50 0.46346
160.00 0.47533
160.50 0.48716
161.00 0.49894
161.50 0.51065
162.00 0.52228
162.50 0.53381
163.00 0.54523
163.50 0.55653
164.00 0.56769
164.50 0.57870
165.00 0.58954
165.50 0.60022
166.00 0.61070
166.50 0.62098
167.00 0.63105
167.50 0.64089
168.00 0.65050
168.50 0.65985
169.00 0.66894
169.50 0.67775
170.00 0.68626
170.50 0.69448
171.00 0.70238
171.50 0.70995
172.00 0.71717
172.50 0.72404
173.00 0.73053
173.50 0.73665
174.00 0.74237
174.50 0.74768
175.00 0.75257
175.50 0.75703
176.00 0.76106
176.50 0.76463
177.00 0.76775
177.50 0.77040
178.00 0.77257
178.50 0.77427
179.00 0.77549
179.50 0.77622
180.00 0.77646
