0.0000 0.19297E-03
0.50000 0.19302E-03
1.0000 0.19318E-03
1.5000 0.19344E-03
2.0000 0.19381E-03
2.5000 0.19428E-03
3.0000 0.19485E-03
3.5000 0.19554E-03
4.0000 0.19634E-03
4.5000 0.19724E-03
5.0000 0.19826E-03
5.5000 0.19940E-03
6.0000 0.20065E-03
6.5000 0.20202E-03
7.0000 0.20352E-03
7.5000 0.20513E-03
8.0000 0.20688E-03
8.5000 0.20875E-03
9.0000 0.21076E-03
9.5000 0.21290E-03
10.000 0.21518E-03
10.500 0.21759E-03
11.000 0.22015E-03
11.500 0.22286E-03
12.000 0.22571E-03
12.500 0.22871E-03
13.000 0.23186E-03
13.500 0.23516E-03
14.000 0.23861E-03
14.500 0.24222E-03
15.000 0.24599E-03
15.500 0.24991E-03
16.000 0.25399E-03
16.500 0.25823E-03
17.000 0.26262E-03
17.500 0.26717E-03
18.000 0.27187E-03
18.500 0.27672E-03
19.000 0.28173E-03
19.500 0.28689E-03
20.000 0.29219E-03
20.500 0.29763E-03
21.000 0.30321E-03
21.500 0.30893E-03
22.000 0.31478E-03
22.500 0.32076E-03
23.000 0.32685E-03
23.500 0.33306E-03
24.000 0.33938E-03
24.500 0.34580E-03
25.000 0.35232E-03
25.500 0.35892E-03
26.000 0.36561E-03
26.500 0.37236E-03
27.000 0.37918E-03
27.500 0.38605E-03
28.000 0.39297E-03
28.500 0.39993E-03
29.000 0.40691E-03
29.500 0.41391E-03
30.000 0.42091E-03
30.500 0.42791E-03
31.000 0.43490E-03
31.500 0.44186E-03
32.000 0.44879E-03
32.500 0.45567E-03
33.000 0.46250E-03
33.500 0.46925E-03
34.000 0.47593E-03
34.500 0.48252E-03
35.000 0.48901E-03
35.500 0.49539E-03
36.000 0.50165E-03
36.500 0.50777E-03
37.000 0.51376E-03
37.500 0.51959E-03
38.000 0.52526E-03
38.500 0.53076E-03
39.000 0.53608E-03
39.500 0.54121E-03
40.000 0.54615E-03
40.500 0.55087E-03
41.000 0.55538E-03
41.500 0.55967E-03
42.000 0.56373E-03
42.500 0.56756E-03
43.000 0.57114E-03
43.500 0.57447E-03
44.000 0.57755E-03
44.500 0.58037E-03
45.000 0.58292E-03
45.500 0.58521E-03
46.000 0.58722E-03
46.500 0.58896E-03
47.000 0.59042E-03
47.500 0.59160E-03
48.000 0.59249E-03
48.500 0.59310E-03
49.000 0.59343E-03
49.500 0.59348E-03
50.000 0.59323E-03
50.500 0.59271E-03
51.000 0.59190E-03
51.500 0.59080E-03
52.000 0.58943E-03
52.500 0.58778E-03
53.000 0.58586E-03
53.500 0.58366E-03
54.000 0.58120E-03
54.500 0.57847E-03
55.000 0.57548E-03
55.500 0.57224E-03
56.000 0.56875E-03
56.500 0.56501E-03
57.000 0.56104E-03
57.500 0.55683E-03
58.000 0.55240E-03
58.500 0.54775E-03
59.000 0.54289E-03
59.500 0.53782E-03
60.000 0.53256E-03
60.500 0.52710E-03
61.000 0.52146E-03
61.500 0.51565E-03
62.000 0.50968E-03
62.500 0.50354E-03
63.000 0.49726E-03
63.500 0.49084E-03
64.000 0.48428E-03
64.500 0.47760E-03
65.000 0.47081E-03
65.500 0.46392E-03
66.000 0.45692E-03
66.500 0.44984E-03
67.000 0.44268E-03
67.500 0.43545E-03
68.000 0.42816E-03
68.500 0.42081E-03
69.000 0.41342E-03
69.500 0.40600E-03
70.000 0.39855E-03
70.500 0.39109E-03
71.000 0.38361E-03
71.500 0.37613E-03
72.000 0.36866E-03
72.500 0.36120E-03
73.000 0.35377E-03
73.500 0.34637E-03
74.000 0.33900E-03
74.500 0.33168E-03
75.000 0.32441E-03
75.500 0.31720E-03
76.000 0.31005E-03
76.500 0.30298E-03
77.000 0.29599E-03
77.500 0.28908E-03
78.000 0.28226E-03
78.500 0.27553E-03
79.000 0.26891E-03
79.500 0.26240E-03
80.000 0.25599E-03
80.500 0.24971E-03
81.000 0.24354E-03
81.500 0.23750E-03
82.000 0.23158E-03
82.500 0.22580E-03
83.000 0.22015E-03
83.500 0.21465E-03
84.000 0.20928E-03
84.500 0.20406E-03
85.000 0.19898E-03
85.500 0.19406E-03
86.000 0.18928E-03
86.500 0.18466E-03
87.000 0.18019E-03
87.500 0.17588E-03
88.000 0.17172E-03
88.500 0.16772E-03
89.000 0.16388E-03
89.500 0.16019E-03
90.000 0.15667E-03
90.500 0.15330E-03
91.000 0.15008E-03
91.500 0.14702E-03
92.000 0.14412E-03
92.500 0.14137E-03
93.000 0.13878E-03
93.500 0.13633E-03
94.000 0.13404E-03
94.500 0.13189E-03
95.000 0.12989E-03
95.500 0.12804E-03
96.000 0.12633E-03
96.500 0.12475E-03
97.000 0.12331E-03
97.500 0.12201E-03
98.000 0.12084E-03
98.500 0.11979E-03
99.000 0.11887E-03
99.500 0.11808E-03
100.00 0.11740E-03
100.50 0.11683E-03
101.00 0.11638E-03
101.50 0.11603E-03
102.00 0.11579E-03
102.50 0.11565E-03
103.00 0.11561E-03
103.50 0.11566E-03
104.00 0.11580E-03
104.50 0.11602E-03
105.00 0.11632E-03
105.50 0.11670E-03
106.00 0.11716E-03
106.50 0.11768E-03
107.00 0.11827E-03
107.50 0.11892E-03
108.00 0.11963E-03
108.50 0.12039E-03
109.00 0.12120E-03
109.50 0.12205E-03
110.00 0.12295E-03
110.50 0.12388E-03
111.00 0.12485E-03
111.50 0.12586E-03
112.00 0.12688E-03
112.50 0.12794E-03
113.00 0.12901E-03
113.50 0.13010E-03
114.00 0.13120E-03
114.50 0.13232E-03
115.00 0.13344E-03
115.50 0.13457E-03
116.00 0.13570E-03
116.50 0.13683E-03
117.00 0.13796E-03
117.50 0.13908E-03
118.00 0.14020E-03
118.50 0.14131E-03
119.00 0.14241E-03
119.50 0.14349E-03
120.00 0.14456E-03
120.50 0.14562E-03
121.00 0.14665E-03
121.50 0.14767E-03
122.00 0.14867E-03
122.50 0.14965E-03
123.00 0.15061E-03
123.50 0.15155E-03
124.00 0.15247E-03
124.50 0.15336E-03
125.00 0.15424E-03
125.50 0.15509E-03
126.00 0.15592E-03
126.50 0.15673E-03
127.00 0.15751E-03
127.50 0.15828E-03
128.00 0.15903E-03
128.50 0.15975E-03
129.00 0.16047E-03
129.50 0.16116E-03
130.00 0.16184E-03
130.50 0.16250E-03
131.00 0.16316E-03
131.50 0.16380E-03
132.00 0.16443E-03
132.50 0.16506E-03
133.00 0.16568E-03
133.50 0.16629E-03
134.00 0.16691E-03
134.50 0.16752E-03
135.00 0.16814E-03
135.50 0.16876E-03
136.00 0.16939E-03
136.50 0.17003E-03
137.00 0.17068E-03
137.50 0.17134E-03
138.00 0.17202E-03
138.50 0.17272E-03
139.00 0.17344E-03
139.50 0.17417E-03
140.00 0.17494E-03
140.50 0.17573E-03
141.00 0.17655E-03
141.50 0.17740E-03
142.00 0.17828E-03
142.50 0.17919E-03
143.00 0.18015E-03
143.50 0.18114E-03
144.00 0.18217E-03
144.50 0.18324E-03
145.00 0.18435E-03
145.50 0.18551E-03
146.00 0.18672E-03
146.50 0.18796E-03
147.00 0.18926E-03
147.50 0.19060E-03
148.00 0.19200E-03
148.50 0.19344E-03
149.00 0.19493E-03
149.50 0.19646E-03
150.00 0.19805E-03
150.50 0.19969E-03
151.00 0.20138E-03
151.50 0.20311E-03
152.00 0.20489E-03
152.50 0.20672E-03
153.00 0.20859E-03
153.50 0.21051E-03
154.00 0.21247E-03
154.50 0.21447E-03
155.00 0.21651E-03
155.50 0.21859E-03
156.00 0.22070E-03
156.50 0.22285E-03
157.00 0.22503E-03
157.50 0.22724E-03
158.00 0.22947E-03
158.50 0.23172E-03
159.00 0.23400E-03
159.50 0.23629E-03
160.00 0.23860E-03
160.50 0.24092E-03
161.00 0.24325E-03
161.50 0.24558E-03
162.00 0.24791E-03
162.50 0.25023E-03
163.00 0.25255E-03
163.50 0.25486E-03
164.00 0.25715E-03
164.50 0.25943E-03
165.00 0.26168E-03
165.50 0.26391E-03
166.00 0.26610E-03
166.50 0.26826E-03
167.00 0.27039E-03
167.50 0.27247E-03
168.00 0.27450E-03
168.50 0.27649E-03
169.00 0.27842E-03
169.50 0.28030E-03
170.00 0.28211E-03
170.50 0.28386E-03
171.00 0.28555E-03
171.50 0.28716E-03
172.00 0.28870E-03
172.50 0.29016E-03
173.00 0.29154E-03
173.50 0.29284E-03
174.00 0.29405E-03
174.50 0.29518E-03
175.00 0.29622E-03
175.50 0.29716E-03
176.00 0.29801E-03
176.50 0.29876E-03
177.00 0.29942E-03
177.50 0.29998E-03
178.00 0.30044E-03
178.50 0.30079E-03
179.00 0.30105E-03
179.50 0.30120E-03
180.00 0.30125E-03
