0.0000 8.0230
0.50000 8.0228
1.0000 8.0220
1.5000 8.0206
2.0000 8.0185
2.5000 8.0155
3.0000 8.0115
3.5000 8.0063
4.0000 7.9995
4.5000 7.9910
5.0000 7.9805
5.5000 7.9677
6.0000 7.9524
6.5000 7.9342
7.0000 7.9130
7.5000 7.8886
8.0000 7.8607
8.5000 7.8292
9.0000 7.7941
9.5000 7.7552
10.000 7.7125
10.500 7.6662
11.000 7.6162
11.500 7.5627
12.000 7.5059
12.500 7.4461
13.000 7.3834
13.500 7.3182
14.000 7.2507
14.500 7.1813
15.000 7.1102
15.500 7.0379
16.000 6.9647
16.500 6.8908
17.000 6.8165
17.500 6.7421
18.000 6.6678
18.500 6.5938
19.000 6.5202
19.500 6.4472
20.000 6.3748
20.500 6.3031
21.000 6.2321
21.500 6.1616
22.000 6.0917
22.500 6.0223
23.000 5.9531
23.500 5.8842
24.000 5.8152
24.500 5.7462
25.000 5.6768
25.500 5.6069
26.000 5.5363
26.500 5.4650
27.000 5.3926
27.500 5.3192
28.000 5.2445
28.500 5.1685
29.000 5.0910
29.500 5.0121
30.000 4.9316
30.500 4.8495
31.000 4.7658
31.500 4.6805
32.000 4.5936
32.500 4.5052
33.000 4.4153
33.500 4.3239
34.000 4.2313
34.500 4.1373
35.000 4.0422
35.500 3.9461
36.000 3.8491
36.500 3.7514
37.000 3.6530
37.500 3.5542
38.000 3.4552
38.500 3.3561
39.000 3.2570
39.500 3.1584
40.000 3.0602
40.500 2.9627
41.000 2.8663
41.500 2.7710
42.000 2.6771
42.500 2.5849
43.000 2.4945
43.500 2.4063
44.000 2.3203
44.500 2.2370
45.000 2.1564
45.500 2.0789
46.000 2.0045
46.500 1.9335
47.000 1.8661
47.500 1.8024
48.000 1.7426
48.500 1.6868
49.000 1.6352
49.500 1.5877
50.000 1.5445
50.500 1.5057
51.000 1.4712
51.500 1.4410
52.000 1.4152
52.500 1.3936
53.000 1.3763
53.500 1.3632
54.000 1.3541
54.500 1.3489
55.000 1.3475
55.500 1.3498
56.000 1.3556
56.500 1.3646
57.000 1.3769
57.500 1.3920
58.000 1.4100
58.500 1.4305
59.000 1.4533
59.500 1.4783
60.000 1.5052
60.500 1.5338
61.000 1.5640
61.500 1.5955
62.000 1.6281
62.500 1.6616
63.000 1.6959
63.500 1.7307
64.000 1.7659
64.500 1.8013
65.000 1.8367
65.500 1.8720
66.000 1.9070
66.500 1.9415
67.000 1.9754
67.500 2.0086
68.000 2.0409
68.500 2.0722
69.000 2.1024
69.500 2.1314
70.000 2.1590
70.500 2.1852
71.000 2.2099
71.500 2.2329
72.000 2.2544
72.500 2.2740
73.000 2.2919
73.500 2.3079
74.000 2.3221
74.500 2.3343
75.000 2.3445
75.500 2.3528
76.000 2.3592
76.500 2.3635
77.000 2.3659
77.500 2.3663
78.000 2.3647
78.500 2.3613
79.000 2.3559
79.500 2.3487
80.000 2.3397
80.500 2.3289
81.000 2.3163
81.500 2.3022
82.000 2.2864
82.500 2.2690
83.000 2.2502
83.500 2.2299
84.000 2.2083
84.500 2.1854
85.000 2.1613
85.500 2.1361
86.000 2.1098
86.500 2.0824
87.000 2.0542
87.500 2.0251
88.000 1.9952
88.500 1.9646
89.000 1.9333
89.500 1.9015
90.000 1.8692
90.500 1.8364
91.000 1.8033
91.500 1.7698
92.000 1.7362
92.500 1.7023
93.000 1.6684
93.500 1.6344
94.000 1.6005
94.500 1.5667
95.000 1.5330
95.500 1.4995
96.000 1.4664
96.500 1.4335
97.000 1.4011
97.500 1.3692
98.000 1.3377
98.500 1.3069
99.000 1.2767
99.500 1.2472
100.00 1.2184
100.50 1.1905
101.00 1.1634
101.50 1.1373
102.00 1.1121
102.50 1.0880
103.00 1.0649
103.50 1.0430
104.00 1.0222
104.50 1.0026
105.00 0.98427
105.50 0.96722
106.00 0.95150
106.50 0.93714
107.00 0.92415
107.50 0.91257
108.00 0.90242
108.50 0.89371
109.00 0.88646
109.50 0.88068
110.00 0.87638
110.50 0.87355
111.00 0.87219
111.50 0.87230
112.00 0.87386
112.50 0.87687
113.00 0.88128
113.50 0.88709
114.00 0.89426
114.50 0.90276
115.00 0.91255
115.50 0.92359
116.00 0.93583
116.50 0.94922
117.00 0.96370
117.50 0.97923
118.00 0.99574
118.50 1.0132
119.00 1.0314
119.50 1.0505
120.00 1.0703
120.50 1.0907
121.00 1.1116
121.50 1.1330
122.00 1.1549
122.50 1.1770
123.00 1.1994
123.50 1.2219
124.00 1.2445
124.50 1.2671
125.00 1.2896
125.50 1.3118
126.00 1.3338
126.50 1.3555
127.00 1.3767
127.50 1.3974
128.00 1.4174
128.50 1.4368
129.00 1.4555
129.50 1.4733
130.00 1.4902
130.50 1.5061
131.00 1.5210
131.50 1.5348
132.00 1.5474
132.50 1.5589
133.00 1.5691
133.50 1.5780
134.00 1.5855
134.50 1.5917
135.00 1.5966
135.50 1.6000
136.00 1.6020
136.50 1.6025
137.00 1.6016
137.50 1.5993
138.00 1.5956
138.50 1.5905
139.00 1.5839
139.50 1.5761
140.00 1.5669
140.50 1.5564
141.00 1.5447
141.50 1.5318
142.00 1.5177
142.50 1.5026
143.00 1.4864
143.50 1.4693
144.00 1.4513
144.50 1.4325
145.00 1.4130
145.50 1.3928
146.00 1.3720
146.50 1.3507
147.00 1.3290
147.50 1.3070
148.00 1.2847
148.50 1.2623
149.00 1.2397
149.50 1.2172
150.00 1.1947
150.50 1.1724
151.00 1.1503
151.50 1.1285
152.00 1.1071
152.50 1.0861
153.00 1.0657
153.50 1.0458
154.00 1.0266
154.50 1.0081
155.00 0.99028
155.50 0.97329
156.00 0.95714
156.50 0.94188
157.00 0.92753
157.50 0.91412
158.00 0.90169
158.50 0.89026
159.00 0.87983
159.50 0.87042
160.00 0.86203
160.50 0.85467
161.00 0.84833
161.50 0.84301
162.00 0.83867
162.50 0.83532
163.00 0.83292
163.50 0.83144
164.00 0.83085
164.50 0.83112
165.00 0.83220
165.50 0.83405
166.00 0.83662
166.50 0.83985
167.00 0.84370
167.50 0.84811
168.00 0.85301
168.50 0.85835
169.00 0.86407
169.50 0.87010
170.00 0.87639
170.50 0.88285
171.00 0.88945
171.50 0.89610
172.00 0.90275
172.50 0.90935
173.00 0.91582
173.50 0.92211
174.00 0.92818
174.50 0.93396
175.00 0.93941
175.50 0.94449
176.00 0.94915
176.50 0.95335
177.00 0.95706
177.50 0.96026
178.00 0.96291
178.50 0.96499
179.00 0.96649
179.50 0.96739
180.00 0.96769
