0.0000 0.0000
0.50000 0.0000
1.0000 0.0000
1.5000 0.0000
2.0000 0.0000
2.5000 0.0000
3.0000 0.0000
3.5000 0.0000
4.0000 0.0000
4.5000 0.0000
5.0000 0.0000
5.5000 0.0000
6.0000 0.0000
6.5000 0.0000
7.0000 0.0000
7.5000 0.0000
8.0000 0.0000
8.5000 0.0000
9.0000 0.0000
9.5000 0.0000
10.000 0.0000
10.500 0.0000
11.000 0.0000
11.500 0.0000
12.000 0.0000
12.500 0.0000
13.000 0.0000
13.500 0.0000
14.000 0.0000
14.500 0.0000
15.000 0.0000
15.500 0.0000
16.000 0.0000
16.500 0.0000
17.000 0.0000
17.500 0.0000
18.000 0.0000
18.500 0.0000
19.000 0.0000
19.500 0.0000
20.000 0.0000
20.500 0.0000
21.000 0.0000
21.500 0.0000
22.000 0.0000
22.500 0.0000
23.000 0.0000
23.500 0.0000
24.000 0.0000
24.500 0.0000
25.000 0.0000
25.500 0.0000
26.000 0.0000
26.500 0.0000
27.000 0.0000
27.500 0.0000
28.000 0.0000
28.500 0.0000
29.000 0.0000
29.500 0.0000
30.000 0.0000
30.500 0.0000
31.000 0.0000
31.500 0.0000
32.000 0.0000
32.500 0.0000
33.000 0.0000
33.500 0.0000
34.000 0.0000
34.500 0.0000
35.000 0.0000
35.500 0.0000
36.000 0.0000
36.500 0.0000
37.000 0.0000
37.500 0.0000
38.000 0.0000
38.500 0.0000
39.000 0.0000
39.500 0.0000
40.000 0.0000
40.500 0.0000
41.000 0.0000
41.500 0.0000
42.000 0.0000
42.500 0.0000
43.000 0.0000
43.500 0.0000
44.000 0.0000
44.500 0.0000
45.000 0.0000
45.500 0.0000
46.000 0.0000
46.500 0.0000
47.000 0.0000
47.500 0.0000
48.000 0.0000
48.500 0.0000
49.000 0.0000
49.500 0.0000
50.000 0.0000
50.500 0.0000
51.000 0.0000
51.500 0.0000
52.000 0.0000
52.500 0.0000
53.000 0.0000
53.500 0.0000
54.000 0.0000
54.500 0.0000
55.000 0.0000
55.500 0.0000
56.000 0.0000
56.500 0.0000
57.000 0.0000
57.500 0.0000
58.000 0.0000
58.500 0.0000
59.000 0.0000
59.500 0.0000
60.000 0.0000
60.500 0.0000
61.000 0.0000
61.500 0.0000
62.000 0.0000
62.500 0.0000
63.000 0.0000
63.500 0.0000
64.000 0.0000
64.500 0.0000
65.000 0.0000
65.500 0.0000
66.000 0.0000
66.500 0.0000
67.000 0.0000
67.500 0.0000
68.000 0.0000
68.500 0.0000
69.000 0.0000
69.500 0.0000
70.000 0.0000
70.500 0.0000
71.000 0.0000
71.500 0.0000
72.000 0.0000
72.500 0.0000
73.000 0.0000
73.500 0.0000
74.000 0.0000
74.500 0.0000
75.000 0.0000
75.500 0.0000
76.000 0.0000
76.500 0.0000
77.000 0.0000
77.500 0.0000
78.000 0.0000
78.500 0.0000
79.000 0.0000
79.500 0.0000
80.000 0.0000
80.500 0.0000
81.000 0.0000
81.500 0.0000
82.000 0.0000
82.500 0.0000
83.000 0.0000
83.500 0.0000
84.000 0.0000
84.500 0.0000
85.000 0.0000
85.500 0.0000
86.000 0.0000
86.500 0.0000
87.000 0.0000
87.500 0.0000
88.000 0.0000
88.500 0.0000
89.000 0.0000
89.500 0.0000
90.000 0.0000
90.500 0.0000
91.000 0.0000
91.500 0.0000
92.000 0.0000
92.500 0.0000
93.000 0.0000
93.500 0.0000
94.000 0.0000
94.500 0.0000
95.000 0.0000
95.500 0.0000
96.000 0.0000
96.500 0.0000
97.000 0.0000
97.500 0.0000
98.000 0.0000
98.500 0.0000
99.000 0.0000
99.500 0.0000
100.00 0.0000
100.50 0.0000
101.00 0.0000
101.50 0.0000
102.00 0.0000
102.50 0.0000
103.00 0.0000
103.50 0.0000
104.00 0.0000
104.50 0.0000
105.00 0.0000
105.50 0.0000
106.00 0.0000
106.50 0.0000
107.00 0.0000
107.50 0.0000
108.00 0.0000
108.50 0.0000
109.00 0.0000
109.50 0.0000
110.00 0.0000
110.50 0.0000
111.00 0.0000
111.50 0.0000
112.00 0.0000
112.50 0.0000
113.00 0.0000
113.50 0.0000
114.00 0.0000
114.50 0.0000
115.00 0.0000
115.50 0.0000
116.00 0.0000
116.50 0.0000
117.00 0.0000
117.50 0.0000
118.00 0.0000
118.50 0.0000
119.00 0.0000
119.50 0.0000
120.00 0.0000
120.50 0.0000
121.00 0.0000
121.50 0.0000
122.00 0.0000
122.50 0.0000
123.00 0.0000
123.50 0.0000
124.00 0.0000
124.50 0.0000
125.00 0.0000
125.50 0.0000
126.00 0.0000
126.50 0.0000
127.00 0.0000
127.50 0.0000
128.00 0.0000
128.50 0.0000
129.00 0.0000
129.50 0.0000
130.00 0.0000
130.50 0.0000
131.00 0.0000
131.50 0.0000
132.00 0.0000
132.50 0.0000
133.00 0.0000
133.50 0.0000
134.00 0.0000
134.50 0.0000
135.00 0.0000
135.50 0.0000
136.00 0.0000
136.50 0.0000
137.00 0.0000
137.50 0.0000
138.00 0.0000
138.50 0.0000
139.00 0.0000
139.50 0.0000
140.00 0.0000
140.50 0.0000
141.00 0.0000
141.50 0.0000
142.00 0.0000
142.50 0.0000
143.00 0.0000
143.50 0.0000
144.00 0.0000
144.50 0.0000
145.00 0.0000
145.50 0.0000
146.00 0.0000
146.50 0.0000
147.00 0.0000
147.50 0.0000
148.00 0.0000
148.50 0.0000
149.00 0.0000
149.50 0.0000
150.00 0.0000
150.50 0.0000
151.00 0.0000
151.50 0.0000
152.00 0.0000
152.50 0.0000
153.00 0.0000
153.50 0.0000
154.00 0.0000
154.50 0.0000
155.00 0.0000
155.50 0.0000
156.00 0.0000
156.50 0.0000
157.00 0.0000
157.50 0.0000
158.00 0.0000
158.50 0.0000
159.00 0.0000
159.50 0.0000
160.00 0.0000
160.50 0.0000
161.00 0.0000
161.50 0.0000
162.00 0.0000
162.50 0.0000
163.00 0.0000
163.50 0.0000
164.00 0.0000
164.50 0.0000
165.00 0.0000
165.50 0.0000
166.00 0.0000
166.50 0.0000
167.00 0.0000
167.50 0.0000
168.00 0.0000
168.50 0.0000
169.00 0.0000
169.50 0.0000
170.00 0.0000
170.50 0.0000
171.00 0.0000
171.50 0.0000
172.00 0.0000
172.50 0.0000
173.00 0.0000
173.50 0.0000
174.00 0.0000
174.50 0.0000
175.00 0.0000
175.50 0.0000
176.00 0.0000
176.50 0.0000
177.00 0.0000
177.50 0.0000
178.00 0.0000
178.50 0.0000
179.00 0.0000
179.50 0.0000
180.00 0.0000
