0.0000 0.62539E-01
0.50000 0.62543E-01
1.0000 0.62556E-01
1.5000 0.62577E-01
2.0000 0.62607E-01
2.5000 0.62646E-01
3.0000 0.62693E-01
3.5000 0.62749E-01
4.0000 0.62815E-01
4.5000 0.62890E-01
5.0000 0.62975E-01
5.5000 0.63070E-01
6.0000 0.63176E-01
6.5000 0.63292E-01
7.0000 0.63419E-01
7.5000 0.63557E-01
8.0000 0.63707E-01
8.5000 0.63869E-01
9.0000 0.64044E-01
9.5000 0.64231E-01
10.000 0.64431E-01
10.500 0.64645E-01
11.000 0.64873E-01
11.500 0.65115E-01
12.000 0.65371E-01
12.500 0.65643E-01
13.000 0.65929E-01
13.500 0.66230E-01
14.000 0.66547E-01
14.500 0.66880E-01
15.000 0.67228E-01
15.500 0.67592E-01
16.000 0.67971E-01
16.500 0.68367E-01
17.000 0.68778E-01
17.500 0.69205E-01
18.000 0.69647E-01
18.500 0.70105E-01
19.000 0.70578E-01
19.500 0.71065E-01
20.000 0.71566E-01
20.500 0.72081E-01
21.000 0.72610E-01
21.500 0.73151E-01
22.000 0.73704E-01
22.500 0.74269E-01
23.000 0.74844E-01
23.500 0.75429E-01
24.000 0.76023E-01
24.500 0.76625E-01
25.000 0.77234E-01
25.500 0.77850E-01
26.000 0.78470E-01
26.500 0.79095E-01
27.000 0.79722E-01
27.500 0.80351E-01
28.000 0.80981E-01
28.500 0.81609E-01
29.000 0.82236E-01
29.500 0.82860E-01
30.000 0.83478E-01
30.500 0.84091E-01
31.000 0.84697E-01
31.500 0.85294E-01
32.000 0.85880E-01
32.500 0.86456E-01
33.000 0.87019E-01
33.500 0.87568E-01
34.000 0.88101E-01
34.500 0.88618E-01
35.000 0.89116E-01
35.500 0.89596E-01
36.000 0.90054E-01
36.500 0.90491E-01
37.000 0.90905E-01
37.500 0.91295E-01
38.000 0.91660E-01
38.500 0.91998E-01
39.000 0.92309E-01
39.500 0.92592E-01
40.000 0.92845E-01
40.500 0.93068E-01
41.000 0.93261E-01
41.500 0.93421E-01
42.000 0.93550E-01
42.500 0.93645E-01
43.000 0.93706E-01
43.500 0.93734E-01
44.000 0.93727E-01
44.500 0.93685E-01
45.000 0.93608E-01
45.500 0.93495E-01
46.000 0.93347E-01
46.500 0.93162E-01
47.000 0.92943E-01
47.500 0.92687E-01
48.000 0.92395E-01
48.500 0.92069E-01
49.000 0.91706E-01
49.500 0.91309E-01
50.000 0.90877E-01
50.500 0.90411E-01
51.000 0.89911E-01
51.500 0.89378E-01
52.000 0.88812E-01
52.500 0.88214E-01
53.000 0.87585E-01
53.500 0.86925E-01
54.000 0.86235E-01
54.500 0.85517E-01
55.000 0.84770E-01
55.500 0.83996E-01
56.000 0.83196E-01
56.500 0.82371E-01
57.000 0.81522E-01
57.500 0.80649E-01
58.000 0.79755E-01
58.500 0.78839E-01
59.000 0.77904E-01
59.500 0.76951E-01
60.000 0.75980E-01
60.500 0.74992E-01
61.000 0.73990E-01
61.500 0.72974E-01
62.000 0.71945E-01
62.500 0.70906E-01
63.000 0.69856E-01
63.500 0.68797E-01
64.000 0.67731E-01
64.500 0.66658E-01
65.000 0.65580E-01
65.500 0.64499E-01
66.000 0.63414E-01
66.500 0.62329E-01
67.000 0.61243E-01
67.500 0.60157E-01
68.000 0.59074E-01
68.500 0.57994E-01
69.000 0.56919E-01
69.500 0.55848E-01
70.000 0.54785E-01
70.500 0.53728E-01
71.000 0.52681E-01
71.500 0.51642E-01
72.000 0.50614E-01
72.500 0.49598E-01
73.000 0.48594E-01
73.500 0.47603E-01
74.000 0.46626E-01
74.500 0.45664E-01
75.000 0.44717E-01
75.500 0.43787E-01
76.000 0.42874E-01
76.500 0.41979E-01
77.000 0.41102E-01
77.500 0.40244E-01
78.000 0.39405E-01
78.500 0.38587E-01
79.000 0.37789E-01
79.500 0.37012E-01
80.000 0.36256E-01
80.500 0.35522E-01
81.000 0.34810E-01
81.500 0.34121E-01
82.000 0.33455E-01
82.500 0.32811E-01
83.000 0.32191E-01
83.500 0.31594E-01
84.000 0.31020E-01
84.500 0.30470E-01
85.000 0.29944E-01
85.500 0.29441E-01
86.000 0.28962E-01
86.500 0.28507E-01
87.000 0.28075E-01
87.500 0.27667E-01
88.000 0.27282E-01
88.500 0.26921E-01
89.000 0.26582E-01
89.500 0.26267E-01
90.000 0.25974E-01
90.500 0.25703E-01
91.000 0.25455E-01
91.500 0.25228E-01
92.000 0.25023E-01
92.500 0.24839E-01
93.000 0.24675E-01
93.500 0.24533E-01
94.000 0.24410E-01
94.500 0.24306E-01
95.000 0.24222E-01
95.500 0.24156E-01
96.000 0.24109E-01
96.500 0.24079E-01
97.000 0.24066E-01
97.500 0.24070E-01
98.000 0.24089E-01
98.500 0.24125E-01
99.000 0.24175E-01
99.500 0.24240E-01
100.00 0.24319E-01
100.50 0.24411E-01
101.00 0.24515E-01
101.50 0.24632E-01
102.00 0.24761E-01
102.50 0.24900E-01
103.00 0.25050E-01
103.50 0.25209E-01
104.00 0.25378E-01
104.50 0.25556E-01
105.00 0.25741E-01
105.50 0.25934E-01
106.00 0.26134E-01
106.50 0.26341E-01
107.00 0.26553E-01
107.50 0.26771E-01
108.00 0.26994E-01
108.50 0.27220E-01
109.00 0.27451E-01
109.50 0.27685E-01
110.00 0.27922E-01
110.50 0.28162E-01
111.00 0.28403E-01
111.50 0.28646E-01
112.00 0.28891E-01
112.50 0.29136E-01
113.00 0.29382E-01
113.50 0.29628E-01
114.00 0.29874E-01
114.50 0.30120E-01
115.00 0.30365E-01
115.50 0.30609E-01
116.00 0.30853E-01
116.50 0.31095E-01
117.00 0.31336E-01
117.50 0.31576E-01
118.00 0.31814E-01
118.50 0.32051E-01
119.00 0.32286E-01
119.50 0.32520E-01
120.00 0.32753E-01
120.50 0.32984E-01
121.00 0.33213E-01
121.50 0.33442E-01
122.00 0.33670E-01
122.50 0.33897E-01
123.00 0.34123E-01
123.50 0.34349E-01
124.00 0.34575E-01
124.50 0.34802E-01
125.00 0.35029E-01
125.50 0.35257E-01
126.00 0.35486E-01
126.50 0.35717E-01
127.00 0.35951E-01
127.50 0.36187E-01
128.00 0.36426E-01
128.50 0.36670E-01
129.00 0.36917E-01
129.50 0.37169E-01
130.00 0.37426E-01
130.50 0.37690E-01
131.00 0.37960E-01
131.50 0.38237E-01
132.00 0.38521E-01
132.50 0.38814E-01
133.00 0.39116E-01
133.50 0.39427E-01
134.00 0.39749E-01
134.50 0.40081E-01
135.00 0.40425E-01
135.50 0.40781E-01
136.00 0.41150E-01
136.50 0.41532E-01
137.00 0.41927E-01
137.50 0.42338E-01
138.00 0.42763E-01
138.50 0.43204E-01
139.00 0.43661E-01
139.50 0.44134E-01
140.00 0.44625E-01
140.50 0.45133E-01
141.00 0.45659E-01
141.50 0.46204E-01
142.00 0.46767E-01
142.50 0.47349E-01
143.00 0.47951E-01
143.50 0.48572E-01
144.00 0.49213E-01
144.50 0.49874E-01
145.00 0.50555E-01
145.50 0.51257E-01
146.00 0.51978E-01
146.50 0.52720E-01
147.00 0.53482E-01
147.50 0.54264E-01
148.00 0.55066E-01
148.50 0.55888E-01
149.00 0.56728E-01
149.50 0.57588E-01
150.00 0.58467E-01
150.50 0.59363E-01
151.00 0.60278E-01
151.50 0.61209E-01
152.00 0.62158E-01
152.50 0.63122E-01
153.00 0.64101E-01
153.50 0.65095E-01
154.00 0.66102E-01
154.50 0.67122E-01
155.00 0.68154E-01
155.50 0.69197E-01
156.00 0.70249E-01
156.50 0.71311E-01
157.00 0.72380E-01
157.50 0.73455E-01
158.00 0.74536E-01
158.50 0.75621E-01
159.00 0.76708E-01
159.50 0.77797E-01
160.00 0.78887E-01
160.50 0.79975E-01
161.00 0.81060E-01
161.50 0.82142E-01
162.00 0.83218E-01
162.50 0.84287E-01
163.00 0.85348E-01
163.50 0.86399E-01
164.00 0.87438E-01
164.50 0.88465E-01
165.00 0.89478E-01
165.50 0.90474E-01
166.00 0.91454E-01
166.50 0.92415E-01
167.00 0.93355E-01
167.50 0.94274E-01
168.00 0.95170E-01
168.50 0.96041E-01
169.00 0.96887E-01
169.50 0.97705E-01
170.00 0.98495E-01
170.50 0.99255E-01
171.00 0.99984E-01
171.50 0.10068
172.00 0.10134
172.50 0.10197
173.00 0.10257
173.50 0.10312
174.00 0.10364
174.50 0.10413
175.00 0.10457
175.50 0.10497
176.00 0.10533
176.50 0.10565
177.00 0.10593
177.50 0.10617
178.00 0.10636
178.50 0.10652
179.00 0.10662
179.50 0.10669
180.00 0.10671
