0.10000E-01 1.0000
0.50000 0.99755
1.0000 0.98608
1.5000 0.96646
2.0000 0.94052
2.5000 0.91008
3.0000 0.87686
3.5000 0.84248
4.0000 0.80845
4.5000 0.77624
5.0000 0.74719
5.5000 0.72259
6.0000 0.70361
6.5000 0.69134
7.0000 0.68677
7.5000 0.69076
8.0000 0.70405
8.5000 0.72724
9.0000 0.76079
9.5000 0.80502
10.000 0.86010
10.500 0.92602
11.000 1.0026
11.500 1.0896
12.000 1.1864
12.500 1.2925
13.000 1.4071
13.500 1.5293
14.000 1.6580
14.500 1.7920
15.000 1.9301
15.500 2.0710
16.000 2.2132
16.500 2.3553
17.000 2.4957
17.500 2.6329
18.000 2.7655
18.500 2.8920
19.000 3.0109
19.500 3.1209
20.000 3.2206
20.500 3.3089
21.000 3.3848
21.500 3.4472
22.000 3.4955
22.500 3.5289
23.000 3.5469
23.500 3.5494
24.000 3.5360
24.500 3.5068
25.000 3.4620
25.500 3.4021
26.000 3.3274
26.500 3.2387
27.000 3.1369
27.500 3.0229
28.000 2.8977
28.500 2.7626
29.000 2.6189
29.500 2.4680
30.000 2.3113
30.500 2.1503
31.000 1.9865
31.500 1.8214
32.000 1.6566
32.500 1.4936
33.000 1.3339
33.500 1.1788
34.000 1.0296
34.500 0.88775
35.000 0.75426
35.500 0.63022
36.000 0.51657
36.500 0.41412
37.000 0.32355
37.500 0.24542
38.000 0.18013
38.500 0.12794
39.000 0.89002E-01
39.500 0.63294E-01
40.000 0.50677E-01
40.500 0.50879E-01
41.000 0.63506E-01
41.500 0.88045E-01
42.000 0.12388
42.500 0.17028
43.000 0.22645
43.500 0.29149
44.000 0.36446
44.500 0.44435
45.000 0.53011
45.500 0.62065
46.000 0.71488
46.500 0.81168
47.000 0.90996
47.500 1.0086
48.000 1.1066
48.500 1.2030
49.000 1.2966
49.500 1.3867
50.000 1.4723
50.500 1.5527
51.000 1.6272
51.500 1.6951
52.000 1.7559
52.500 1.8091
53.000 1.8544
53.500 1.8915
54.000 1.9202
54.500 1.9405
55.000 1.9523
55.500 1.9557
56.000 1.9508
56.500 1.9380
57.000 1.9176
57.500 1.8899
58.000 1.8553
58.500 1.8145
59.000 1.7680
59.500 1.7164
60.000 1.6603
60.500 1.6003
61.000 1.5373
61.500 1.4719
62.000 1.4048
62.500 1.3368
63.000 1.2686
63.500 1.2008
64.000 1.1342
64.500 1.0694
65.000 1.0070
65.500 0.94775
66.000 0.89209
66.500 0.84057
67.000 0.79366
67.500 0.75177
68.000 0.71529
68.500 0.68454
69.000 0.65976
69.500 0.64118
70.000 0.62895
70.500 0.62315
71.000 0.62384
71.500 0.63100
72.000 0.64457
72.500 0.66442
73.000 0.69041
73.500 0.72231
74.000 0.75989
74.500 0.80285
75.000 0.85085
75.500 0.90356
76.000 0.96057
76.500 1.0215
77.000 1.0859
77.500 1.1533
78.000 1.2232
78.500 1.2953
79.000 1.3689
79.500 1.4437
80.000 1.5192
80.500 1.5948
81.000 1.6702
81.500 1.7449
82.000 1.8184
82.500 1.8905
83.000 1.9605
83.500 2.0283
84.000 2.0935
84.500 2.1556
85.000 2.2146
85.500 2.2701
86.000 2.3218
86.500 2.3696
87.000 2.4134
87.500 2.4530
88.000 2.4882
88.500 2.5191
89.000 2.5456
89.500 2.5677
90.000 2.5854
90.500 2.5988
91.000 2.6080
91.500 2.6130
92.000 2.6140
92.500 2.6111
93.000 2.6045
93.500 2.5945
94.000 2.5811
94.500 2.5646
95.000 2.5454
95.500 2.5235
96.000 2.4993
96.500 2.4730
97.000 2.4449
97.500 2.4152
98.000 2.3842
98.500 2.3522
99.000 2.3195
99.500 2.2863
100.00 2.2528
100.50 2.2193
101.00 2.1860
101.50 2.1532
102.00 2.1211
102.50 2.0899
103.00 2.0598
103.50 2.0309
104.00 2.0035
104.50 1.9776
105.00 1.9534
105.50 1.9310
106.00 1.9106
106.50 1.8923
107.00 1.8760
107.50 1.8619
108.00 1.8500
108.50 1.8404
109.00 1.8330
109.50 1.8280
110.00 1.8252
110.50 1.8247
111.00 1.8264
111.50 1.8304
112.00 1.8365
112.50 1.8447
113.00 1.8550
113.50 1.8672
114.00 1.8814
114.50 1.8974
115.00 1.9152
115.50 1.9347
116.00 1.9558
116.50 1.9783
117.00 2.0023
117.50 2.0277
118.00 2.0543
118.50 2.0820
119.00 2.1108
119.50 2.1406
120.00 2.1713
120.50 2.2028
121.00 2.2350
121.50 2.2680
122.00 2.3015
122.50 2.3356
123.00 2.3702
123.50 2.4051
124.00 2.4404
124.50 2.4761
125.00 2.5119
125.50 2.5480
126.00 2.5843
126.50 2.6206
127.00 2.6571
127.50 2.6936
128.00 2.7301
128.50 2.7665
129.00 2.8029
129.50 2.8393
130.00 2.8755
130.50 2.9115
131.00 2.9474
131.50 2.9830
132.00 3.0184
132.50 3.0536
133.00 3.0884
133.50 3.1228
134.00 3.1569
134.50 3.1906
135.00 3.2238
135.50 3.2564
136.00 3.2885
136.50 3.3200
137.00 3.3509
137.50 3.3810
138.00 3.4104
138.50 3.4389
139.00 3.4666
139.50 3.4933
140.00 3.5190
140.50 3.5437
141.00 3.5672
141.50 3.5895
142.00 3.6105
142.50 3.6301
143.00 3.6484
143.50 3.6652
144.00 3.6804
144.50 3.6941
145.00 3.7060
145.50 3.7162
146.00 3.7247
146.50 3.7312
147.00 3.7359
147.50 3.7386
148.00 3.7393
148.50 3.7379
149.00 3.7344
149.50 3.7289
150.00 3.7211
150.50 3.7112
151.00 3.6991
151.50 3.6848
152.00 3.6683
152.50 3.6496
153.00 3.6287
153.50 3.6056
154.00 3.5804
154.50 3.5530
155.00 3.5236
155.50 3.4921
156.00 3.4586
156.50 3.4232
157.00 3.3859
157.50 3.3468
158.00 3.3059
158.50 3.2635
159.00 3.2195
159.50 3.1740
160.00 3.1272
160.50 3.0791
161.00 3.0299
161.50 2.9796
162.00 2.9285
162.50 2.8766
163.00 2.8241
163.50 2.7710
164.00 2.7176
164.50 2.6639
165.00 2.6102
165.50 2.5564
166.00 2.5029
166.50 2.4496
167.00 2.3968
167.50 2.3446
168.00 2.2932
168.50 2.2426
169.00 2.1930
169.50 2.1446
170.00 2.0974
170.50 2.0517
171.00 2.0075
171.50 1.9649
172.00 1.9241
172.50 1.8851
173.00 1.8482
173.50 1.8133
174.00 1.7806
174.50 1.7502
175.00 1.7222
175.50 1.6966
176.00 1.6734
176.50 1.6529
177.00 1.6350
177.50 1.6197
178.00 1.6072
178.50 1.5974
179.00 1.5904
179.50 1.5861
179.99 1.5847
