0.0000 5.9065
0.50000 5.9051
1.0000 5.9008
1.5000 5.8937
2.0000 5.8837
2.5000 5.8709
3.0000 5.8552
3.5000 5.8367
4.0000 5.8154
4.5000 5.7912
5.0000 5.7642
5.5000 5.7345
6.0000 5.7019
6.5000 5.6666
7.0000 5.6286
7.5000 5.5879
8.0000 5.5445
8.5000 5.4985
9.0000 5.4500
9.5000 5.3989
10.000 5.3454
10.500 5.2895
11.000 5.2313
11.500 5.1708
12.000 5.1081
12.500 5.0432
13.000 4.9764
13.500 4.9075
14.000 4.8368
14.500 4.7642
15.000 4.6900
15.500 4.6141
16.000 4.5366
16.500 4.4577
17.000 4.3774
17.500 4.2958
18.000 4.2130
18.500 4.1291
19.000 4.0443
19.500 3.9584
20.000 3.8718
20.500 3.7845
21.000 3.6965
21.500 3.6081
22.000 3.5192
22.500 3.4300
23.000 3.3406
23.500 3.2512
24.000 3.1617
24.500 3.0724
25.000 2.9833
25.500 2.8946
26.000 2.8063
26.500 2.7185
27.000 2.6313
27.500 2.5449
28.000 2.4593
28.500 2.3746
29.000 2.2910
29.500 2.2084
30.000 2.1270
30.500 2.0468
31.000 1.9679
31.500 1.8904
32.000 1.8143
32.500 1.7398
33.000 1.6668
33.500 1.5954
34.000 1.5256
34.500 1.4575
35.000 1.3912
35.500 1.3266
36.000 1.2639
36.500 1.2030
37.000 1.1439
37.500 1.0867
38.000 1.0313
38.500 0.97791
39.000 0.92639
39.500 0.87679
40.000 0.82911
40.500 0.78333
41.000 0.73946
41.500 0.69749
42.000 0.65740
42.500 0.61917
43.000 0.58279
43.500 0.54822
44.000 0.51544
44.500 0.48443
45.000 0.45514
45.500 0.42754
46.000 0.40160
46.500 0.37728
47.000 0.35452
47.500 0.33330
48.000 0.31356
48.500 0.29526
49.000 0.27835
49.500 0.26279
50.000 0.24852
50.500 0.23550
51.000 0.22368
51.500 0.21302
52.000 0.20345
52.500 0.19493
53.000 0.18741
53.500 0.18085
54.000 0.17519
54.500 0.17038
55.000 0.16638
55.500 0.16314
56.000 0.16060
56.500 0.15873
57.000 0.15748
57.500 0.15680
58.000 0.15665
58.500 0.15698
59.000 0.15775
59.500 0.15893
60.000 0.16047
60.500 0.16232
61.000 0.16447
61.500 0.16686
62.000 0.16947
62.500 0.17227
63.000 0.17521
63.500 0.17828
64.000 0.18145
64.500 0.18468
65.000 0.18796
65.500 0.19125
66.000 0.19455
66.500 0.19783
67.000 0.20107
67.500 0.20425
68.000 0.20736
68.500 0.21038
69.000 0.21330
69.500 0.21611
70.000 0.21879
70.500 0.22134
71.000 0.22375
71.500 0.22601
72.000 0.22811
72.500 0.23005
73.000 0.23182
73.500 0.23343
74.000 0.23485
74.500 0.23611
75.000 0.23719
75.500 0.23809
76.000 0.23882
76.500 0.23937
77.000 0.23975
77.500 0.23996
78.000 0.24001
78.500 0.23991
79.000 0.23964
79.500 0.23923
80.000 0.23867
80.500 0.23797
81.000 0.23715
81.500 0.23620
82.000 0.23513
82.500 0.23396
83.000 0.23268
83.500 0.23130
84.000 0.22984
84.500 0.22830
85.000 0.22669
85.500 0.22501
86.000 0.22327
86.500 0.22148
87.000 0.21964
87.500 0.21777
88.000 0.21586
88.500 0.21394
89.000 0.21199
89.500 0.21004
90.000 0.20808
90.500 0.20612
91.000 0.20416
91.500 0.20222
92.000 0.20030
92.500 0.19841
93.000 0.19654
93.500 0.19470
94.000 0.19291
94.500 0.19116
95.000 0.18946
95.500 0.18780
96.000 0.18621
96.500 0.18467
97.000 0.18320
97.500 0.18178
98.000 0.18044
98.500 0.17917
99.000 0.17796
99.500 0.17683
100.00 0.17577
100.50 0.17479
101.00 0.17389
101.50 0.17306
102.00 0.17230
102.50 0.17163
103.00 0.17103
103.50 0.17050
104.00 0.17006
104.50 0.16968
105.00 0.16938
105.50 0.16916
106.00 0.16900
106.50 0.16892
107.00 0.16891
107.50 0.16896
108.00 0.16908
108.50 0.16927
109.00 0.16951
109.50 0.16982
110.00 0.17019
110.50 0.17061
111.00 0.17109
111.50 0.17162
112.00 0.17220
112.50 0.17282
113.00 0.17349
113.50 0.17421
114.00 0.17496
114.50 0.17575
115.00 0.17657
115.50 0.17743
116.00 0.17832
116.50 0.17923
117.00 0.18017
117.50 0.18113
118.00 0.18211
118.50 0.18310
119.00 0.18411
119.50 0.18513
120.00 0.18617
120.50 0.18721
121.00 0.18825
121.50 0.18930
122.00 0.19035
122.50 0.19139
123.00 0.19243
123.50 0.19347
124.00 0.19450
124.50 0.19552
125.00 0.19653
125.50 0.19753
126.00 0.19851
126.50 0.19947
127.00 0.20042
127.50 0.20135
128.00 0.20225
128.50 0.20314
129.00 0.20400
129.50 0.20483
130.00 0.20565
130.50 0.20643
131.00 0.20718
131.50 0.20791
132.00 0.20861
132.50 0.20928
133.00 0.20992
133.50 0.21053
134.00 0.21110
134.50 0.21165
135.00 0.21216
135.50 0.21264
136.00 0.21309
136.50 0.21351
137.00 0.21389
137.50 0.21424
138.00 0.21456
138.50 0.21485
139.00 0.21510
139.50 0.21532
140.00 0.21551
140.50 0.21567
141.00 0.21579
141.50 0.21588
142.00 0.21595
142.50 0.21598
143.00 0.21598
143.50 0.21595
144.00 0.21589
144.50 0.21580
145.00 0.21569
145.50 0.21555
146.00 0.21538
146.50 0.21519
147.00 0.21497
147.50 0.21473
148.00 0.21447
148.50 0.21418
149.00 0.21387
149.50 0.21354
150.00 0.21320
150.50 0.21283
151.00 0.21245
151.50 0.21205
152.00 0.21163
152.50 0.21120
153.00 0.21076
153.50 0.21030
154.00 0.20983
154.50 0.20935
155.00 0.20886
155.50 0.20836
156.00 0.20785
156.50 0.20733
157.00 0.20681
157.50 0.20628
158.00 0.20575
158.50 0.20521
159.00 0.20467
159.50 0.20413
160.00 0.20358
160.50 0.20304
161.00 0.20250
161.50 0.20196
162.00 0.20142
162.50 0.20088
163.00 0.20036
163.50 0.19983
164.00 0.19932
164.50 0.19881
165.00 0.19831
165.50 0.19782
166.00 0.19734
166.50 0.19687
167.00 0.19641
167.50 0.19596
168.00 0.19552
168.50 0.19510
169.00 0.19469
169.50 0.19430
170.00 0.19392
170.50 0.19355
171.00 0.19320
171.50 0.19287
172.00 0.19255
172.50 0.19225
173.00 0.19197
173.50 0.19170
174.00 0.19145
174.50 0.19122
175.00 0.19101
175.50 0.19081
176.00 0.19064
176.50 0.19049
177.00 0.19035
177.50 0.19024
178.00 0.19015
178.50 0.19007
179.00 0.19002
179.50 0.18999
180.00 0.18998
