0.000 2.191
0.000 -0.4901
0.000 0.000
1.000 2.170
0.1491E-01 -0.4905
0.2075E-01 0.1289E-02
2.000 2.108
0.3018E-01 -0.4916
0.3982E-01 0.4995E-02
3.000 2.014
0.4612E-01 -0.4938
0.5551E-01 0.1061E-01
4.000 1.896
0.6295E-01 -0.4972
0.6614E-01 0.1719E-01
5.000 1.768
0.8081E-01 -0.5021
0.7015E-01 0.2332E-01
6.000 1.640
0.9984E-01 -0.5083
0.6633E-01 0.2710E-01
7.000 1.523
0.1202 -0.5153
0.5411E-01 0.2641E-01
8.000 1.423
0.1420 -0.5218
0.3382E-01 0.1942E-01
9.000 1.345
0.1651 -0.5260
0.6792E-02 0.5206E-02
10.00 1.286
0.1889 -0.5257
-0.2491E-01 -0.1581E-01
11.00 1.245
0.2116 -0.5192
-0.5898E-01 -0.4190E-01
12.00 1.214
0.2312 -0.5059
-0.9334E-01 -0.7067E-01
13.00 1.186
0.2451 -0.4863
-0.1265 -0.9981E-01
14.00 1.154
0.2509 -0.4618
-0.1573 -0.1276
15.00 1.111
0.2468 -0.4343
-0.1853 -0.1531
16.00 1.053
0.2312 -0.4061
-0.2099 -0.1759
17.00 0.9792
0.2033 -0.3790
-0.2306 -0.1962
18.00 0.8924
0.1623 -0.3546
-0.2467 -0.2141
19.00 0.7972
0.1079 -0.3344
-0.2572 -0.2300
20.00 0.6999
0.4057E-01 -0.3199
-0.2609 -0.2441
21.00 0.6069
-0.3789E-01 -0.3126
-0.2561 -0.2567
22.00 0.5233
-0.1233 -0.3144
-0.2411 -0.2680
23.00 0.4526
-0.2085 -0.3271
-0.2150 -0.2781
24.00 0.3963
-0.2838 -0.3514
-0.1782 -0.2868
25.00 0.3539
-0.3394 -0.3867
-0.1340 -0.2937
26.00 0.3234
-0.3692 -0.4297
-0.8759E-01 -0.2981
27.00 0.3019
-0.3738 -0.4761
-0.4510E-01 -0.2993
28.00 0.2861
-0.3594 -0.5216
-0.1134E-01 -0.2967
29.00 0.2728
-0.3353 -0.5638
0.1117E-01 -0.2901
30.00 0.2593
-0.3101 -0.6020
0.2191E-01 -0.2794
31.00 0.2441
-0.2904 -0.6369
0.2146E-01 -0.2649
32.00 0.2266
-0.2806 -0.6693
0.1071E-01 -0.2470
33.00 0.2071
-0.2835 -0.6999
-0.9425E-02 -0.2265
34.00 0.1865
-0.3004 -0.7283
-0.3801E-01 -0.2043
35.00 0.1662
-0.3313 -0.7534
-0.7369E-01 -0.1818
36.00 0.1473
-0.3741 -0.7730
-0.1143 -0.1611
37.00 0.1307
-0.4244 -0.7846
-0.1565 -0.1445
38.00 0.1168
-0.4751 -0.7857
-0.1962 -0.1342
39.00 0.1057
-0.5182 -0.7753
-0.2292 -0.1317
40.00 0.9710E-01
-0.5467 -0.7542
-0.2520 -0.1373
41.00 0.9051E-01
-0.5565 -0.7249
-0.2632 -0.1500
42.00 0.8545E-01
-0.5477 -0.6913
-0.2633 -0.1678
43.00 0.8142E-01
-0.5231 -0.6574
-0.2542 -0.1884
44.00 0.7797E-01
-0.4874 -0.6266
-0.2386 -0.2096
45.00 0.7475E-01
-0.4456 -0.6016
-0.2193 -0.2296
46.00 0.7149E-01
-0.4017 -0.5839
-0.1987 -0.2471
47.00 0.6804E-01
-0.3589 -0.5741
-0.1789 -0.2614
48.00 0.6434E-01
-0.3193 -0.5718
-0.1611 -0.2720
49.00 0.6041E-01
-0.2843 -0.5762
-0.1465 -0.2791
50.00 0.5635E-01
-0.2545 -0.5858
-0.1353 -0.2829
51.00 0.5226E-01
-0.2304 -0.5991
-0.1274 -0.2840
52.00 0.4826E-01
-0.2120 -0.6146
-0.1225 -0.2828
53.00 0.4444E-01
-0.1989 -0.6313
-0.1197 -0.2800
54.00 0.4083E-01
-0.1907 -0.6484
-0.1185 -0.2759
55.00 0.3748E-01
-0.1870 -0.6655
-0.1181 -0.2710
56.00 0.3437E-01
-0.1874 -0.6823
-0.1180 -0.2651
57.00 0.3150E-01
-0.1919 -0.6988
-0.1178 -0.2584
58.00 0.2884E-01
-0.2004 -0.7153
-0.1171 -0.2507
59.00 0.2637E-01
-0.2131 -0.7319
-0.1153 -0.2419
60.00 0.2406E-01
-0.2299 -0.7491
-0.1118 -0.2320
61.00 0.2189E-01
-0.2507 -0.7675
-0.1059 -0.2210
62.00 0.1986E-01
-0.2746 -0.7876
-0.9699E-01 -0.2088
63.00 0.1796E-01
-0.3006 -0.8098
-0.8451E-01 -0.1956
64.00 0.1620E-01
-0.3272 -0.8344
-0.6819E-01 -0.1814
65.00 0.1460E-01
-0.3529 -0.8612
-0.4800E-01 -0.1664
66.00 0.1315E-01
-0.3762 -0.8894
-0.2409E-01 -0.1510
67.00 0.1187E-01
-0.3956 -0.9180
0.3319E-02 -0.1357
68.00 0.1075E-01
-0.4100 -0.9455
0.3403E-01 -0.1213
69.00 0.9782E-02
-0.4180 -0.9703
0.6781E-01 -0.1086
70.00 0.8949E-02
-0.4186 -0.9910
0.1042 -0.9863E-01
71.00 0.8233E-02
-0.4106 -1.006
0.1424 -0.9176E-01
72.00 0.7616E-02
-0.3937 -1.015
0.1810 -0.8820E-01
73.00 0.7077E-02
-0.3683 -1.015
0.2181 -0.8760E-01
74.00 0.6598E-02
-0.3360 -1.009
0.2517 -0.8921E-01
75.00 0.6161E-02
-0.2995 -0.9955
0.2805 -0.9202E-01
76.00 0.5750E-02
-0.2621 -0.9771
0.3040 -0.9501E-01
77.00 0.5353E-02
-0.2267 -0.9556
0.3225 -0.9738E-01
78.00 0.4967E-02
-0.1953 -0.9328
0.3372 -0.9869E-01
79.00 0.4589E-02
-0.1691 -0.9100
0.3496 -0.9878E-01
80.00 0.4223E-02
-0.1478 -0.8880
0.3610 -0.9770E-01
81.00 0.3871E-02
-0.1309 -0.8670
0.3726 -0.9562E-01
82.00 0.3539E-02
-0.1172 -0.8468
0.3851 -0.9267E-01
83.00 0.3225E-02
-0.1054 -0.8265
0.3986 -0.8897E-01
84.00 0.2931E-02
-0.9472E-01 -0.8049
0.4128 -0.8457E-01
85.00 0.2655E-02
-0.8422E-01 -0.7805
0.4273 -0.7945E-01
86.00 0.2394E-02
-0.7325E-01 -0.7524
0.4413 -0.7344E-01
87.00 0.2148E-02
-0.6126E-01 -0.7202
0.4538 -0.6620E-01
88.00 0.1917E-02
-0.4784E-01 -0.6839
0.4636 -0.5721E-01
89.00 0.1701E-02
-0.3277E-01 -0.6441
0.4694 -0.4590E-01
90.00 0.1503E-02
-0.1620E-01 -0.6018
0.4696 -0.3182E-01
91.00 0.1324E-02
0.1360E-02 -0.5586
0.4629 -0.1492E-01
92.00 0.1166E-02
0.1910E-01 -0.5169
0.4488 0.4157E-02
93.00 0.1030E-02
0.3621E-01 -0.4792
0.4278 0.2376E-01
94.00 0.9149E-03
0.5218E-01 -0.4480
0.4012 0.4115E-01
95.00 0.8205E-03
0.6699E-01 -0.4245
0.3712 0.5283E-01
96.00 0.7452E-03
0.8092E-01 -0.4092
0.3399 0.5551E-01
97.00 0.6867E-03
0.9409E-01 -0.4016
0.3092 0.4756E-01
98.00 0.6418E-03
0.1058 -0.4010
0.2795 0.3002E-01
99.00 0.6072E-03
0.1143 -0.4066
0.2495 0.6307E-02
100.0 0.5800E-03
0.1164 -0.4170
0.2170 -0.1898E-01
101.0 0.5579E-03
0.1086 -0.4307
0.1792 -0.4169E-01
102.0 0.5395E-03
0.8734E-01 -0.4455
0.1341 -0.5926E-01
103.0 0.5239E-03
0.5049E-01 -0.4596
0.8129E-01 -0.7106E-01
104.0 0.5109E-03
-0.2304E-02 -0.4709
0.2204E-01 -0.7837E-01
105.0 0.5008E-03
-0.6916E-01 -0.4771
-0.4065E-01 -0.8383E-01
106.0 0.4946E-03
-0.1460 -0.4758
-0.1024 -0.9067E-01
107.0 0.4936E-03
-0.2272 -0.4651
-0.1581 -0.1019
108.0 0.4989E-03
-0.3064 -0.4444
-0.2028 -0.1192
109.0 0.5117E-03
-0.3778 -0.4151
-0.2325 -0.1427
110.0 0.5325E-03
-0.4375 -0.3806
-0.2456 -0.1712
111.0 0.5616E-03
-0.4834 -0.3448
-0.2425 -0.2024
112.0 0.5990E-03
-0.5149 -0.3112
-0.2255 -0.2338
113.0 0.6435E-03
-0.5327 -0.2822
-0.1985 -0.2631
114.0 0.6930E-03
-0.5380 -0.2590
-0.1655 -0.2891
115.0 0.7441E-03
-0.5331 -0.2415
-0.1307 -0.3109
116.0 0.7927E-03
-0.5205 -0.2288
-0.9757E-01 -0.3289
117.0 0.8345E-03
-0.5028 -0.2195
-0.6862E-01 -0.3435
118.0 0.8661E-03
-0.4833 -0.2117
-0.4567E-01 -0.3555
119.0 0.8850E-03
-0.4655 -0.2039
-0.2981E-01 -0.3656
120.0 0.8903E-03
-0.4530 -0.1953
-0.2151E-01 -0.3742
121.0 0.8827E-03
-0.4496 -0.1854
-0.2060E-01 -0.3817
122.0 0.8648E-03
-0.4583 -0.1745
-0.2632E-01 -0.3882
123.0 0.8405E-03
-0.4801 -0.1629
-0.3726E-01 -0.3939
124.0 0.8148E-03
-0.5137 -0.1510
-0.5128E-01 -0.3988
125.0 0.7924E-03
-0.5544 -0.1389
-0.6565E-01 -0.4035
126.0 0.7764E-03
-0.5952 -0.1264
-0.7750E-01 -0.4084
127.0 0.7680E-03
-0.6279 -0.1134
-0.8449E-01 -0.4143
128.0 0.7663E-03
-0.6458 -0.9923E-01
-0.8543E-01 -0.4212
129.0 0.7688E-03
-0.6450 -0.8314E-01
-0.8044E-01 -0.4293
130.0 0.7720E-03
-0.6250 -0.6461E-01
-0.7063E-01 -0.4381
131.0 0.7721E-03
-0.5881 -0.4359E-01
-0.5772E-01 -0.4470
132.0 0.7656E-03
-0.5389 -0.2055E-01
-0.4360E-01 -0.4554
133.0 0.7499E-03
-0.4830 0.3720E-02
-0.3012E-01 -0.4629
134.0 0.7239E-03
-0.4270 0.2838E-01
-0.1897E-01 -0.4690
135.0 0.6883E-03
-0.3778 0.5275E-01
-0.1167E-01 -0.4736
136.0 0.6453E-03
-0.3429 0.7612E-01
-0.9569E-02 -0.4768
137.0 0.5985E-03
-0.3291 0.9744E-01
-0.1384E-01 -0.4786
138.0 0.5521E-03
-0.3418 0.1150
-0.2541E-01 -0.4795
139.0 0.5104E-03
-0.3823 0.1262
-0.4469E-01 -0.4796
140.0 0.4772E-03
-0.4454 0.1284
-0.7118E-01 -0.4790
141.0 0.4554E-03
-0.5179 0.1195
-0.1029 -0.4772
142.0 0.4465E-03
-0.5821 0.9990E-01
-0.1364 -0.4736
143.0 0.4495E-03
-0.6228 0.7246E-01
-0.1680 -0.4679
144.0 0.4620E-03
-0.6336 0.4143E-01
-0.1948 -0.4601
145.0 0.4800E-03
-0.6172 0.1089E-01
-0.2158 -0.4506
146.0 0.4998E-03
-0.5808 -0.1620E-01
-0.2310 -0.4400
147.0 0.5181E-03
-0.5319 -0.3806E-01
-0.2409 -0.4285
148.0 0.5328E-03
-0.4764 -0.5391E-01
-0.2458 -0.4164
149.0 0.5430E-03
-0.4184 -0.6382E-01
-0.2458 -0.4040
150.0 0.5492E-03
-0.3611 -0.6837E-01
-0.2411 -0.3914
151.0 0.5528E-03
-0.3071 -0.6836E-01
-0.2319 -0.3790
152.0 0.5562E-03
-0.2592 -0.6457E-01
-0.2187 -0.3674
153.0 0.5619E-03
-0.2210 -0.5790E-01
-0.2021 -0.3575
154.0 0.5719E-03
-0.1968 -0.4973E-01
-0.1832 -0.3496
155.0 0.5872E-03
-0.1905 -0.4210E-01
-0.1632 -0.3436
156.0 0.6081E-03
-0.2042 -0.3750E-01
-0.1426 -0.3384
157.0 0.6345E-03
-0.2378 -0.3831E-01
-0.1217 -0.3322
158.0 0.6665E-03
-0.2878 -0.4656E-01
-0.9974E-01 -0.3233
159.0 0.7052E-03
-0.3481 -0.6382E-01
-0.7624E-01 -0.3103
160.0 0.7524E-03
-0.4101 -0.9114E-01
-0.5094E-01 -0.2931
161.0 0.8101E-03
-0.4649 -0.1287
-0.2427E-01 -0.2726
162.0 0.8803E-03
-0.5047 -0.1753
0.2631E-02 -0.2510
163.0 0.9647E-03
-0.5248 -0.2280
0.2831E-01 -0.2307
164.0 0.1064E-02
-0.5240 -0.2828
0.5141E-01 -0.2137
165.0 0.1177E-02
-0.5049 -0.3353
0.7106E-01 -0.2012
166.0 0.1300E-02
-0.4723 -0.3824
0.8703E-01 -0.1934
167.0 0.1424E-02
-0.4318 -0.4226
0.9962E-01 -0.1893
168.0 0.1539E-02
-0.3883 -0.4557
0.1094 -0.1879
169.0 0.1633E-02
-0.3456 -0.4824
0.1171 -0.1878
170.0 0.1694E-02
-0.3058 -0.5036
0.1231 -0.1878
171.0 0.1711E-02
-0.2702 -0.5208
0.1280 -0.1867
172.0 0.1678E-02
-0.2395 -0.5354
0.1320 -0.1835
173.0 0.1595E-02
-0.2136 -0.5494
0.1354 -0.1768
174.0 0.1466E-02
-0.1919 -0.5649
0.1377 -0.1654
175.0 0.1304E-02
-0.1730 -0.5837
0.1381 -0.1475
176.0 0.1128E-02
-0.1544 -0.6073
0.1345 -0.1216
177.0 0.9601E-03
-0.1322 -0.6357
0.1231 -0.8736E-01
178.0 0.8218E-03
-0.1008 -0.6662
0.9828E-01 -0.4811E-01
179.0 0.7310E-03
-0.5595E-01 -0.6916
0.5603E-01 -0.1400E-01
180.0 0.6994E-03
0.000 -0.7017
0.000 0.000
