0.000 4.910
0.000 -1.414
0.000 0.000
1.000 5.020
-0.1130 -1.319
-0.3401 -0.3881E-01
2.000 5.323
-0.2001 -1.072
-0.6050 -0.1398
3.000 5.740
-0.2502 -0.7536
-0.7620 -0.2697
4.000 6.161
-0.2666 -0.4347
-0.8213 -0.3999
5.000 6.464
-0.2586 -0.1528
-0.8101 -0.5150
6.000 6.545
-0.2349 0.8122E-01
-0.7542 -0.6105
7.000 6.338
-0.2012 0.2698
-0.6712 -0.6875
8.000 5.829
-0.1607 0.4195
-0.5708 -0.7486
9.000 5.060
-0.1143 0.5369
-0.4565 -0.7965
10.00 4.117
-0.6159E-01 0.6257
-0.3270 -0.8328
11.00 3.115
-0.7322E-03 0.6848
-0.1767 -0.8569
12.00 2.170
0.7024E-01 0.7036
0.5819E-02 -0.8646
13.00 1.376
0.1503 0.6497
0.2376 -0.8426
14.00 0.7917
0.2206 0.4393
0.5313 -0.7567
15.00 0.4322
0.1909 -0.9287E-01
0.8174 -0.5394
16.00 0.2716
-0.1361 -0.9056
0.7268 -0.2076
17.00 0.2564
-0.5937 -1.119
0.8398E-01 -0.1206
18.00 0.3219
-0.7403 -0.6479
-0.3796 -0.3128
19.00 0.4082
-0.6887 -0.1688
-0.5029 -0.5084
20.00 0.4713
-0.5898 0.1651
-0.4720 -0.6447
21.00 0.4886
-0.4837 0.3916
-0.3818 -0.7372
22.00 0.4576
-0.3723 0.5482
-0.2632 -0.8011
23.00 0.3899
-0.2476 0.6515
-0.1236 -0.8433
24.00 0.3040
-0.9806E-01 0.6993
0.3713E-01 -0.8628
25.00 0.2181
0.8878E-01 0.6671
0.2182 -0.8497
26.00 0.1455
0.3178 0.4981
0.4067 -0.7806
27.00 0.9299E-01
0.5547 0.1010
0.5517 -0.6185
28.00 0.6106E-01
0.6591 -0.5635
0.5348 -0.3472
29.00 0.4600E-01
0.4174 -1.224
0.2644 -0.7736E-01
30.00 0.4217E-01
-0.1044 -1.402
-0.7895E-01 -0.4931E-02
31.00 0.4403E-01
-0.5609 -1.110
-0.2318 -0.1241
32.00 0.4733E-01
-0.8028 -0.6912
-0.1711 -0.2950
33.00 0.4956E-01
-0.8657 -0.3445
0.1816E-01 -0.4366
34.00 0.4986E-01
-0.8033 -0.1314
0.2675 -0.5236
35.00 0.4854E-01
-0.6487 -0.7235E-01
0.5256 -0.5477
36.00 0.4654E-01
-0.4283 -0.1755
0.7384 -0.5056
37.00 0.4493E-01
-0.1816 -0.4246
0.8446 -0.4039
38.00 0.4455E-01
0.3404E-01 -0.7584
0.7996 -0.2676
39.00 0.4584E-01
0.1646 -1.080
0.6092 -0.1365
40.00 0.4877E-01
0.1900 -1.304
0.3342 -0.4499E-01
41.00 0.5292E-01
0.1292 -1.400
0.5028E-01 -0.5572E-02
42.00 0.5758E-01
0.1875E-01 -1.388
-0.1910 -0.1076E-01
43.00 0.6195E-01
-0.1097 -1.303
-0.3701 -0.4541E-01
44.00 0.6528E-01
-0.2366 -1.180
-0.4887 -0.9568E-01
45.00 0.6702E-01
-0.3525 -1.042
-0.5562 -0.1518
46.00 0.6684E-01
-0.4542 -0.9052
-0.5836 -0.2077
47.00 0.6472E-01
-0.5416 -0.7775
-0.5802 -0.2599
48.00 0.6084E-01
-0.6156 -0.6647
-0.5534 -0.3059
49.00 0.5558E-01
-0.6776 -0.5706
-0.5091 -0.3443
50.00 0.4943E-01
-0.7287 -0.4987
-0.4524 -0.3737
51.00 0.4287E-01
-0.7695 -0.4525
-0.3886 -0.3925
52.00 0.3640E-01
-0.7999 -0.4356
-0.3245 -0.3994
53.00 0.3040E-01
-0.8192 -0.4500
-0.2688 -0.3935
54.00 0.2517E-01
-0.8257 -0.4942
-0.2336 -0.3754
55.00 0.2089E-01
-0.8168 -0.5588
-0.2327 -0.3490
56.00 0.1759E-01
-0.7899 -0.6224
-0.2774 -0.3231
57.00 0.1524E-01
-0.7438 -0.6532
-0.3685 -0.3105
58.00 0.1370E-01
-0.6797 -0.6203
-0.4892 -0.3239
59.00 0.1281E-01
-0.6010 -0.5106
-0.6090 -0.3686
60.00 0.1237E-01
-0.5114 -0.3359
-0.6976 -0.4400
61.00 0.1221E-01
-0.4129 -0.1242
-0.7367 -0.5264
62.00 0.1219E-01
-0.3054 0.9375E-01
-0.7223 -0.6154
63.00 0.1221E-01
-0.1881 0.2931
-0.6591 -0.6967
64.00 0.1224E-01
-0.6098E-01 0.4554
-0.5556 -0.7630
65.00 0.1224E-01
0.7401E-01 0.5674
-0.4216 -0.8088
66.00 0.1223E-01
0.2124 0.6201
-0.2677 -0.8303
67.00 0.1223E-01
0.3470 0.6089
-0.1050 -0.8257
68.00 0.1227E-01
0.4690 0.5348
0.5524E-01 -0.7955
69.00 0.1238E-01
0.5694 0.4055
0.2023 -0.7427
70.00 0.1255E-01
0.6412 0.2347
0.3279 -0.6730
71.00 0.1281E-01
0.6807 0.4001E-01
0.4274 -0.5935
72.00 0.1312E-01
0.6887 -0.1605
0.5002 -0.5117
73.00 0.1348E-01
0.6695 -0.3513
0.5488 -0.4337
74.00 0.1385E-01
0.6295 -0.5219
0.5781 -0.3641
75.00 0.1420E-01
0.5762 -0.6664
0.5933 -0.3051
76.00 0.1450E-01
0.5164 -0.7835
0.5995 -0.2574
77.00 0.1474E-01
0.4555 -0.8747
0.6005 -0.2201
78.00 0.1490E-01
0.3977 -0.9434
0.5992 -0.1921
79.00 0.1497E-01
0.3457 -0.9934
0.5972 -0.1717
80.00 0.1496E-01
0.3014 -1.029
0.5953 -0.1573
81.00 0.1488E-01
0.2654 -1.053
0.5936 -0.1474
82.00 0.1474E-01
0.2382 -1.070
0.5917 -0.1405
83.00 0.1457E-01
0.2191 -1.082
0.5889 -0.1354
84.00 0.1437E-01
0.2073 -1.093
0.5841 -0.1309
85.00 0.1415E-01
0.2010 -1.105
0.5766 -0.1263
86.00 0.1392E-01
0.1981 -1.118
0.5657 -0.1208
87.00 0.1367E-01
0.1963 -1.134
0.5514 -0.1142
88.00 0.1341E-01
0.1934 -1.153
0.5340 -0.1065
89.00 0.1311E-01
0.1877 -1.174
0.5144 -0.9796E-01
90.00 0.1276E-01
0.1779 -1.196
0.4938 -0.8900E-01
91.00 0.1237E-01
0.1636 -1.218
0.4733 -0.8015E-01
92.00 0.1191E-01
0.1449 -1.238
0.4539 -0.7186E-01
93.00 0.1138E-01
0.1223 -1.256
0.4366 -0.6452E-01
94.00 0.1079E-01
0.9675E-01 -1.271
0.4219 -0.5839E-01
95.00 0.1014E-01
0.6898E-01 -1.283
0.4101 -0.5364E-01
96.00 0.9451E-02
0.4002E-01 -1.291
0.4015 -0.5034E-01
97.00 0.8735E-02
0.1087E-01 -1.295
0.3963 -0.4851E-01
98.00 0.8012E-02
-0.1737E-01 -1.296
0.3942 -0.4808E-01
99.00 0.7302E-02
-0.4356E-01 -1.294
0.3951 -0.4887E-01
100.0 0.6620E-02
-0.6659E-01 -1.290
0.3984 -0.5061E-01
101.0 0.5975E-02
-0.8558E-01 -1.284
0.4033 -0.5289E-01
102.0 0.5375E-02
-0.1001 -1.278
0.4086 -0.5526E-01
103.0 0.4822E-02
-0.1102 -1.273
0.4130 -0.5724E-01
104.0 0.4313E-02
-0.1168 -1.270
0.4155 -0.5847E-01
105.0 0.3845E-02
-0.1211 -1.269
0.4151 -0.5878E-01
106.0 0.3414E-02
-0.1249 -1.271
0.4118 -0.5825E-01
107.0 0.3016E-02
-0.1296 -1.273
0.4059 -0.5716E-01
108.0 0.2647E-02
-0.1364 -1.276
0.3988 -0.5599E-01
109.0 0.2306E-02
-0.1458 -1.277
0.3921 -0.5531E-01
110.0 0.1993E-02
-0.1573 -1.276
0.3878 -0.5564E-01
111.0 0.1709E-02
-0.1694 -1.271
0.3883 -0.5744E-01
112.0 0.1455E-02
-0.1795 -1.262
0.3953 -0.6092E-01
113.0 0.1232E-02
-0.1838 -1.249
0.4101 -0.6600E-01
114.0 0.1043E-02
-0.1774 -1.233
0.4321 -0.7219E-01
115.0 0.8855E-03
-0.1554 -1.216
0.4586 -0.7851E-01
116.0 0.7579E-03
-0.1141 -1.203
0.4837 -0.8361E-01
117.0 0.6559E-03
-0.5299E-01 -1.195
0.4995 -0.8614E-01
118.0 0.5737E-03
0.2404E-01 -1.196
0.4975 -0.8523E-01
119.0 0.5052E-03
0.1098 -1.205
0.4714 -0.8094E-01
120.0 0.4446E-03
0.1956 -1.219
0.4181 -0.7428E-01
121.0 0.3875E-03
0.2737 -1.235
0.3376 -0.6697E-01
122.0 0.3311E-03
0.3380 -1.246
0.2312 -0.6109E-01
123.0 0.2748E-03
0.3829 -1.247
0.9976E-01 -0.5906E-01
124.0 0.2199E-03
0.4010 -1.229
-0.5625E-01 -0.6373E-01
125.0 0.1692E-03
0.3791 -1.183
-0.2353 -0.7875E-01
126.0 0.1263E-03
0.2928 -1.097
-0.4261 -0.1079
127.0 0.9482E-04
0.1087 -0.9748
-0.5849 -0.1504
128.0 0.7794E-04
-0.1668 -0.8672
-0.6167 -0.1876
129.0 0.7728E-04
-0.4056 -0.8710
-0.4719 -0.1853
130.0 0.9272E-04
-0.4800 -0.9864
-0.2834 -0.1439
131.0 0.1222E-03
-0.4377 -1.113
-0.1869 -0.9932E-01
132.0 0.1618E-03
-0.3713 -1.194
-0.1866 -0.7177E-01
133.0 0.2066E-03
-0.3217 -1.224
-0.2439 -0.6322E-01
134.0 0.2514E-03
-0.2971 -1.210
-0.3299 -0.7154E-01
135.0 0.2916E-03
-0.2960 -1.155
-0.4279 -0.9557E-01
136.0 0.3241E-03
-0.3156 -1.059
-0.5260 -0.1356
137.0 0.3481E-03
-0.3531 -0.9213
-0.6130 -0.1923
138.0 0.3647E-03
-0.4060 -0.7425
-0.6746 -0.2656
139.0 0.3771E-03
-0.4704 -0.5305
-0.6943 -0.3523
140.0 0.3894E-03
-0.5402 -0.3047
-0.6576 -0.4446
141.0 0.4055E-03
-0.6078 -0.9577E-01
-0.5585 -0.5300
142.0 0.4286E-03
-0.6658 0.6295E-01
-0.4069 -0.5951
143.0 0.4601E-03
-0.7100 0.1480
-0.2271 -0.6302
144.0 0.4997E-03
-0.7404 0.1548
-0.4882E-01 -0.6333
145.0 0.5448E-03
-0.7602 0.9542E-01
0.1031 -0.6095
146.0 0.5918E-03
-0.7737 -0.9319E-02
0.2144 -0.5671
147.0 0.6360E-03
-0.7844 -0.1383
0.2801 -0.5147
148.0 0.6729E-03
-0.7943 -0.2740
0.3013 -0.4594
149.0 0.6990E-03
-0.8037 -0.4029
0.2819 -0.4069
150.0 0.7120E-03
-0.8121 -0.5142
0.2269 -0.3613
151.0 0.7117E-03
-0.8178 -0.5988
0.1416 -0.3266
152.0 0.7003E-03
-0.8190 -0.6474
0.3264E-01 -0.3064
153.0 0.6815E-03
-0.8136 -0.6511
-0.9106E-01 -0.3045
154.0 0.6611E-03
-0.8004 -0.6027
-0.2165 -0.3238
155.0 0.6451E-03
-0.7795 -0.5005
-0.3261 -0.3650
156.0 0.6396E-03
-0.7534 -0.3537
-0.4005 -0.4246
157.0 0.6489E-03
-0.7269 -0.1841
-0.4252 -0.4937
158.0 0.6754E-03
-0.7053 -0.2083E-01
-0.3974 -0.5604
159.0 0.7182E-03
-0.6924 0.1109
-0.3279 -0.6145
160.0 0.7738E-03
-0.6887 0.1986
-0.2346 -0.6506
161.0 0.8363E-03
-0.6925 0.2425
-0.1339 -0.6689
162.0 0.8991E-03
-0.7012 0.2502
-0.3674E-01 -0.6724
163.0 0.9554E-03
-0.7120 0.2310
0.5239E-01 -0.6648
164.0 0.1000E-02
-0.7226 0.1923
0.1331 -0.6491
165.0 0.1031E-02
-0.7314 0.1386
0.2073 -0.6272
166.0 0.1049E-02
-0.7367 0.7126E-01
0.2773 -0.5997
167.0 0.1056E-02
-0.7370 -0.1077E-01
0.3445 -0.5661
168.0 0.1059E-02
-0.7306 -0.1102
0.4087 -0.5254
169.0 0.1064E-02
-0.7152 -0.2296
0.4670 -0.4765
170.0 0.1079E-02
-0.6891 -0.3692
0.5141 -0.4195
171.0 0.1109E-02
-0.6507 -0.5254
0.5433 -0.3558
172.0 0.1157E-02
-0.6002 -0.6898
0.5493 -0.2889
173.0 0.1223E-02
-0.5388 -0.8512
0.5299 -0.2232
174.0 0.1306E-02
-0.4691 -0.9993
0.4869 -0.1631
175.0 0.1399E-02
-0.3940 -1.126
0.4251 -0.1115
176.0 0.1494E-02
-0.3160 -1.229
0.3502 -0.6989E-01
177.0 0.1582E-02
-0.2369 -1.307
0.2672 -0.3849E-01
178.0 0.1653E-02
-0.1577 -1.360
0.1798 -0.1681E-01
179.0 0.1700E-02
-0.7873E-01 -1.391
0.9028E-01 -0.4154E-02
180.0 0.1716E-02
0.000 -1.402
0.000 0.000
