0.000 1.964
0.000 -0.2088
0.000 0.000
1.000 1.956
0.2383E-01 -0.2035
-0.2136E-01 0.8612E-03
2.000 1.934
0.4535E-01 -0.1868
-0.4426E-01 0.3125E-02
3.000 1.908
0.6284E-01 -0.1577
-0.6956E-01 0.5781E-02
4.000 1.896
0.7551E-01 -0.1152
-0.9678E-01 0.7106E-02
5.000 1.916
0.8360E-01 -0.6104E-01
-0.1236 0.5006E-02
6.000 1.985
0.8805E-01 -0.5159E-03
-0.1465 -0.2037E-02
7.000 2.113
0.9006E-01 0.5819E-01
-0.1622 -0.1392E-01
8.000 2.299
0.9063E-01 0.1078
-0.1700 -0.2878E-01
9.000 2.532
0.9049E-01 0.1451
-0.1713 -0.4405E-01
10.00 2.793
0.9025E-01 0.1710
-0.1688 -0.5757E-01
11.00 3.060
0.9053E-01 0.1886
-0.1647 -0.6811E-01
12.00 3.316
0.9197E-01 0.2014
-0.1602 -0.7525E-01
13.00 3.544
0.9515E-01 0.2124
-0.1557 -0.7914E-01
14.00 3.732
0.1005 0.2236
-0.1512 -0.8030E-01
15.00 3.864
0.1081 0.2361
-0.1460 -0.7946E-01
16.00 3.925
0.1180 0.2500
-0.1396 -0.7745E-01
17.00 3.903
0.1303 0.2651
-0.1316 -0.7504E-01
18.00 3.791
0.1451 0.2805
-0.1212 -0.7287E-01
19.00 3.595
0.1623 0.2955
-0.1081 -0.7144E-01
20.00 3.331
0.1824 0.3086
-0.9183E-01 -0.7102E-01
21.00 3.023
0.2056 0.3188
-0.7188E-01 -0.7158E-01
22.00 2.697
0.2317 0.3248
-0.4814E-01 -0.7267E-01
23.00 2.376
0.2605 0.3258
-0.2086E-01 -0.7330E-01
24.00 2.077
0.2910 0.3220
0.9220E-02 -0.7192E-01
25.00 1.808
0.3216 0.3147
0.4090E-01 -0.6663E-01
26.00 1.573
0.3499 0.3061
0.7273E-01 -0.5560E-01
27.00 1.370
0.3728 0.2987
0.1032 -0.3751E-01
28.00 1.197
0.3864 0.2943
0.1309 -0.1210E-01
29.00 1.053
0.3862 0.2941
0.1543 0.1951E-01
30.00 0.9349
0.3686 0.2974
0.1724 0.5485E-01
31.00 0.8406
0.3318 0.3026
0.1841 0.9043E-01
32.00 0.7669
0.2778 0.3077
0.1893 0.1227
33.00 0.7102
0.2126 0.3111
0.1887 0.1491
34.00 0.6664
0.1441 0.3121
0.1838 0.1689
35.00 0.6318
0.8058E-01 0.3109
0.1763 0.1829
36.00 0.6034
0.2833E-01 0.3086
0.1677 0.1929
37.00 0.5789
-0.8991E-02 0.3061
0.1591 0.2013
38.00 0.5567
-0.3015E-01 0.3044
0.1510 0.2097
39.00 0.5361
-0.3572E-01 0.3044
0.1434 0.2195
40.00 0.5163
-0.2742E-01 0.3068
0.1362 0.2314
41.00 0.4972
-0.7698E-02 0.3121
0.1291 0.2455
42.00 0.4787
0.2046E-01 0.3206
0.1219 0.2611
43.00 0.4609
0.5354E-01 0.3318
0.1144 0.2773
44.00 0.4443
0.8759E-01 0.3449
0.1065 0.2926
45.00 0.4290
0.1186 0.3583
0.9829E-01 0.3052
46.00 0.4150
0.1429 0.3704
0.9024E-01 0.3140
47.00 0.4017
0.1586 0.3795
0.8290E-01 0.3183
48.00 0.3884
0.1651 0.3851
0.7691E-01 0.3186
49.00 0.3742
0.1637 0.3870
0.7282E-01 0.3158
50.00 0.3584
0.1564 0.3858
0.7096E-01 0.3113
51.00 0.3407
0.1457 0.3824
0.7142E-01 0.3065
52.00 0.3212
0.1336 0.3774
0.7405E-01 0.3025
53.00 0.3004
0.1216 0.3713
0.7859E-01 0.3000
54.00 0.2790
0.1107 0.3642
0.8465E-01 0.2995
55.00 0.2575
0.1015 0.3557
0.9184E-01 0.3008
56.00 0.2366
0.9444E-01 0.3455
0.9977E-01 0.3040
57.00 0.2167
0.8976E-01 0.3333
0.1080 0.3089
58.00 0.1981
0.8774E-01 0.3185
0.1162 0.3154
59.00 0.1809
0.8834E-01 0.3010
0.1238 0.3230
60.00 0.1655
0.9107E-01 0.2804
0.1305 0.3312
61.00 0.1519
0.9493E-01 0.2567
0.1356 0.3391
62.00 0.1401
0.9859E-01 0.2301
0.1392 0.3455
63.00 0.1300
0.1008 0.2014
0.1413 0.3495
64.00 0.1214
0.1010 0.1717
0.1422 0.3508
65.00 0.1138
0.9901E-01 0.1423
0.1426 0.3494
66.00 0.1069
0.9566E-01 0.1144
0.1430 0.3460
67.00 0.1005
0.9180E-01 0.8869E-01
0.1438 0.3416
68.00 0.9434E-01
0.8818E-01 0.6578E-01
0.1450 0.3370
69.00 0.8837E-01
0.8519E-01 0.4572E-01
0.1467 0.3329
70.00 0.8254E-01
0.8290E-01 0.2842E-01
0.1489 0.3295
71.00 0.7682E-01
0.8130E-01 0.1365E-01
0.1515 0.3269
72.00 0.7123E-01
0.8044E-01 0.1156E-02
0.1547 0.3248
73.00 0.6577E-01
0.8059E-01 -0.9343E-02
0.1586 0.3233
74.00 0.6046E-01
0.8216E-01 -0.1815E-01
0.1631 0.3220
75.00 0.5536E-01
0.8546E-01 -0.2564E-01
0.1680 0.3209
76.00 0.5054E-01
0.9048E-01 -0.3229E-01
0.1726 0.3199
77.00 0.4605E-01
0.9673E-01 -0.3865E-01
0.1767 0.3190
78.00 0.4194E-01
0.1033 -0.4526E-01
0.1796 0.3178
79.00 0.3823E-01
0.1091 -0.5251E-01
0.1814 0.3162
80.00 0.3489E-01
0.1133 -0.6052E-01
0.1821 0.3140
81.00 0.3186E-01
0.1154 -0.6912E-01
0.1823 0.3114
82.00 0.2910E-01
0.1158 -0.7794E-01
0.1823 0.3085
83.00 0.2653E-01
0.1150 -0.8650E-01
0.1823 0.3058
84.00 0.2414E-01
0.1136 -0.9442E-01
0.1823 0.3036
85.00 0.2191E-01
0.1117 -0.1015
0.1818 0.3022
86.00 0.1983E-01
0.1095 -0.1080
0.1804 0.3015
87.00 0.1790E-01
0.1065 -0.1143
0.1776 0.3013
88.00 0.1610E-01
0.1022 -0.1212
0.1733 0.3009
89.00 0.1444E-01
0.9620E-01 -0.1294
0.1677 0.2995
90.00 0.1292E-01
0.8832E-01 -0.1394
0.1611 0.2961
91.00 0.1152E-01
0.7856E-01 -0.1516
0.1542 0.2896
92.00 0.1025E-01
0.6707E-01 -0.1658
0.1475 0.2792
93.00 0.9122E-02
0.5407E-01 -0.1816
0.1417 0.2644
94.00 0.8126E-02
0.3975E-01 -0.1981
0.1372 0.2452
95.00 0.7259E-02
0.2421E-01 -0.2140
0.1344 0.2222
96.00 0.6515E-02
0.7567E-02 -0.2275
0.1338 0.1966
97.00 0.5876E-02
-0.1000E-01 -0.2373
0.1356 0.1701
98.00 0.5321E-02
-0.2821E-01 -0.2420
0.1399 0.1447
99.00 0.4829E-02
-0.4671E-01 -0.2411
0.1465 0.1219
100.0 0.4381E-02
-0.6509E-01 -0.2346
0.1550 0.1027
101.0 0.3967E-02
-0.8299E-01 -0.2229
0.1644 0.8740E-01
102.0 0.3583E-02
-0.1001 -0.2065
0.1733 0.7533E-01
103.0 0.3232E-02
-0.1161 -0.1862
0.1802 0.6547E-01
104.0 0.2915E-02
-0.1307 -0.1629
0.1833 0.5663E-01
105.0 0.2638E-02
-0.1432 -0.1376
0.1811 0.4775E-01
106.0 0.2401E-02
-0.1525 -0.1104
0.1731 0.3821E-01
107.0 0.2205E-02
-0.1574 -0.8083E-01
0.1595 0.2811E-01
108.0 0.2048E-02
-0.1564 -0.4700E-01
0.1415 0.1839E-01
109.0 0.1924E-02
-0.1486 -0.6866E-02
0.1207 0.1066E-01
110.0 0.1828E-02
-0.1345 0.4088E-01
0.9871E-01 0.6649E-02
111.0 0.1755E-02
-0.1158 0.9575E-01
0.7677E-01 0.7572E-02
112.0 0.1700E-02
-0.9550E-01 0.1549
0.5569E-01 0.1363E-01
113.0 0.1661E-02
-0.7647E-01 0.2136
0.3623E-01 0.2397E-01
114.0 0.1633E-02
-0.6091E-01 0.2660
0.1946E-01 0.3693E-01
115.0 0.1614E-02
-0.4918E-01 0.3072
0.6716E-02 0.5060E-01
116.0 0.1599E-02
-0.3960E-01 0.3339
-0.5899E-03 0.6319E-01
117.0 0.1584E-02
-0.2892E-01 0.3453
-0.1385E-02 0.7316E-01
118.0 0.1571E-02
-0.1344E-01 0.3423
0.4727E-02 0.7922E-01
119.0 0.1562E-02
0.9659E-02 0.3271
0.1712E-01 0.8044E-01
120.0 0.1563E-02
0.4115E-01 0.3034
0.3398E-01 0.7669E-01
121.0 0.1579E-02
0.7924E-01 0.2758
0.5257E-01 0.6899E-01
122.0 0.1610E-02
0.1200 0.2489
0.6991E-01 0.5956E-01
123.0 0.1656E-02
0.1584 0.2266
0.8370E-01 0.5118E-01
124.0 0.1714E-02
0.1899 0.2113
0.9273E-01 0.4635E-01
125.0 0.1778E-02
0.2109 0.2039
0.9689E-01 0.4669E-01
126.0 0.1843E-02
0.2198 0.2036
0.9687E-01 0.5257E-01
127.0 0.1900E-02
0.2159 0.2087
0.9374E-01 0.6313E-01
128.0 0.1943E-02
0.2004 0.2170
0.8873E-01 0.7653E-01
129.0 0.1964E-02
0.1749 0.2264
0.8307E-01 0.9035E-01
130.0 0.1959E-02
0.1423 0.2351
0.7809E-01 0.1019
131.0 0.1927E-02
0.1062 0.2422
0.7525E-01 0.1089
132.0 0.1867E-02
0.7090E-01 0.2478
0.7622E-01 0.1095
133.0 0.1784E-02
0.4139E-01 0.2530
0.8274E-01 0.1027
134.0 0.1685E-02
0.2265E-01 0.2594
0.9639E-01 0.8801E-01
135.0 0.1585E-02
0.1930E-01 0.2687
0.1179 0.6596E-01
136.0 0.1500E-02
0.3421E-01 0.2819
0.1458 0.3836E-01
137.0 0.1449E-02
0.6643E-01 0.2987
0.1757 0.9073E-02
138.0 0.1443E-02
0.1096 0.3168
0.2006 -0.1640E-01
139.0 0.1488E-02
0.1537 0.3326
0.2138 -0.3309E-01
140.0 0.1580E-02
0.1898 0.3432
0.2129 -0.3906E-01
141.0 0.1707E-02
0.2135 0.3473
0.1998 -0.3570E-01
142.0 0.1851E-02
0.2248 0.3458
0.1788 -0.2613E-01
143.0 0.1992E-02
0.2261 0.3402
0.1539 -0.1349E-01
144.0 0.2107E-02
0.2202 0.3322
0.1281 -0.1346E-03
145.0 0.2179E-02
0.2092 0.3232
0.1027 0.1216E-01
146.0 0.2195E-02
0.1945 0.3139
0.7806E-01 0.2184E-01
147.0 0.2153E-02
0.1771 0.3050
0.5408E-01 0.2721E-01
148.0 0.2056E-02
0.1578 0.2972
0.3048E-01 0.2620E-01
149.0 0.1917E-02
0.1378 0.2918
0.7228E-02 0.1629E-01
150.0 0.1753E-02
0.1188 0.2909
-0.1507E-01 -0.5378E-02
151.0 0.1587E-02
0.1035 0.2974
-0.3471E-01 -0.4151E-01
152.0 0.1440E-02
0.9586E-01 0.3141
-0.4858E-01 -0.9317E-01
153.0 0.1334E-02
0.1006 0.3421
-0.5269E-01 -0.1570
154.0 0.1286E-02
0.1212 0.3781
-0.4427E-01 -0.2231
155.0 0.1304E-02
0.1569 0.4138
-0.2482E-01 -0.2776
156.0 0.1388E-02
0.2022 0.4402
-0.2220E-03 -0.3105
157.0 0.1529E-02
0.2502 0.4523
0.2288E-01 -0.3211
158.0 0.1712E-02
0.2956 0.4502
0.4057E-01 -0.3154
159.0 0.1919E-02
0.3354 0.4368
0.5208E-01 -0.3006
160.0 0.2128E-02
0.3684 0.4156
0.5844E-01 -0.2818
161.0 0.2319E-02
0.3943 0.3894
0.6120E-01 -0.2620
162.0 0.2475E-02
0.4127 0.3604
0.6177E-01 -0.2424
163.0 0.2582E-02
0.4232 0.3295
0.6120E-01 -0.2232
164.0 0.2635E-02
0.4248 0.2972
0.6023E-01 -0.2041
165.0 0.2636E-02
0.4160 0.2639
0.5941E-01 -0.1848
166.0 0.2591E-02
0.3953 0.2298
0.5916E-01 -0.1646
167.0 0.2510E-02
0.3608 0.1957
0.5991E-01 -0.1435
168.0 0.2404E-02
0.3115 0.1629
0.6211E-01 -0.1213
169.0 0.2284E-02
0.2468 0.1334
0.6612E-01 -0.9856E-01
170.0 0.2162E-02
0.1683 0.1097
0.7206E-01 -0.7605E-01
171.0 0.2046E-02
0.7966E-01 0.9523E-01
0.7962E-01 -0.5503E-01
172.0 0.1939E-02
-0.1252E-01 0.9311E-01
0.8789E-01 -0.3680E-01
173.0 0.1844E-02
-0.9948E-01 0.1058
0.9538E-01 -0.2226E-01
174.0 0.1759E-02
-0.1717 0.1337
0.1002 -0.1168E-01
175.0 0.1682E-02
-0.2202 0.1750
0.1003 -0.4782E-02
176.0 0.1615E-02
-0.2379 0.2249
0.9386E-01 -0.9438E-03
177.0 0.1560E-02
-0.2209 0.2763
0.7984E-01 0.5915E-03
178.0 0.1520E-02
-0.1701 0.3210
0.5831E-01 0.6857E-03
179.0 0.1495E-02
-0.9245E-01 0.3512
0.3081E-01 0.2435E-03
180.0 0.1487E-02
0.000 0.3619
0.000 0.000
