0.000 1.660
0.000 0.7071
0.000 0.000
1.000 1.648
0.1341E-02 0.7071
0.2439E-02 -0.1528E-02
2.000 1.614
0.1750E-02 0.7068
0.7877E-02 -0.5812E-02
3.000 1.564
0.4235E-03 0.7055
0.1899E-01 -0.1193E-01
4.000 1.506
-0.3127E-02 0.7022
0.3771E-01 -0.1836E-01
5.000 1.449
-0.8853E-02 0.6955
0.6477E-01 -0.2310E-01
6.000 1.400
-0.1598E-01 0.6843
0.9937E-01 -0.2400E-01
7.000 1.363
-0.2305E-01 0.6676
0.1392 -0.1939E-01
8.000 1.342
-0.2826E-01 0.6451
0.1810 -0.8531E-02
9.000 1.335
-0.3013E-01 0.6171
0.2217 0.8186E-02
10.00 1.337
-0.2798E-01 0.5834
0.2590 0.2956E-01
11.00 1.344
-0.2220E-01 0.5441
0.2914 0.5409E-01
12.00 1.349
-0.1406E-01 0.4989
0.3182 0.8041E-01
13.00 1.346
-0.5277E-02 0.4478
0.3390 0.1075
14.00 1.330
0.2378E-02 0.3916
0.3533 0.1346
15.00 1.297
0.7475E-02 0.3312
0.3606 0.1612
16.00 1.244
0.9095E-02 0.2681
0.3604 0.1870
17.00 1.172
0.6887E-02 0.2038
0.3524 0.2118
18.00 1.082
0.1025E-02 0.1396
0.3360 0.2354
19.00 0.9806
-0.7876E-02 0.7645E-01
0.3108 0.2575
20.00 0.8738
-0.1885E-01 0.1551E-01
0.2762 0.2775
21.00 0.7681
-0.3068E-01 -0.4176E-01
0.2319 0.2946
22.00 0.6693
-0.4207E-01 -0.9301E-01
0.1783 0.3077
23.00 0.5814
-0.5185E-01 -0.1348
0.1168 0.3157
24.00 0.5065
-0.5933E-01 -0.1626
0.5006E-01 0.3177
25.00 0.4448
-0.6455E-01 -0.1717
-0.1772E-01 0.3136
26.00 0.3951
-0.6842E-01 -0.1587
-0.8148E-01 0.3042
27.00 0.3555
-0.7244E-01 -0.1224
-0.1363 0.2912
28.00 0.3236
-0.7829E-01 -0.6498E-01
-0.1787 0.2762
29.00 0.2969
-0.8734E-01 0.8640E-02
-0.2069 0.2604
30.00 0.2736
-0.1003 0.9195E-01
-0.2207 0.2439
31.00 0.2521
-0.1173 0.1777
-0.2210 0.2260
32.00 0.2320
-0.1376 0.2585
-0.2088 0.2059
33.00 0.2129
-0.1600 0.3269
-0.1853 0.1824
34.00 0.1951
-0.1825 0.3759
-0.1515 0.1554
35.00 0.1791
-0.2026 0.3997
-0.1094 0.1256
36.00 0.1649
-0.2177 0.3954
-0.6153E-01 0.9495E-01
37.00 0.1529
-0.2257 0.3635
-0.1136E-01 0.6609E-01
38.00 0.1429
-0.2255 0.3085
0.3696E-01 0.4202E-01
39.00 0.1346
-0.2172 0.2379
0.7942E-01 0.2510E-01
40.00 0.1277
-0.2024 0.1605
0.1128 0.1656E-01
41.00 0.1219
-0.1836 0.8433E-01
0.1351 0.1635E-01
42.00 0.1167
-0.1634 0.1543E-01
0.1458 0.2337E-01
43.00 0.1117
-0.1442 -0.4203E-01
0.1453 0.3601E-01
44.00 0.1066
-0.1277 -0.8568E-01
0.1350 0.5254E-01
45.00 0.1013
-0.1150 -0.1144
0.1168 0.7147E-01
46.00 0.9567E-01
-0.1067 -0.1281
0.9286E-01 0.9162E-01
47.00 0.8964E-01
-0.1029 -0.1273
0.6522E-01 0.1121
48.00 0.8335E-01
-0.1034 -0.1133
0.3595E-01 0.1323
49.00 0.7692E-01
-0.1079 -0.8842E-01
0.6965E-02 0.1518
50.00 0.7056E-01
-0.1158 -0.5524E-01
-0.2006E-01 0.1701
51.00 0.6442E-01
-0.1265 -0.1694E-01
-0.4375E-01 0.1870
52.00 0.5864E-01
-0.1393 0.2346E-01
-0.6307E-01 0.2025
53.00 0.5329E-01
-0.1531 0.6338E-01
-0.7738E-01 0.2165
54.00 0.4841E-01
-0.1670 0.1010
-0.8643E-01 0.2294
55.00 0.4399E-01
-0.1802 0.1351
-0.9021E-01 0.2416
56.00 0.4002E-01
-0.1920 0.1650
-0.8896E-01 0.2534
57.00 0.3647E-01
-0.2021 0.1901
-0.8309E-01 0.2652
58.00 0.3328E-01
-0.2103 0.2099
-0.7322E-01 0.2770
59.00 0.3043E-01
-0.2168 0.2238
-0.6024E-01 0.2888
60.00 0.2787E-01
-0.2218 0.2319
-0.4526E-01 0.3007
61.00 0.2556E-01
-0.2254 0.2347
-0.2953E-01 0.3126
62.00 0.2348E-01
-0.2276 0.2335
-0.1426E-01 0.3248
63.00 0.2160E-01
-0.2282 0.2302
-0.4061E-03 0.3374
64.00 0.1988E-01
-0.2273 0.2269
0.1146E-01 0.3505
65.00 0.1832E-01
-0.2247 0.2253
0.2119E-01 0.3640
66.00 0.1691E-01
-0.2207 0.2265
0.2891E-01 0.3775
67.00 0.1564E-01
-0.2155 0.2309
0.3486E-01 0.3904
68.00 0.1450E-01
-0.2097 0.2384
0.3922E-01 0.4018
69.00 0.1347E-01
-0.2038 0.2487
0.4201E-01 0.4109
70.00 0.1254E-01
-0.1980 0.2618
0.4315E-01 0.4172
71.00 0.1167E-01
-0.1924 0.2778
0.4259E-01 0.4205
72.00 0.1086E-01
-0.1868 0.2969
0.4051E-01 0.4210
73.00 0.1010E-01
-0.1808 0.3188
0.3735E-01 0.4190
74.00 0.9390E-02
-0.1741 0.3433
0.3377E-01 0.4149
75.00 0.8720E-02
-0.1668 0.3693
0.3046E-01 0.4090
76.00 0.8090E-02
-0.1593 0.3960
0.2793E-01 0.4017
77.00 0.7498E-02
-0.1522 0.4220
0.2632E-01 0.3930
78.00 0.6939E-02
-0.1459 0.4465
0.2534E-01 0.3833
79.00 0.6409E-02
-0.1409 0.4690
0.2447E-01 0.3729
80.00 0.5904E-02
-0.1372 0.4893
0.2312E-01 0.3620
81.00 0.5423E-02
-0.1346 0.5079
0.2083E-01 0.3511
82.00 0.4963E-02
-0.1329 0.5250
0.1740E-01 0.3405
83.00 0.4525E-02
-0.1317 0.5411
0.1284E-01 0.3306
84.00 0.4109E-02
-0.1310 0.5559
0.7213E-02 0.3217
85.00 0.3714E-02
-0.1307 0.5691
0.5868E-03 0.3139
86.00 0.3340E-02
-0.1309 0.5803
-0.7100E-02 0.3073
87.00 0.2987E-02
-0.1316 0.5891
-0.1597E-01 0.3021
88.00 0.2657E-02
-0.1324 0.5951
-0.2608E-01 0.2987
89.00 0.2352E-02
-0.1326 0.5977
-0.3722E-01 0.2979
90.00 0.2079E-02
-0.1313 0.5959
-0.4873E-01 0.3005
91.00 0.1840E-02
-0.1271 0.5884
-0.5945E-01 0.3079
92.00 0.1640E-02
-0.1192 0.5744
-0.6792E-01 0.3211
93.00 0.1478E-02
-0.1068 0.5536
-0.7280E-01 0.3406
94.00 0.1352E-02
-0.8995E-01 0.5261
-0.7337E-01 0.3658
95.00 0.1259E-02
-0.6973E-01 0.4926
-0.6994E-01 0.3946
96.00 0.1192E-02
-0.4772E-01 0.4541
-0.6377E-01 0.4239
97.00 0.1144E-02
-0.2581E-01 0.4120
-0.5661E-01 0.4504
98.00 0.1107E-02
-0.5641E-02 0.3677
-0.4999E-01 0.4717
99.00 0.1074E-02
0.1163E-01 0.3222
-0.4477E-01 0.4862
100.0 0.1036E-02
0.2524E-01 0.2750
-0.4102E-01 0.4935
101.0 0.9930E-03
0.3461E-01 0.2246
-0.3816E-01 0.4936
102.0 0.9427E-03
0.3909E-01 0.1690
-0.3529E-01 0.4865
103.0 0.8873E-03
0.3800E-01 0.1061
-0.3131E-01 0.4729
104.0 0.8305E-03
0.3076E-01 0.3537E-01
-0.2513E-01 0.4536
105.0 0.7772E-03
0.1729E-01 -0.4180E-01
-0.1571E-01 0.4305
106.0 0.7331E-03
-0.1495E-02 -0.1209
-0.2324E-02 0.4068
107.0 0.7039E-03
-0.2334E-01 -0.1945
0.1505E-01 0.3866
108.0 0.6934E-03
-0.4483E-01 -0.2534
0.3533E-01 0.3739
109.0 0.7027E-03
-0.6268E-01 -0.2916
0.5648E-01 0.3705
110.0 0.7298E-03
-0.7517E-01 -0.3089
0.7623E-01 0.3751
111.0 0.7700E-03
-0.8269E-01 -0.3108
0.9298E-01 0.3842
112.0 0.8174E-03
-0.8694E-01 -0.3045
0.1061 0.3937
113.0 0.8652E-03
-0.8988E-01 -0.2961
0.1156 0.4010
114.0 0.9072E-03
-0.9303E-01 -0.2888
0.1220 0.4048
115.0 0.9384E-03
-0.9723E-01 -0.2833
0.1259 0.4048
116.0 0.9558E-03
-0.1027 -0.2789
0.1280 0.4019
117.0 0.9589E-03
-0.1094 -0.2739
0.1290 0.3969
118.0 0.9496E-03
-0.1168 -0.2669
0.1294 0.3909
119.0 0.9309E-03
-0.1250 -0.2567
0.1302 0.3847
120.0 0.9063E-03
-0.1339 -0.2428
0.1321 0.3791
121.0 0.8786E-03
-0.1440 -0.2252
0.1359 0.3744
122.0 0.8501E-03
-0.1558 -0.2043
0.1425 0.3704
123.0 0.8229E-03
-0.1695 -0.1815
0.1523 0.3667
124.0 0.7994E-03
-0.1847 -0.1585
0.1655 0.3623
125.0 0.7812E-03
-0.1999 -0.1372
0.1819 0.3566
126.0 0.7689E-03
-0.2134 -0.1192
0.2007 0.3490
127.0 0.7615E-03
-0.2234 -0.1050
0.2207 0.3396
128.0 0.7568E-03
-0.2284 -0.9401E-01
0.2400 0.3292
129.0 0.7519E-03
-0.2278 -0.8503E-01
0.2568 0.3188
130.0 0.7440E-03
-0.2213 -0.7678E-01
0.2690 0.3097
131.0 0.7304E-03
-0.2093 -0.6819E-01
0.2753 0.3030
132.0 0.7093E-03
-0.1927 -0.5836E-01
0.2754 0.2997
133.0 0.6799E-03
-0.1728 -0.4655E-01
0.2694 0.3002
134.0 0.6427E-03
-0.1516 -0.3217E-01
0.2581 0.3048
135.0 0.5997E-03
-0.1318 -0.1486E-01
0.2424 0.3132
136.0 0.5538E-03
-0.1167 0.5528E-02
0.2233 0.3248
137.0 0.5080E-03
-0.1102 0.2905E-01
0.2016 0.3378
138.0 0.4651E-03
-0.1161 0.5590E-01
0.1780 0.3497
139.0 0.4272E-03
-0.1367 0.8622E-01
0.1538 0.3572
140.0 0.3964E-03
-0.1713 0.1194
0.1305 0.3569
141.0 0.3746E-03
-0.2154 0.1533
0.1109 0.3464
142.0 0.3628E-03
-0.2610 0.1842
0.9852E-01 0.3257
143.0 0.3610E-03
-0.2992 0.2086
0.9652E-01 0.2974
144.0 0.3671E-03
-0.3240 0.2247
0.1061 0.2661
145.0 0.3781E-03
-0.3341 0.2327
0.1259 0.2360
146.0 0.3903E-03
-0.3312 0.2332
0.1533 0.2098
147.0 0.4006E-03
-0.3180 0.2262
0.1854 0.1887
148.0 0.4068E-03
-0.2966 0.2114
0.2195 0.1733
149.0 0.4076E-03
-0.2685 0.1889
0.2537 0.1641
150.0 0.4031E-03
-0.2346 0.1598
0.2860 0.1618
151.0 0.3947E-03
-0.1950 0.1263
0.3140 0.1679
152.0 0.3851E-03
-0.1504 0.9146E-01
0.3342 0.1843
153.0 0.3781E-03
-0.1025 0.5947E-01
0.3417 0.2125
154.0 0.3772E-03
-0.5512E-01 0.3533E-01
0.3324 0.2520
155.0 0.3847E-03
-0.1360E-01 0.2377E-01
0.3057 0.2996
156.0 0.4012E-03
0.1708E-01 0.2751E-01
0.2649 0.3495
157.0 0.4262E-03
0.3436E-01 0.4627E-01
0.2167 0.3962
158.0 0.4585E-03
0.3855E-01 0.7728E-01
0.1677 0.4360
159.0 0.4965E-03
0.3199E-01 0.1168
0.1230 0.4669
160.0 0.5382E-03
0.1802E-01 0.1614
0.8575E-01 0.4886
161.0 0.5820E-03
0.1166E-03 0.2090
0.5701E-01 0.5015
162.0 0.6260E-03
-0.1853E-01 0.2582
0.3654E-01 0.5062
163.0 0.6694E-03
-0.3525E-01 0.3079
0.2314E-01 0.5034
164.0 0.7118E-03
-0.4802E-01 0.3567
0.1508E-01 0.4937
165.0 0.7527E-03
-0.5560E-01 0.4031
0.1034E-01 0.4781
166.0 0.7908E-03
-0.5762E-01 0.4460
0.6914E-02 0.4577
167.0 0.8238E-03
-0.5453E-01 0.4850
0.3040E-02 0.4337
168.0 0.8483E-03
-0.4732E-01 0.5201
-0.2573E-02 0.4070
169.0 0.8615E-03
-0.3717E-01 0.5514
-0.1065E-01 0.3781
170.0 0.8615E-03
-0.2529E-01 0.5785
-0.2132E-01 0.3473
171.0 0.8479E-03
-0.1282E-01 0.6009
-0.3418E-01 0.3144
172.0 0.8208E-03
-0.8311E-03 0.6191
-0.4836E-01 0.2795
173.0 0.7817E-03
0.9799E-02 0.6342
-0.6260E-01 0.2421
174.0 0.7329E-03
0.1834E-01 0.6477
-0.7527E-01 0.2021
175.0 0.6788E-03
0.2417E-01 0.6604
-0.8423E-01 0.1593
176.0 0.6249E-03
0.2669E-01 0.6717
-0.8679E-01 0.1149
177.0 0.5772E-03
0.2535E-01 0.6798
-0.8012E-01 0.7161E-01
178.0 0.5405E-03
0.1995E-01 0.6835
-0.6238E-01 0.3443E-01
179.0 0.5178E-03
0.1102E-01 0.6840
-0.3433E-01 0.9038E-02
180.0 0.5101E-03
0.000 0.6837
0.000 0.000
