0.000 18.78
0.000 -0.1848
0.000 0.000
1.000 18.71
0.3859E-01 -0.1786
-0.2594E-01 -0.1770E-02
2.000 18.46
0.7531E-01 -0.1610
-0.4934E-01 -0.6784E-02
3.000 17.95
0.1088 -0.1344
-0.6837E-01 -0.1427E-01
4.000 17.07
0.1387 -0.1019
-0.8215E-01 -0.2327E-01
5.000 15.74
0.1650 -0.6622E-01
-0.9073E-01 -0.3289E-01
6.000 13.92
0.1886 -0.2899E-01
-0.9460E-01 -0.4243E-01
7.000 11.69
0.2100 0.9310E-02
-0.9432E-01 -0.5137E-01
8.000 9.192
0.2293 0.4952E-01
-0.9008E-01 -0.5921E-01
9.000 6.677
0.2446 0.9392E-01
-0.8120E-01 -0.6503E-01
10.00 4.407
0.2485 0.1465
-0.6501E-01 -0.6651E-01
11.00 2.623
0.2154 0.2110
-0.3479E-01 -0.5694E-01
12.00 1.482
0.7545E-01 0.2734
0.1955E-01 -0.2021E-01
13.00 1.021
-0.2072 0.2469
0.7352E-01 0.4472E-01
14.00 1.154
-0.3267 0.1172
0.5245E-01 0.6018E-01
15.00 1.693
-0.2274 0.4518E-01
0.3741E-02 0.2710E-01
16.00 2.399
-0.1095 0.3266E-01
-0.2694E-01 -0.4469E-02
17.00 3.041
-0.1835E-01 0.4189E-01
-0.4352E-01 -0.2649E-01
18.00 3.449
0.5281E-01 0.5820E-01
-0.5300E-01 -0.4174E-01
19.00 3.540
0.1133 0.7722E-01
-0.5907E-01 -0.5252E-01
20.00 3.325
0.1698 0.9767E-01
-0.6338E-01 -0.5989E-01
21.00 2.885
0.2263 0.1189
-0.6642E-01 -0.6385E-01
22.00 2.335
0.2851 0.1393
-0.6763E-01 -0.6338E-01
23.00 1.788
0.3443 0.1549
-0.6486E-01 -0.5634E-01
24.00 1.327
0.3950 0.1572
-0.5362E-01 -0.3983E-01
25.00 0.9909
0.4177 0.1332
-0.2762E-01 -0.1252E-01
26.00 0.7807
0.3906 0.7411E-01
0.1622E-01 0.2061E-01
27.00 0.6688
0.3150 -0.9209E-02
0.7055E-01 0.4775E-01
28.00 0.6171
0.2240 -0.9040E-01
0.1215 0.6054E-01
29.00 0.5903
0.1508 -0.1522
0.1613 0.6129E-01
30.00 0.5644
0.1076 -0.1936
0.1905 0.5756E-01
31.00 0.5292
0.9267E-01 -0.2198
0.2119 0.5589E-01
32.00 0.4851
0.1017 -0.2340
0.2262 0.6048E-01
33.00 0.4391
0.1306 -0.2352
0.2316 0.7325E-01
34.00 0.3991
0.1745 -0.2201
0.2249 0.9307E-01
35.00 0.3714
0.2246 -0.1859
0.2041 0.1148
36.00 0.3583
0.2691 -0.1355
0.1718 0.1305
37.00 0.3582
0.2979 -0.7745E-01
0.1351 0.1337
38.00 0.3672
0.3078 -0.2162E-01
0.1014 0.1227
39.00 0.3798
0.3011 0.2596E-01
0.7532E-01 0.1003
40.00 0.3906
0.2826 0.6367E-01
0.5752E-01 0.7069E-01
41.00 0.3957
0.2564 0.9256E-01
0.4694E-01 0.3752E-01
42.00 0.3928
0.2253 0.1145
0.4183E-01 0.3470E-02
43.00 0.3817
0.1908 0.1311
0.4060E-01 -0.2934E-01
44.00 0.3639
0.1541 0.1436
0.4185E-01 -0.5887E-01
45.00 0.3421
0.1165 0.1527
0.4444E-01 -0.8275E-01
46.00 0.3193
0.8014E-01 0.1587
0.4728E-01 -0.9830E-01
47.00 0.2983
0.4797E-01 0.1621
0.4944E-01 -0.1030
48.00 0.2810
0.2356E-01 0.1632
0.5020E-01 -0.9551E-01
49.00 0.2682
0.9932E-02 0.1631
0.4922E-01 -0.7674E-01
50.00 0.2599
0.8370E-02 0.1626
0.4668E-01 -0.4994E-01
51.00 0.2549
0.1790E-01 0.1628
0.4310E-01 -0.1979E-01
52.00 0.2521
0.3583E-01 0.1641
0.3917E-01 0.9159E-02
53.00 0.2499
0.5887E-01 0.1667
0.3551E-01 0.3361E-01
54.00 0.2471
0.8400E-01 0.1702
0.3259E-01 0.5178E-01
55.00 0.2427
0.1090 0.1742
0.3072E-01 0.6319E-01
56.00 0.2361
0.1323 0.1784
0.3014E-01 0.6816E-01
57.00 0.2272
0.1531 0.1824
0.3103E-01 0.6747E-01
58.00 0.2161
0.1712 0.1862
0.3359E-01 0.6216E-01
59.00 0.2031
0.1865 0.1896
0.3798E-01 0.5334E-01
60.00 0.1888
0.1993 0.1930
0.4434E-01 0.4218E-01
61.00 0.1738
0.2097 0.1964
0.5280E-01 0.2991E-01
62.00 0.1587
0.2181 0.2003
0.6336E-01 0.1777E-01
63.00 0.1441
0.2244 0.2049
0.7593E-01 0.7028E-02
64.00 0.1305
0.2291 0.2108
0.9026E-01 -0.1108E-02
65.00 0.1182
0.2323 0.2183
0.1059 -0.5610E-02
66.00 0.1072
0.2345 0.2280
0.1223 -0.5788E-02
67.00 0.9775E-01
0.2362 0.2399
0.1387 -0.1436E-02
68.00 0.8962E-01
0.2380 0.2541
0.1542 0.7091E-02
69.00 0.8268E-01
0.2404 0.2701
0.1680 0.1892E-01
70.00 0.7676E-01
0.2436 0.2872
0.1794 0.3282E-01
71.00 0.7170E-01
0.2477 0.3043
0.1879 0.4742E-01
72.00 0.6733E-01
0.2525 0.3200
0.1930 0.6141E-01
73.00 0.6352E-01
0.2577 0.3331
0.1948 0.7377E-01
74.00 0.6015E-01
0.2631 0.3425
0.1934 0.8385E-01
75.00 0.5712E-01
0.2686 0.3474
0.1892 0.9138E-01
76.00 0.5437E-01
0.2743 0.3476
0.1825 0.9644E-01
77.00 0.5183E-01
0.2801 0.3429
0.1739 0.9935E-01
78.00 0.4946E-01
0.2864 0.3339
0.1638 0.1005
79.00 0.4724E-01
0.2933 0.3210
0.1528 0.1004
80.00 0.4515E-01
0.3012 0.3050
0.1412 0.9934E-01
81.00 0.4317E-01
0.3103 0.2866
0.1294 0.9753E-01
82.00 0.4130E-01
0.3208 0.2666
0.1179 0.9507E-01
83.00 0.3953E-01
0.3326 0.2455
0.1068 0.9195E-01
84.00 0.3788E-01
0.3455 0.2239
0.9634E-01 0.8806E-01
85.00 0.3634E-01
0.3589 0.2021
0.8665E-01 0.8326E-01
86.00 0.3490E-01
0.3718 0.1804
0.7770E-01 0.7742E-01
87.00 0.3355E-01
0.3834 0.1587
0.6942E-01 0.7047E-01
88.00 0.3227E-01
0.3925 0.1372
0.6172E-01 0.6245E-01
89.00 0.3104E-01
0.3984 0.1157
0.5452E-01 0.5359E-01
90.00 0.2983E-01
0.4007 0.9417E-01
0.4779E-01 0.4431E-01
91.00 0.2862E-01
0.3991 0.7266E-01
0.4155E-01 0.3520E-01
92.00 0.2740E-01
0.3936 0.5121E-01
0.3588E-01 0.2701E-01
93.00 0.2617E-01
0.3842 0.2995E-01
0.3088E-01 0.2049E-01
94.00 0.2494E-01
0.3712 0.9047E-02
0.2668E-01 0.1636E-01
95.00 0.2371E-01
0.3551 -0.1139E-01
0.2339E-01 0.1513E-01
96.00 0.2249E-01
0.3365 -0.3138E-01
0.2110E-01 0.1702E-01
97.00 0.2130E-01
0.3168 -0.5115E-01
0.1982E-01 0.2187E-01
98.00 0.2015E-01
0.2973 -0.7117E-01
0.1954E-01 0.2918E-01
99.00 0.1903E-01
0.2797 -0.9209E-01
0.2020E-01 0.3809E-01
100.0 0.1795E-01
0.2652 -0.1146
0.2168E-01 0.4751E-01
101.0 0.1692E-01
0.2546 -0.1394
0.2390E-01 0.5619E-01
102.0 0.1594E-01
0.2479 -0.1667
0.2678E-01 0.6282E-01
103.0 0.1501E-01
0.2441 -0.1963
0.3028E-01 0.6628E-01
104.0 0.1415E-01
0.2416 -0.2277
0.3440E-01 0.6577E-01
105.0 0.1335E-01
0.2382 -0.2594
0.3920E-01 0.6104E-01
106.0 0.1261E-01
0.2319 -0.2898
0.4475E-01 0.5265E-01
107.0 0.1194E-01
0.2208 -0.3166
0.5111E-01 0.4191E-01
108.0 0.1134E-01
0.2039 -0.3379
0.5829E-01 0.3092E-01
109.0 0.1080E-01
0.1809 -0.3516
0.6620E-01 0.2216E-01
110.0 0.1034E-01
0.1525 -0.3567
0.7460E-01 0.1807E-01
111.0 0.9948E-02
0.1199 -0.3529
0.8308E-01 0.2049E-01
112.0 0.9632E-02
0.8531E-01 -0.3415
0.9109E-01 0.3015E-01
113.0 0.9383E-02
0.5122E-01 -0.3247
0.9802E-01 0.4638E-01
114.0 0.9190E-02
0.2012E-01 -0.3058
0.1033 0.6727E-01
115.0 0.9034E-02
-0.5939E-02 -0.2883
0.1065 0.9011E-01
116.0 0.8896E-02
-0.2567E-01 -0.2751
0.1075 0.1120
117.0 0.8758E-02
-0.3873E-01 -0.2681
0.1062 0.1304
118.0 0.8602E-02
-0.4573E-01 -0.2680
0.1030 0.1434
119.0 0.8421E-02
-0.4801E-01 -0.2745
0.9853E-01 0.1501
120.0 0.8211E-02
-0.4740E-01 -0.2862
0.9342E-01 0.1502
121.0 0.7977E-02
-0.4591E-01 -0.3009
0.8862E-01 0.1443
122.0 0.7726E-02
-0.4540E-01 -0.3159
0.8516E-01 0.1337
123.0 0.7472E-02
-0.4728E-01 -0.3286
0.8399E-01 0.1203
124.0 0.7230E-02
-0.5227E-01 -0.3362
0.8589E-01 0.1067
125.0 0.7016E-02
-0.6033E-01 -0.3369
0.9115E-01 0.9528E-01
126.0 0.6842E-02
-0.7070E-01 -0.3299
0.9945E-01 0.8823E-01
127.0 0.6717E-02
-0.8214E-01 -0.3161
0.1097 0.8690E-01
128.0 0.6643E-02
-0.9334E-01 -0.2975
0.1204 0.9143E-01
129.0 0.6609E-02
-0.1033 -0.2775
0.1297 0.1008
130.0 0.6596E-02
-0.1115 -0.2595
0.1362 0.1130
131.0 0.6578E-02
-0.1180 -0.2460
0.1388 0.1260
132.0 0.6523E-02
-0.1234 -0.2388
0.1373 0.1380
133.0 0.6405E-02
-0.1286 -0.2381
0.1319 0.1477
134.0 0.6206E-02
-0.1347 -0.2432
0.1232 0.1545
135.0 0.5922E-02
-0.1428 -0.2523
0.1121 0.1579
136.0 0.5568E-02
-0.1544 -0.2629
0.9940E-01 0.1579
137.0 0.5173E-02
-0.1708 -0.2714
0.8654E-01 0.1542
138.0 0.4776E-02
-0.1927 -0.2737
0.7532E-01 0.1466
139.0 0.4418E-02
-0.2199 -0.2651
0.6815E-01 0.1351
140.0 0.4133E-02
-0.2500 -0.2429
0.6757E-01 0.1204
141.0 0.3942E-02
-0.2787 -0.2075
0.7536E-01 0.1039
142.0 0.3848E-02
-0.3008 -0.1639
0.9141E-01 0.8799E-01
143.0 0.3837E-02
-0.3126 -0.1201
0.1135 0.7497E-01
144.0 0.3879E-02
-0.3136 -0.8334E-01
0.1383 0.6638E-01
145.0 0.3933E-02
-0.3058 -0.5816E-01
0.1624 0.6266E-01
146.0 0.3962E-02
-0.2926 -0.4574E-01
0.1836 0.6345E-01
147.0 0.3932E-02
-0.2775 -0.4508E-01
0.2002 0.6806E-01
148.0 0.3824E-02
-0.2634 -0.5424E-01
0.2110 0.7576E-01
149.0 0.3636E-02
-0.2525 -0.7094E-01
0.2146 0.8593E-01
150.0 0.3383E-02
-0.2470 -0.9260E-01
0.2089 0.9793E-01
151.0 0.3097E-02
-0.2481 -0.1160
0.1913 0.1108
152.0 0.2815E-02
-0.2571 -0.1367
0.1593 0.1229
153.0 0.2578E-02
-0.2735 -0.1492
0.1126 0.1315
154.0 0.2419E-02
-0.2945 -0.1481
0.5592E-01 0.1330
155.0 0.2352E-02
-0.3151 -0.1319
-0.1041E-03 0.1246
156.0 0.2374E-02
-0.3302 -0.1046
-0.4327E-01 0.1062
157.0 0.2462E-02
-0.3373 -0.7384E-01
-0.6656E-01 0.8025E-01
158.0 0.2577E-02
-0.3375 -0.4583E-01
-0.7052E-01 0.5009E-01
159.0 0.2672E-02
-0.3331 -0.2326E-01
-0.6023E-01 0.1776E-01
160.0 0.2702E-02
-0.3264 -0.5799E-02
-0.4147E-01 -0.1637E-01
161.0 0.2635E-02
-0.3187 0.8466E-02
-0.1894E-01 -0.5341E-01
162.0 0.2461E-02
-0.3101 0.2197E-01
0.3589E-02 -0.9557E-01
163.0 0.2193E-02
-0.2993 0.3724E-01
0.2207E-01 -0.1461
164.0 0.1865E-02
-0.2832 0.5664E-01
0.3038E-01 -0.2090
165.0 0.1527E-02
-0.2555 0.8161E-01
0.1779E-01 -0.2875
166.0 0.1230E-02
-0.2071 0.1103
-0.3235E-01 -0.3787
167.0 0.1019E-02
-0.1310 0.1334
-0.1348 -0.4621
168.0 0.9194E-03
-0.3789E-01 0.1340
-0.2755 -0.4961
169.0 0.9336E-03
0.3859E-01 0.1047
-0.3990 -0.4551
170.0 0.1040E-02
0.7507E-01 0.5998E-01
-0.4611 -0.3662
171.0 0.1201E-02
0.7828E-01 0.1808E-01
-0.4680 -0.2735
172.0 0.1367E-02
0.6514E-01 -0.1387E-01
-0.4463 -0.1983
173.0 0.1496E-02
0.4699E-01 -0.3662E-01
-0.4149 -0.1425
174.0 0.1556E-02
0.2897E-01 -0.5306E-01
-0.3820 -0.1016
175.0 0.1538E-02
0.1308E-01 -0.6583E-01
-0.3488 -0.7108E-01
176.0 0.1451E-02
0.3058E-03 -0.7687E-01
-0.3124 -0.4744E-01
177.0 0.1323E-02
-0.8301E-02 -0.8730E-01
-0.2661 -0.2859E-01
178.0 0.1192E-02
-0.1137E-01 -0.9714E-01
-0.2010 -0.1377E-01
179.0 0.1096E-02
-0.8054E-02 -0.1049
-0.1105 -0.3680E-02
180.0 0.1060E-02
0.000 -0.1079
0.000 0.000
