# 121 angles,  1 tensor ranks for 0=projectile
@subtitle   "12C(d,p)13C"                                                                                                           
@legend ON
@legend x1 0.2
@legend y1 0.8
@g0 type LOGY
@             s0 legend        "Lab energy =   16.0000"
#             s0 legend        "Partition=  2 Excit=  1 near/far= 1"
#  Theta       sigma       iT11        T20         T21         T22         Kyy for projectile
  0.0000      25.433    
 0.50000      25.451    
  1.0000      25.507    
  1.5000      25.598    
  2.0000      25.724    
  2.5000      25.883    
  3.0000      26.071    
  3.5000      26.286    
  4.0000      26.524    
  4.5000      26.781    
  5.0000      27.053    
  5.5000      27.336    
  6.0000      27.624    
  6.5000      27.913    
  7.0000      28.198    
  7.5000      28.473    
  8.0000      28.735    
  8.5000      28.978    
  9.0000      29.197    
  9.5000      29.389    
  10.000      29.550    
  10.500      29.675    
  11.000      29.763    
  11.500      29.809    
  12.000      29.811    
  12.500      29.768    
  13.000      29.678    
  13.500      29.541    
  14.000      29.355    
  14.500      29.120    
  15.000      28.838    
  15.500      28.508    
  16.000      28.132    
  16.500      27.712    
  17.000      27.250    
  17.500      26.747    
  18.000      26.206    
  18.500      25.630    
  19.000      25.023    
  19.500      24.386    
  20.000      23.724    
  20.500      23.039    
  21.000      22.335    
  21.500      21.616    
  22.000      20.884    
  22.500      20.144    
  23.000      19.399    
  23.500      18.651    
  24.000      17.905    
  24.500      17.163    
  25.000      16.428    
  25.500      15.703    
  26.000      14.990    
  26.500      14.293    
  27.000      13.613    
  27.500      12.952    
  28.000      12.313    
  28.500      11.697    
  29.000      11.105    
  29.500      10.540    
  30.000      10.002    
  30.500      9.4915    
  31.000      9.0104    
  31.500      8.5588    
  32.000      8.1373    
  32.500      7.7459    
  33.000      7.3849    
  33.500      7.0541    
  34.000      6.7534    
  34.500      6.4823    
  35.000      6.2404    
  35.500      6.0271    
  36.000      5.8416    
  36.500      5.6831    
  37.000      5.5506    
  37.500      5.4432    
  38.000      5.3596    
  38.500      5.2988    
  39.000      5.2595    
  39.500      5.2404    
  40.000      5.2402    
  40.500      5.2575    
  41.000      5.2910    
  41.500      5.3393    
  42.000      5.4009    
  42.500      5.4745    
  43.000      5.5587    
  43.500      5.6521    
  44.000      5.7534    
  44.500      5.8613    
  45.000      5.9745    
  45.500      6.0917    
  46.000      6.2117    
  46.500      6.3335    
  47.000      6.4558    
  47.500      6.5777    
  48.000      6.6982    
  48.500      6.8162    
  49.000      6.9310    
  49.500      7.0418    
  50.000      7.1478    
  50.500      7.2482    
  51.000      7.3425    
  51.500      7.4301    
  52.000      7.5104    
  52.500      7.5831    
  53.000      7.6478    
  53.500      7.7040    
  54.000      7.7516    
  54.500      7.7903    
  55.000      7.8200    
  55.500      7.8405    
  56.000      7.8517    
  56.500      7.8537    
  57.000      7.8465    
  57.500      7.8301    
  58.000      7.8048    
  58.500      7.7705    
  59.000      7.7276    
  59.500      7.6762    
  60.000      7.6166    
 &
