     0.0   3.957       8.932       0.000    
     1.0  -25.92       59.58       0.000    
     2.0  -173.4       72.87       0.000    
     3.0   19.72       154.0       0.000    
     4.0   42.16       169.6       0.000    
     5.0   88.92       154.5       0.000    
     6.0   58.42       112.5       0.000    
     7.0   30.43       57.31       0.000    
     8.0   10.92       20.84       0.000    
     9.0   3.343       6.871       0.000    
    10.0  0.9656       2.245       0.000    
    11.0  0.2713      0.7361       0.000    
    12.0  0.7458E-01  0.2411       0.000    
    13.0  0.1986E-01  0.9164E-01   0.000    
    14.0  0.5176E-02  0.4717E-01   0.000    
    15.0  0.1060E-02  0.2573E-01   0.000    
    16.0  0.1094E-05  0.1090E-01   0.000    
    17.0 -0.1292E-03  0.3177E-02   0.000    
    18.0 -0.6520E-04  0.6326E-03   0.000    
