# 101  0.2000   16.0000 = NLN,RINTP,ELAB
   0.000    0.000000    0.000000
   0.200    0.000000    0.000000
   0.400    0.000000    0.000000
   0.600    0.000000    0.000000
   0.800   -4.294812   -0.228866
   1.000   -0.791527    0.495722
   1.200    1.532992    0.856441
   1.400    2.924203    1.050430
   1.600    3.667728    1.162666
   1.800    3.917242    1.186533
   2.000    3.688379    1.081274
   2.200    3.022300    0.868110
   2.400    2.087137    0.618358
   2.600    1.248058    0.353121
   2.800    0.810177    0.066222
   3.000    0.899356   -0.299464
   3.200    1.484662   -0.718295
   3.400    2.316601   -1.141119
   3.600    3.230103   -1.438392
   3.800    3.944379   -1.588506
   4.000    4.352652   -1.567474
   4.200    4.317179   -1.467424
   4.400    3.899186   -1.320545
   4.600    3.187947   -1.158682
   4.800    2.348120   -0.904487
   5.000    1.547169   -0.691535
   5.200    0.880400   -0.405739
   5.400    0.405283   -0.146966
   5.600    0.093388    0.066171
   5.800   -0.071158    0.241013
   6.000   -0.147896    0.337290
   6.200   -0.155923    0.400030
   6.400   -0.143843    0.396992
   6.600   -0.104112    0.387390
   6.800   -0.076076    0.335772
   7.000   -0.038990    0.291274
   7.200   -0.017011    0.230425
   7.400    0.004760    0.180737
   7.600    0.013107    0.131904
   7.800    0.026003    0.092080
   8.000    0.031272    0.033129
   8.200    0.021763    0.047940
   8.400    0.025088    0.026971
   8.600    0.017118    0.008107
   8.800    0.024184    0.025850
   9.000   -0.035184   -0.018423
   9.200    0.022785    0.062050
   9.400   -0.008764    0.043650
   9.600   -0.059197    0.041428
   9.800    0.011905    0.088346
  10.000   -0.023668    0.096930
  10.200   -0.060873    0.027415
  10.400    0.045214    0.087046
  10.600   -0.042155    0.078625
  10.800   -0.013610    0.001573
  11.000    0.036328    0.061398
  11.200   -0.027826    0.043125
  11.400    0.007091   -0.007433
  11.600    0.045327    0.039039
  11.800   -0.028041    0.012080
  12.000    0.018989   -0.008392
  12.200    0.048748    0.022566
  12.400   -0.020290   -0.002884
  12.600    0.014913   -0.004831
  12.800    0.039408    0.005883
  13.000   -0.011423   -0.004810
  13.200    0.004253   -0.004657
  13.400    0.020410    0.002380
  13.600   -0.013212   -0.003870
  13.800    0.011651    0.002342
  14.000   -0.006018   -0.000170
  14.200    0.000245    0.003466
  14.400   -0.000535   -0.000400
  14.600   -0.002348    0.005014
  14.800   -0.003907    0.000463
  15.000   -0.001103    0.004279
  15.200   -0.006057    0.000734
  15.400   -0.000337    0.003454
  15.600   -0.006257   -0.000068
  15.800   -0.001828    0.002019
  16.000   -0.003610    0.000279
  16.200   -0.006263   -0.003226
  16.400   -0.001516    0.001643
  16.600   -0.004809   -0.002359
  16.800   -0.003910   -0.002383
  17.000   -0.002528    0.000206
  17.200   -0.004205   -0.002788
  17.400   -0.001635    0.000314
  17.600   -0.004982   -0.002152
  17.800   -0.008949   -0.003207
  18.000   -0.008646   -0.006543
  18.200    0.000362   -0.005123
  18.400    0.009359   -0.005650
  18.600    0.025355   -0.001537
  18.800    0.034396   -0.000248
  19.000    0.047398    0.004566
  19.200    0.000000    0.000000
  19.400    0.000000    0.000000
  19.600    0.000000    0.000000
  19.800    0.000000    0.000000
  20.000    0.000000    0.000000
 END
