# Fusion cross sections for ELAB=   16.000000, ECM=   13.700487
     0.0   3.957       8.932       4.975    
     1.0  -25.92       59.58       85.51    
     2.0  -173.4       72.87       246.3    
     3.0   19.72       154.0       134.3    
     4.0   42.16       169.6       127.5    
     5.0   88.92       154.5       65.62    
     6.0   58.42       112.5       54.07    
     7.0   30.43       57.31       26.88    
     8.0   10.92       20.84       9.924    
     9.0   3.343       6.871       3.528    
    10.0  0.9656       2.245       1.280    
    11.0  0.2713      0.7361      0.4648    
    12.0  0.7458E-01  0.2411      0.1665    
    13.0  0.1986E-01  0.9164E-01  0.7178E-01
    14.0  0.5176E-02  0.4717E-01  0.4200E-01
    15.0  0.1060E-02  0.2573E-01  0.2467E-01
    16.0  0.1094E-05  0.1090E-01  0.1090E-01
    17.0 -0.1292E-03  0.3177E-02  0.3306E-02
    18.0 -0.6520E-04  0.6326E-03  0.6978E-03
 & 
