# 121 angles,  1 tensor ranks for 0=projectile
@subtitle   "12C(d,p)13C"                                                                                                           
@legend ON
@legend x1 0.2
@legend y1 0.8
@g0 type LOGY
@             s0 legend        "Lab energy =   16.0000"
#             s0 legend        "Partition=  2 Excit=  2 near/far= 1"
#  Theta       sigma       iT11        T20         T21         T22         Kyy for projectile
  0.0000      181.11    
 0.50000      180.83    
  1.0000      179.99    
  1.5000      178.61    
  2.0000      176.68    
  2.5000      174.24    
  3.0000      171.30    
  3.5000      167.88    
  4.0000      164.03    
  4.5000      159.76    
  5.0000      155.12    
  5.5000      150.14    
  6.0000      144.87    
  6.5000      139.34    
  7.0000      133.59    
  7.5000      127.68    
  8.0000      121.64    
  8.5000      115.50    
  9.0000      109.32    
  9.5000      103.13    
  10.000      96.956    
  10.500      90.846    
  11.000      84.826    
  11.500      78.926    
  12.000      73.173    
  12.500      67.589    
  13.000      62.195    
  13.500      57.010    
  14.000      52.049    
  14.500      47.323    
  15.000      42.845    
  15.500      38.619    
  16.000      34.654    
  16.500      30.950    
  17.000      27.510    
  17.500      24.333    
  18.000      21.418    
  18.500      18.760    
  19.000      16.355    
  19.500      14.197    
  20.000      12.280    
  20.500      10.595    
  21.000      9.1354    
  21.500      7.8916    
  22.000      6.8543    
  22.500      6.0140    
  23.000      5.3608    
  23.500      4.8843    
  24.000      4.5744    
  24.500      4.4205    
  25.000      4.4121    
  25.500      4.5386    
  26.000      4.7895    
  26.500      5.1542    
  27.000      5.6224    
  27.500      6.1837    
  28.000      6.8280    
  28.500      7.5453    
  29.000      8.3257    
  29.500      9.1597    
  30.000      10.038    
  30.500      10.952    
  31.000      11.892    
  31.500      12.851    
  32.000      13.820    
  32.500      14.793    
  33.000      15.761    
  33.500      16.719    
  34.000      17.660    
  34.500      18.579    
  35.000      19.470    
  35.500      20.330    
  36.000      21.154    
  36.500      21.939    
  37.000      22.682    
  37.500      23.380    
  38.000      24.032    
  38.500      24.636    
  39.000      25.191    
  39.500      25.697    
  40.000      26.153    
  40.500      26.561    
  41.000      26.919    
  41.500      27.230    
  42.000      27.494    
  42.500      27.713    
  43.000      27.888    
  43.500      28.020    
  44.000      28.111    
  44.500      28.164    
  45.000      28.179    
  45.500      28.159    
  46.000      28.105    
  46.500      28.020    
  47.000      27.905    
  47.500      27.761    
  48.000      27.590    
  48.500      27.394    
  49.000      27.174    
  49.500      26.931    
  50.000      26.668    
  50.500      26.384    
  51.000      26.081    
  51.500      25.761    
  52.000      25.423    
  52.500      25.070    
  53.000      24.701    
  53.500      24.319    
  54.000      23.923    
  54.500      23.514    
  55.000      23.094    
  55.500      22.662    
  56.000      22.220    
  56.500      21.769    
  57.000      21.309    
  57.500      20.841    
  58.000      20.366    
  58.500      19.885    
  59.000      19.398    
  59.500      18.906    
  60.000      18.411    
 &
