# KN1,E,l,j,2j+1,N,cmb =   3  -4.94600   1  0.5   2 201 F T F
   0.000     0.0000    
   0.100   -0.89690E-01
   0.200   -0.36706    
   0.300   -0.82958    
   0.400    -1.4661    
   0.500    -2.2617    
   0.600    -3.1981    
   0.700    -4.2538    
   0.800    -5.4049    
   0.900    -6.6249    
   1.000    -7.8857    
   1.100    -9.1582    
   1.200    -10.413    
   1.300    -11.620    
   1.400    -12.751    
   1.500    -13.779    
   1.600    -14.681    
   1.700    -15.434    
   1.800    -16.023    
   1.900    -16.434    
   2.000    -16.660    
   2.100    -16.700    
   2.200    -16.555    
   2.300    -16.236    
   2.400    -15.755    
   2.500    -15.131    
   2.600    -14.386    
   2.700    -13.542    
   2.800    -12.626    
   2.900    -11.663    
   3.000    -10.677    
   3.100    -9.6902    
   3.200    -8.7231    
   3.300    -7.7917    
   3.400    -6.9091    
   3.500    -6.0848    
   3.600    -5.3248    
   3.700    -4.6325    
   3.800    -4.0084    
   3.900    -3.4513    
   4.000    -2.9582    
   4.100    -2.5252    
   4.200    -2.1477    
   4.300    -1.8205    
   4.400    -1.5385    
   4.500    -1.2968    
   4.600    -1.0904    
   4.700   -0.91493    
   4.800   -0.76625    
   4.900   -0.64065    
   5.000   -0.53485    
   5.100   -0.44594    
   5.200   -0.37139    
   5.300   -0.30899    
   5.400   -0.25684    
   5.500   -0.21333    
   5.600   -0.17707    
   5.700   -0.14688    
   5.800   -0.12178    
   5.900   -0.10093    
   6.000   -0.83608E-01
   6.100   -0.69238E-01
   6.200   -0.57321E-01
   6.300   -0.47443E-01
   6.400   -0.39258E-01
   6.500   -0.32480E-01
   6.600   -0.26867E-01
   6.700   -0.22221E-01
   6.800   -0.18376E-01
   6.900   -0.15195E-01
   7.000   -0.12564E-01
   7.100   -0.10387E-01
   7.200   -0.85875E-02
   7.300   -0.70990E-02
   7.400   -0.58683E-02
   7.500   -0.48508E-02
   7.600   -0.40096E-02
   7.700   -0.33142E-02
   7.800   -0.27393E-02
   7.900   -0.22642E-02
   8.000   -0.18714E-02
   8.100   -0.15468E-02
   8.200   -0.12784E-02
   8.300   -0.10566E-02
   8.400   -0.87334E-03
   8.500   -0.72183E-03
   8.600   -0.59661E-03
   8.700   -0.49312E-03
   8.800   -0.40758E-03
   8.900   -0.33688E-03
   9.000   -0.27844E-03
   9.100   -0.23015E-03
   9.200   -0.19023E-03
   9.300   -0.15724E-03
   9.400   -0.12997E-03
   9.500   -0.10743E-03
   9.600   -0.88799E-04
   9.700   -0.73401E-04
   9.800   -0.60673E-04
   9.900   -0.50153E-04
  10.000   -0.41457E-04
  10.100   -0.34270E-04
  10.200   -0.28328E-04
  10.300   -0.23417E-04
  10.400   -0.19358E-04
  10.500   -0.16002E-04
  10.600   -0.13229E-04
  10.700   -0.10936E-04
  10.800   -0.90404E-05
  10.900   -0.74736E-05
  11.000   -0.61783E-05
  11.100   -0.51076E-05
  11.200   -0.42225E-05
  11.300   -0.34908E-05
  11.400   -0.28859E-05
  11.500   -0.23859E-05
  11.600   -0.19725E-05
  11.700   -0.16308E-05
  11.800   -0.13482E-05
  11.900   -0.11146E-05
  12.000   -0.92155E-06
  12.100   -0.76191E-06
  12.200   -0.62992E-06
  12.300   -0.52081E-06
  12.400   -0.43059E-06
  12.500   -0.35601E-06
  12.600   -0.29435E-06
  12.700   -0.24337E-06
  12.800   -0.20122E-06
  12.900   -0.16637E-06
  13.000   -0.13756E-06
  13.100   -0.11374E-06
  13.200   -0.94040E-07
  13.300   -0.77755E-07
  13.400   -0.64291E-07
  13.500   -0.53158E-07
  13.600   -0.43954E-07
  13.700   -0.36343E-07
  13.800   -0.30051E-07
  13.900   -0.24848E-07
  14.000   -0.20546E-07
  14.100   -0.16989E-07
  14.200   -0.14047E-07
  14.300   -0.11616E-07
  14.400   -0.96046E-08
  14.500   -0.79419E-08
  14.600   -0.65671E-08
  14.700   -0.54303E-08
  14.800   -0.44903E-08
  14.900   -0.37130E-08
  15.000   -0.30703E-08
  15.100   -0.25389E-08
  15.200   -0.20994E-08
  15.300   -0.17361E-08
  15.400   -0.14356E-08
  15.500   -0.11871E-08
  15.600   -0.98165E-09
  15.700   -0.81176E-09
  15.800   -0.67127E-09
  15.900   -0.55510E-09
  16.000   -0.45903E-09
  16.100   -0.37959E-09
  16.200   -0.31390E-09
  16.300   -0.25958E-09
  16.400   -0.21466E-09
  16.500   -0.17751E-09
  16.600   -0.14680E-09
  16.700   -0.12139E-09
  16.800   -0.10039E-09
  16.900   -0.83018E-10
  17.000   -0.68653E-10
  17.100   -0.56774E-10
  17.200   -0.46951E-10
  17.300   -0.38827E-10
  17.400   -0.32109E-10
  17.500   -0.26554E-10
  17.600   -0.21960E-10
  17.700   -0.18160E-10
  17.800   -0.15018E-10
  17.900   -0.12420E-10
  18.000   -0.10271E-10
  18.100   -0.84943E-11
  18.200   -0.70248E-11
  18.300   -0.58095E-11
  18.400   -0.48045E-11
  18.500   -0.39733E-11
  18.600   -0.32860E-11
  18.700   -0.27175E-11
  18.800   -0.22474E-11
  18.900   -0.18586E-11
  19.000   -0.15371E-11
  19.100   -0.12712E-11
  19.200   -0.10513E-11
  19.300   -0.86947E-12
  19.400    0.35621E-13
  19.500    0.29301E-13
  19.600    0.24103E-13
  19.700    0.19828E-13
  19.800    0.16311E-13
  19.900    0.13419E-13
  20.000    0.11040E-13
 &
# KN1,E,l,j,2j+1,N,cmb =   4  -9.38490   1  1.5   4 201 F T F
   0.000     0.0000    
   0.100   -0.12241    
   0.200   -0.45835    
   0.300    -1.0077    
   0.400    -1.7588    
   0.500    -2.6963    
   0.600    -3.8013    
   0.700    -5.0514    
   0.800    -6.4213    
   0.900    -7.8829    
   1.000    -9.4059    
   1.100    -10.958    
   1.200    -12.507    
   1.300    -14.020    
   1.400    -15.462    
   1.500    -16.801    
   1.600    -18.009    
   1.700    -19.056    
   1.800    -19.919    
   1.900    -20.577    
   2.000    -21.017    
   2.100    -21.229    
   2.200    -21.209    
   2.300    -20.962    
   2.400    -20.497    
   2.500    -19.830    
   2.600    -18.983    
   2.700    -17.983    
   2.800    -16.860    
   2.900    -15.646    
   3.000    -14.375    
   3.100    -13.077    
   3.200    -11.783    
   3.300    -10.520    
   3.400    -9.3098    
   3.500    -8.1699    
   3.600    -7.1128    
   3.700    -6.1466    
   3.800    -5.2751    
   3.900    -4.4982    
   4.000    -3.8133    
   4.100    -3.2154    
   4.200    -2.6981    
   4.300    -2.2542    
   4.400    -1.8759    
   4.500    -1.5557    
   4.600    -1.2862    
   4.700    -1.0604    
   4.800   -0.87214    
   4.900   -0.71580    
   5.000   -0.58640    
   5.100   -0.47962    
   5.200   -0.39174    
   5.300   -0.31957    
   5.400   -0.26043    
   5.500   -0.21204    
   5.600   -0.17251    
   5.700   -0.14026    
   5.800   -0.11397    
   5.900   -0.92567E-01
   6.000   -0.75153E-01
   6.100   -0.60995E-01
   6.200   -0.49490E-01
   6.300   -0.40147E-01
   6.400   -0.32561E-01
   6.500   -0.26404E-01
   6.600   -0.21409E-01
   6.700   -0.17358E-01
   6.800   -0.14072E-01
   6.900   -0.11407E-01
   7.000   -0.92467E-02
   7.100   -0.74954E-02
   7.200   -0.60757E-02
   7.300   -0.49248E-02
   7.400   -0.39920E-02
   7.500   -0.32359E-02
   7.600   -0.26231E-02
   7.700   -0.21264E-02
   7.800   -0.17238E-02
   7.900   -0.13974E-02
   8.000   -0.11329E-02
   8.100   -0.91849E-03
   8.200   -0.74469E-03
   8.300   -0.60379E-03
   8.400   -0.48957E-03
   8.500   -0.39697E-03
   8.600   -0.32190E-03
   8.700   -0.26104E-03
   8.800   -0.21169E-03
   8.900   -0.17168E-03
   9.000   -0.13924E-03
   9.100   -0.11293E-03
   9.200   -0.91594E-04
   9.300   -0.74293E-04
   9.400   -0.60262E-04
   9.500   -0.48883E-04
   9.600   -0.39654E-04
   9.700   -0.32169E-04
   9.800   -0.26097E-04
   9.900   -0.21172E-04
  10.000   -0.17177E-04
  10.100   -0.13936E-04
  10.200   -0.11307E-04
  10.300   -0.91747E-05
  10.400   -0.74444E-05
  10.500   -0.60406E-05
  10.600   -0.49017E-05
  10.700   -0.39776E-05
  10.800   -0.32278E-05
  10.900   -0.26195E-05
  11.000   -0.21258E-05
  11.100   -0.17252E-05
  11.200   -0.14002E-05
  11.300   -0.11364E-05
  11.400   -0.92230E-06
  11.500   -0.74858E-06
  11.600   -0.60759E-06
  11.700   -0.49316E-06
  11.800   -0.40030E-06
  11.900   -0.32492E-06
  12.000   -0.26375E-06
  12.100   -0.21410E-06
  12.200   -0.17379E-06
  12.300   -0.14108E-06
  12.400   -0.11453E-06
  12.500   -0.92974E-07
  12.600   -0.75478E-07
  12.700   -0.61275E-07
  12.800   -0.49746E-07
  12.900   -0.40386E-07
  13.000   -0.32788E-07
  13.100   -0.26620E-07
  13.200   -0.21613E-07
  13.300   -0.17548E-07
  13.400   -0.14247E-07
  13.500   -0.11568E-07
  13.600   -0.93924E-08
  13.700   -0.76262E-08
  13.800   -0.61922E-08
  13.900   -0.50279E-08
  14.000   -0.40826E-08
  14.100   -0.33151E-08
  14.200   -0.26919E-08
  14.300   -0.21858E-08
  14.400   -0.17750E-08
  14.500   -0.14413E-08
  14.600   -0.11704E-08
  14.700   -0.95045E-09
  14.800   -0.77182E-09
  14.900   -0.62677E-09
  15.000   -0.50899E-09
  15.100   -0.41335E-09
  15.200   -0.33568E-09
  15.300   -0.27261E-09
  15.400   -0.22139E-09
  15.500   -0.17979E-09
  15.600   -0.14602E-09
  15.700   -0.11858E-09
  15.800   -0.96308E-10
  15.900   -0.78216E-10
  16.000   -0.63524E-10
  16.100   -0.51592E-10
  16.200   -0.41902E-10
  16.300   -0.34032E-10
  16.400   -0.27640E-10
  16.500   -0.22449E-10
  16.600   -0.18233E-10
  16.700   -0.14809E-10
  16.800   -0.12028E-10
  16.900   -0.97694E-11
  17.000   -0.79349E-11
  17.100   -0.64450E-11
  17.200   -0.52348E-11
  17.300   -0.42520E-11
  17.400   -0.34536E-11
  17.500   -0.28052E-11
  17.600   -0.22786E-11
  17.700   -0.18508E-11
  17.800   -0.15033E-11
  17.900   -0.12211E-11
  18.000   -0.99189E-12
  18.100   -0.80570E-12
  18.200   -0.65446E-12
  18.300   -0.53161E-12
  18.400   -0.43183E-12
  18.500   -0.35078E-12
  18.600   -0.28494E-12
  18.700   -0.23146E-12
  18.800   -0.18802E-12
  18.900   -0.15273E-12
  19.000   -0.12407E-12
  19.100   -0.10078E-12
  19.200   -0.81870E-13
  19.300   -0.66506E-13
  19.400   -0.12006E-14
  19.500   -0.97041E-15
  19.600   -0.78438E-15
  19.700   -0.63403E-15
  19.800   -0.51251E-15
  19.900   -0.41430E-15
  20.000   -0.33492E-15
 &
# KN1,E,l,j,2j+1,N,cmb =   5  -1.85700   0  0.5   2 201 F T F
   0.000     0.0000    
   0.100    -2.8031    
   0.200    -5.5334    
   0.300    -8.1301    
   0.400    -10.535    
   0.500    -12.696    
   0.600    -14.565    
   0.700    -16.102    
   0.800    -17.274    
   0.900    -18.059    
   1.000    -18.443    
   1.100    -18.422    
   1.200    -18.004    
   1.300    -17.207    
   1.400    -16.056    
   1.500    -14.589    
   1.600    -12.851    
   1.700    -10.894    
   1.800    -8.7743    
   1.900    -6.5541    
   2.000    -4.2959    
   2.100    -2.0617    
   2.200    0.89398E-01
   2.300     2.1034    
   2.400     3.9337    
   2.500     5.5424    
   2.600     6.9023    
   2.700     7.9970    
   2.800     8.8213    
   2.900     9.3806    
   3.000     9.6898    
   3.100     9.7715    
   3.200     9.6544    
   3.300     9.3705    
   3.400     8.9535    
   3.500     8.4367    
   3.600     7.8512    
   3.700     7.2252    
   3.800     6.5827    
   3.900     5.9436    
   4.000     5.3234    
   4.100     4.7336    
   4.200     4.1821    
   4.300     3.6736    
   4.400     3.2106    
   4.500     2.7932    
   4.600     2.4204    
   4.700     2.0899    
   4.800     1.7989    
   4.900     1.5442    
   5.000     1.3224    
   5.100     1.1300    
   5.200    0.96387    
   5.300    0.82081    
   5.400    0.69800    
   5.500    0.59283    
   5.600    0.50297    
   5.700    0.42633    
   5.800    0.36107    
   5.900    0.30558    
   6.000    0.25846    
   6.100    0.21849    
   6.200    0.18462    
   6.300    0.15593    
   6.400    0.13165    
   6.500    0.11112    
   6.600    0.93770E-01
   6.700    0.79108E-01
   6.800    0.66725E-01
   6.900    0.56271E-01
   7.000    0.47448E-01
   7.100    0.40002E-01
   7.200    0.33722E-01
   7.300    0.28424E-01
   7.400    0.23957E-01
   7.500    0.20190E-01
   7.600    0.17015E-01
   7.700    0.14338E-01
   7.800    0.12082E-01
   7.900    0.10180E-01
   8.000    0.85773E-02
   8.100    0.72267E-02
   8.200    0.60886E-02
   8.300    0.51296E-02
   8.400    0.43216E-02
   8.500    0.36408E-02
   8.600    0.30672E-02
   8.700    0.25839E-02
   8.800    0.21768E-02
   8.900    0.18338E-02
   9.000    0.15448E-02
   9.100    0.13014E-02
   9.200    0.10963E-02
   9.300    0.92350E-03
   9.400    0.77795E-03
   9.500    0.65534E-03
   9.600    0.55205E-03
   9.700    0.46504E-03
   9.800    0.39174E-03
   9.900    0.32999E-03
  10.000    0.27798E-03
  10.100    0.23416E-03
  10.200    0.19725E-03
  10.300    0.16616E-03
  10.400    0.13997E-03
  10.500    0.11791E-03
  10.600    0.99322E-04
  10.700    0.83666E-04
  10.800    0.70478E-04
  10.900    0.59368E-04
  11.000    0.50010E-04
  11.100    0.42127E-04
  11.200    0.35487E-04
  11.300    0.29893E-04
  11.400    0.25181E-04
  11.500    0.21212E-04
  11.600    0.17868E-04
  11.700    0.15051E-04
  11.800    0.12679E-04
  11.900    0.10680E-04
  12.000    0.89967E-05
  12.100    0.75785E-05
  12.200    0.63839E-05
  12.300    0.53776E-05
  12.400    0.45299E-05
  12.500    0.38159E-05
  12.600    0.32144E-05
  12.700    0.27077E-05
  12.800    0.22809E-05
  12.900    0.19213E-05
  13.000    0.16185E-05
  13.100    0.13633E-05
  13.200    0.11484E-05
  13.300    0.96740E-06
  13.400    0.81491E-06
  13.500    0.68645E-06
  13.600    0.57824E-06
  13.700    0.48709E-06
  13.800    0.41031E-06
  13.900    0.34563E-06
  14.000    0.29115E-06
  14.100    0.24526E-06
  14.200    0.20660E-06
  14.300    0.17403E-06
  14.400    0.14660E-06
  14.500    0.12349E-06
  14.600    0.10402E-06
  14.700    0.87625E-07
  14.800    0.73813E-07
  14.900    0.62177E-07
  15.000    0.52376E-07
  15.100    0.44120E-07
  15.200    0.37165E-07
  15.300    0.31307E-07
  15.400    0.26372E-07
  15.500    0.22215E-07
  15.600    0.18713E-07
  15.700    0.15763E-07
  15.800    0.13278E-07
  15.900    0.11185E-07
  16.000    0.94222E-08
  16.100    0.79369E-08
  16.200    0.66858E-08
  16.300    0.56319E-08
  16.400    0.47441E-08
  16.500    0.39963E-08
  16.600    0.33664E-08
  16.700    0.28357E-08
  16.800    0.23887E-08
  16.900    0.20122E-08
  17.000    0.16950E-08
  17.100    0.14278E-08
  17.200    0.12027E-08
  17.300    0.10131E-08
  17.400    0.85344E-09
  17.500    0.71891E-09
  17.600    0.60559E-09
  17.700    0.51013E-09
  17.800    0.42972E-09
  17.900    0.36198E-09
  18.000    0.30492E-09
  18.100    0.25685E-09
  18.200    0.21637E-09
  18.300    0.18226E-09
  18.400    0.15353E-09
  18.500    0.12933E-09
  18.600    0.10894E-09
  18.700    0.91769E-10
  18.800    0.77303E-10
  18.900    0.65118E-10
  19.000    0.54853E-10
  19.100    0.46206E-10
  19.200    0.38923E-10
  19.300    0.32787E-10
  19.400     0.0000    
  19.500     0.0000    
  19.600     0.0000    
  19.700     0.0000    
  19.800     0.0000    
  19.900     0.0000    
  20.000     0.0000    
 &
# KN1,E,l,j,2j+1,N,cmb =   6  -6.29590   2  2.5   6 201 F T F
   0.000     0.0000    
   0.100   -0.80413E-02
   0.200   -0.63603E-01
   0.300   -0.20980    
   0.400   -0.48707    
   0.500   -0.93055    
   0.600    -1.5688    
   0.700    -2.4225    
   0.800    -3.5036    
   0.900    -4.8144    
   1.000    -6.3474    
   1.100    -8.0849    
   1.200    -9.9994    
   1.300    -12.054    
   1.400    -14.204    
   1.500    -16.397    
   1.600    -18.577    
   1.700    -20.684    
   1.800    -22.656    
   1.900    -24.436    
   2.000    -25.968    
   2.100    -27.204    
   2.200    -28.108    
   2.300    -28.651    
   2.400    -28.821    
   2.500    -28.617    
   2.600    -28.053    
   2.700    -27.157    
   2.800    -25.967    
   2.900    -24.531    
   3.000    -22.903    
   3.100    -21.139    
   3.200    -19.298    
   3.300    -17.431    
   3.400    -15.587    
   3.500    -13.806    
   3.600    -12.119    
   3.700    -10.549    
   3.800    -9.1120    
   3.900    -7.8149    
   4.000    -6.6590    
   4.100    -5.6409    
   4.200    -4.7532    
   4.300    -3.9862    
   4.400    -3.3289    
   4.500    -2.7696    
   4.600    -2.2968    
   4.700    -1.8992    
   4.800    -1.5665    
   4.900    -1.2894    
   5.000    -1.0592    
   5.100   -0.86883    
   5.200   -0.71168    
   5.300   -0.58229    
   5.400   -0.47597    
   5.500   -0.38875    
   5.600   -0.31731    
   5.700   -0.25886    
   5.800   -0.21109    
   5.900   -0.17207    
   6.000   -0.14023    
   6.100   -0.11426    
   6.200   -0.93092E-01
   6.300   -0.75837E-01
   6.400   -0.61778E-01
   6.500   -0.50325E-01
   6.600   -0.40996E-01
   6.700   -0.33398E-01
   6.800   -0.27211E-01
   6.900   -0.22171E-01
   7.000   -0.18067E-01
   7.100   -0.14724E-01
   7.200   -0.12001E-01
   7.300   -0.97833E-02
   7.400   -0.79763E-02
   7.500   -0.65039E-02
   7.600   -0.53041E-02
   7.700   -0.43262E-02
   7.800   -0.35291E-02
   7.900   -0.28793E-02
   8.000   -0.23495E-02
   8.100   -0.19174E-02
   8.200   -0.15650E-02
   8.300   -0.12776E-02
   8.400   -0.10431E-02
   8.500   -0.85173E-03
   8.600   -0.69557E-03
   8.700   -0.56812E-03
   8.800   -0.46408E-03
   8.900   -0.37915E-03
   9.000   -0.30979E-03
   9.100   -0.25315E-03
   9.200   -0.20689E-03
   9.300   -0.16911E-03
   9.400   -0.13824E-03
   9.500   -0.11301E-03
   9.600   -0.92404E-04
   9.700   -0.75560E-04
   9.800   -0.61792E-04
   9.900   -0.50539E-04
  10.000   -0.41338E-04
  10.100   -0.33816E-04
  10.200   -0.27665E-04
  10.300   -0.22635E-04
  10.400   -0.18521E-04
  10.500   -0.15156E-04
  10.600   -0.12404E-04
  10.700   -0.10152E-04
  10.800   -0.83094E-05
  10.900   -0.68019E-05
  11.000   -0.55683E-05
  11.100   -0.45588E-05
  11.200   -0.37326E-05
  11.300   -0.30563E-05
  11.400   -0.25027E-05
  11.500   -0.20495E-05
  11.600   -0.16785E-05
  11.700   -0.13748E-05
  11.800   -0.11261E-05
  11.900   -0.92239E-06
  12.000   -0.75561E-06
  12.100   -0.61901E-06
  12.200   -0.50714E-06
  12.300   -0.41551E-06
  12.400   -0.34046E-06
  12.500   -0.27897E-06
  12.600   -0.22860E-06
  12.700   -0.18734E-06
  12.800   -0.15353E-06
  12.900   -0.12583E-06
  13.000   -0.10313E-06
  13.100   -0.84531E-07
  13.200   -0.69289E-07
  13.300   -0.56797E-07
  13.400   -0.46560E-07
  13.500   -0.38170E-07
  13.600   -0.31292E-07
  13.700   -0.25655E-07
  13.800   -0.21035E-07
  13.900   -0.17247E-07
  14.000   -0.14142E-07
  14.100   -0.11596E-07
  14.200   -0.95089E-08
  14.300   -0.77977E-08
  14.400   -0.63947E-08
  14.500   -0.52443E-08
  14.600   -0.43010E-08
  14.700   -0.35275E-08
  14.800   -0.28932E-08
  14.900   -0.23731E-08
  15.000   -0.19465E-08
  15.100   -0.15966E-08
  15.200   -0.13097E-08
  15.300   -0.10744E-08
  15.400   -0.88135E-09
  15.500   -0.72302E-09
  15.600   -0.59316E-09
  15.700   -0.48663E-09
  15.800   -0.39925E-09
  15.900   -0.32756E-09
  16.000   -0.26876E-09
  16.100   -0.22051E-09
  16.200   -0.18093E-09
  16.300   -0.14846E-09
  16.400   -0.12182E-09
  16.500   -0.99964E-10
  16.600   -0.82030E-10
  16.700   -0.67315E-10
  16.800   -0.55241E-10
  16.900   -0.45334E-10
  17.000   -0.37204E-10
  17.100   -0.30533E-10
  17.200   -0.25058E-10
  17.300   -0.20566E-10
  17.400   -0.16879E-10
  17.500   -0.13854E-10
  17.600   -0.11371E-10
  17.700   -0.93331E-11
  17.800   -0.76606E-11
  17.900   -0.62880E-11
  18.000   -0.51614E-11
  18.100   -0.42368E-11
  18.200   -0.34778E-11
  18.300   -0.28549E-11
  18.400   -0.23435E-11
  18.500   -0.19238E-11
  18.600   -0.15793E-11
  18.700   -0.12965E-11
  18.800   -0.10644E-11
  18.900   -0.87382E-12
  19.000   -0.71739E-12
  19.100   -0.58897E-12
  19.200   -0.48355E-12
  19.300   -0.39700E-12
  19.400   -0.98740E-14
  19.500   -0.80667E-14
  19.600   -0.65904E-14
  19.700   -0.53845E-14
  19.800   -0.43994E-14
  19.900   -0.35947E-14
  20.000   -0.29373E-14
 &
# KN1,E,l,j,2j+1,N,cmb =   7  -1.26200   1  1.5   4 201 F T F
   0.000     0.0000    
   0.100   -0.45867E-01
   0.200   -0.16924    
   0.300   -0.37084    
   0.400   -0.64741    
   0.500   -0.99467    
   0.600    -1.4073    
   0.700    -1.8790    
   0.800    -2.4024    
   0.900    -2.9692    
   1.000    -3.5703    
   1.100    -4.1958    
   1.200    -4.8353    
   1.300    -5.4776    
   1.400    -6.1113    
   1.500    -6.7248    
   1.600    -7.3065    
   1.700    -7.8448    
   1.800    -8.3290    
   1.900    -8.7487    
   2.000    -9.0950    
   2.100    -9.3602    
   2.200    -9.5381    
   2.300    -9.6249    
   2.400    -9.6188    
   2.500    -9.5205    
   2.600    -9.3332    
   2.700    -9.0626    
   2.800    -8.7169    
   2.900    -8.3059    
   3.000    -7.8415    
   3.100    -7.3361    
   3.200    -6.8028    
   3.300    -6.2545    
   3.400    -5.7032    
   3.500    -5.1599    
   3.600    -4.6338    
   3.700    -4.1324    
   3.800    -3.6615    
   3.900    -3.2248    
   4.000    -2.8246    
   4.100    -2.4617    
   4.200    -2.1356    
   4.300    -1.8452    
   4.400    -1.5885    
   4.500    -1.3631    
   4.600    -1.1663    
   4.700   -0.99543    
   4.800   -0.84771    
   4.900   -0.72052    
   5.000   -0.61140    
   5.100   -0.51806    
   5.200   -0.43842    
   5.300   -0.37064    
   5.400   -0.31306    
   5.500   -0.26423    
   5.600   -0.22287    
   5.700   -0.18788    
   5.800   -0.15832    
   5.900   -0.13337    
   6.000   -0.11231    
   6.100   -0.94558E-01
   6.200   -0.79598E-01
   6.300   -0.66996E-01
   6.400   -0.56384E-01
   6.500   -0.47450E-01
   6.600   -0.39930E-01
   6.700   -0.33602E-01
   6.800   -0.28276E-01
   6.900   -0.23796E-01
   7.000   -0.20026E-01
   7.100   -0.16854E-01
   7.200   -0.14186E-01
   7.300   -0.11940E-01
   7.400   -0.10051E-01
   7.500   -0.84615E-02
   7.600   -0.71238E-02
   7.700   -0.59981E-02
   7.800   -0.50508E-02
   7.900   -0.42534E-02
   8.000   -0.35822E-02
   8.100   -0.30172E-02
   8.200   -0.25416E-02
   8.300   -0.21411E-02
   8.400   -0.18038E-02
   8.500   -0.15199E-02
   8.600   -0.12807E-02
   8.700   -0.10793E-02
   8.800   -0.90958E-03
   8.900   -0.76664E-03
   9.000   -0.64621E-03
   9.100   -0.54475E-03
   9.200   -0.45925E-03
   9.300   -0.38719E-03
   9.400   -0.32647E-03
   9.500   -0.27529E-03
   9.600   -0.23215E-03
   9.700   -0.19578E-03
   9.800   -0.16512E-03
   9.900   -0.13928E-03
  10.000   -0.11748E-03
  10.100   -0.99103E-04
  10.200   -0.83605E-04
  10.300   -0.70535E-04
  10.400   -0.59511E-04
  10.500   -0.50214E-04
  10.600   -0.42371E-04
  10.700   -0.35755E-04
  10.800   -0.30174E-04
  10.900   -0.25465E-04
  11.000   -0.21492E-04
  11.100   -0.18140E-04
  11.200   -0.15311E-04
  11.300   -0.12924E-04
  11.400   -0.10910E-04
  11.500   -0.92101E-05
  11.600   -0.77754E-05
  11.700   -0.65644E-05
  11.800   -0.55423E-05
  11.900   -0.46795E-05
  12.000   -0.39512E-05
  12.100   -0.33364E-05
  12.200   -0.28173E-05
  12.300   -0.23791E-05
  12.400   -0.20092E-05
  12.500   -0.16968E-05
  12.600   -0.14330E-05
  12.700   -0.12103E-05
  12.800   -0.10222E-05
  12.900   -0.86341E-06
  13.000   -0.72929E-06
  13.100   -0.61602E-06
  13.200   -0.52036E-06
  13.300   -0.43957E-06
  13.400   -0.37134E-06
  13.500   -0.31370E-06
  13.600   -0.26502E-06
  13.700   -0.22390E-06
  13.800   -0.18916E-06
  13.900   -0.15982E-06
  14.000   -0.13503E-06
  14.100   -0.11409E-06
  14.200   -0.96405E-07
  14.300   -0.81459E-07
  14.400   -0.68832E-07
  14.500   -0.58164E-07
  14.600   -0.49151E-07
  14.700   -0.41535E-07
  14.800   -0.35100E-07
  14.900   -0.29663E-07
  15.000   -0.25068E-07
  15.100   -0.21186E-07
  15.200   -0.17905E-07
  15.300   -0.15133E-07
  15.400   -0.12790E-07
  15.500   -0.10810E-07
  15.600   -0.91367E-08
  15.700   -0.77226E-08
  15.800   -0.65275E-08
  15.900   -0.55174E-08
  16.000   -0.46637E-08
  16.100   -0.39422E-08
  16.200   -0.33324E-08
  16.300   -0.28169E-08
  16.400   -0.23812E-08
  16.500   -0.20130E-08
  16.600   -0.17017E-08
  16.700   -0.14386E-08
  16.800   -0.12162E-08
  16.900   -0.10282E-08
  17.000   -0.86922E-09
  17.100   -0.73486E-09
  17.200   -0.62128E-09
  17.300   -0.52527E-09
  17.400   -0.44410E-09
  17.500   -0.37547E-09
  17.600   -0.31746E-09
  17.700   -0.26841E-09
  17.800   -0.22695E-09
  17.900   -0.19189E-09
  18.000   -0.16225E-09
  18.100   -0.13719E-09
  18.200   -0.11600E-09
  18.300   -0.98088E-10
  18.400   -0.82942E-10
  18.500   -0.70135E-10
  18.600   -0.59306E-10
  18.700   -0.50150E-10
  18.800   -0.42408E-10
  18.900   -0.35861E-10
  19.000   -0.30326E-10
  19.100   -0.25645E-10
  19.200   -0.21687E-10
  19.300   -0.18340E-10
  19.400   -0.56647E-12
  19.500   -0.47668E-12
  19.600   -0.40115E-12
  19.700   -0.33759E-12
  19.800   -0.28411E-12
  19.900   -0.23912E-12
  20.000   -0.20125E-12
 &
# KN1,E,l,j,2j+1,N,cmb =   8  -5.70090   1  0.5   2 201 F T F
   0.000     0.0000    
   0.100   -0.96835E-01
   0.200   -0.39532    
   0.300   -0.89268    
   0.400    -1.5768    
   0.500    -2.4314    
   0.600    -3.4367    
   0.700    -4.5693    
   0.800    -5.8032    
   0.900    -7.1096    
   1.000    -8.4583    
   1.100    -9.8176    
   1.200    -11.155    
   1.300    -12.440    
   1.400    -13.641    
   1.500    -14.730    
   1.600    -15.680    
   1.700    -16.470    
   1.800    -17.082    
   1.900    -17.502    
   2.000    -17.723    
   2.100    -17.744    
   2.200    -17.569    
   2.300    -17.208    
   2.400    -16.675    
   2.500    -15.992    
   2.600    -15.180    
   2.700    -14.267    
   2.800    -13.279    
   2.900    -12.244    
   3.000    -11.188    
   3.100    -10.134    
   3.200    -9.1039    
   3.300    -8.1144    
   3.400    -7.1791    
   3.500    -6.3078    
   3.600    -5.5066    
   3.700    -4.7786    
   3.800    -4.1241    
   3.900    -3.5414    
   4.000    -3.0272    
   4.100    -2.5768    
   4.200    -2.1853    
   4.300    -1.8469    
   4.400    -1.5562    
   4.500    -1.3078    
   4.600    -1.0963    
   4.700   -0.91700    
   4.800   -0.76558    
   4.900   -0.63807    
   5.000   -0.53101    
   5.100   -0.44132    
   5.200   -0.36636    
   5.300   -0.30381    
   5.400   -0.25172    
   5.500   -0.20840    
   5.600   -0.17241    
   5.700   -0.14255    
   5.800   -0.11780    
   5.900   -0.97303E-01
   6.000   -0.80340E-01
   6.100   -0.66312E-01
   6.200   -0.54717E-01
   6.300   -0.45137E-01
   6.400   -0.37226E-01
   6.500   -0.30696E-01
   6.600   -0.25307E-01
   6.700   -0.20861E-01
   6.800   -0.17194E-01
   6.900   -0.14171E-01
   7.000   -0.11678E-01
   7.100   -0.96223E-02
   7.200   -0.79283E-02
   7.300   -0.65322E-02
   7.400   -0.53817E-02
   7.500   -0.44336E-02
   7.600   -0.36525E-02
   7.700   -0.30089E-02
   7.800   -0.24787E-02
   7.900   -0.20418E-02
   8.000   -0.16820E-02
   8.100   -0.13855E-02
   8.200   -0.11413E-02
   8.300   -0.94016E-03
   8.400   -0.77445E-03
   8.500   -0.63795E-03
   8.600   -0.52551E-03
   8.700   -0.43288E-03
   8.800   -0.35659E-03
   8.900   -0.29374E-03
   9.000   -0.24197E-03
   9.100   -0.19933E-03
   9.200   -0.16420E-03
   9.300   -0.13527E-03
   9.400   -0.11143E-03
   9.500   -0.91795E-04
   9.600   -0.75620E-04
   9.700   -0.62296E-04
   9.800   -0.51321E-04
   9.900   -0.42279E-04
  10.000   -0.34830E-04
  10.100   -0.28694E-04
  10.200   -0.23640E-04
  10.300   -0.19476E-04
  10.400   -0.16045E-04
  10.500   -0.13219E-04
  10.600   -0.10891E-04
  10.700   -0.89725E-05
  10.800   -0.73923E-05
  10.900   -0.60904E-05
  11.000   -0.50179E-05
  11.100   -0.41343E-05
  11.200   -0.34063E-05
  11.300   -0.28065E-05
  11.400   -0.23123E-05
  11.500   -0.19052E-05
  11.600   -0.15697E-05
  11.700   -0.12934E-05
  11.800   -0.10657E-05
  11.900   -0.87806E-06
  12.000   -0.72348E-06
  12.100   -0.59612E-06
  12.200   -0.49119E-06
  12.300   -0.40473E-06
  12.400   -0.33349E-06
  12.500   -0.27479E-06
  12.600   -0.22642E-06
  12.700   -0.18657E-06
  12.800   -0.15373E-06
  12.900   -0.12668E-06
  13.000   -0.10438E-06
  13.100   -0.86013E-07
  13.200   -0.70876E-07
  13.300   -0.58404E-07
  13.400   -0.48126E-07
  13.500   -0.39658E-07
  13.600   -0.32679E-07
  13.700   -0.26929E-07
  13.800   -0.22191E-07
  13.900   -0.18286E-07
  14.000   -0.15069E-07
  14.100   -0.12418E-07
  14.200   -0.10233E-07
  14.300   -0.84325E-08
  14.400   -0.69490E-08
  14.500   -0.57265E-08
  14.600   -0.47190E-08
  14.700   -0.38889E-08
  14.800   -0.32047E-08
  14.900   -0.26410E-08
  15.000   -0.21764E-08
  15.100   -0.17936E-08
  15.200   -0.14781E-08
  15.300   -0.12181E-08
  15.400   -0.10038E-08
  15.500   -0.82725E-09
  15.600   -0.68174E-09
  15.700   -0.56183E-09
  15.800   -0.46302E-09
  15.900   -0.38158E-09
  16.000   -0.31447E-09
  16.100   -0.25916E-09
  16.200   -0.21358E-09
  16.300   -0.17602E-09
  16.400   -0.14506E-09
  16.500   -0.11955E-09
  16.600   -0.98526E-10
  16.700   -0.81199E-10
  16.800   -0.66920E-10
  16.900   -0.55151E-10
  17.000   -0.45453E-10
  17.100   -0.37460E-10
  17.200   -0.30873E-10
  17.300   -0.25444E-10
  17.400   -0.20970E-10
  17.500   -0.17282E-10
  17.600   -0.14244E-10
  17.700   -0.11739E-10
  17.800   -0.96749E-11
  17.900   -0.79737E-11
  18.000   -0.65717E-11
  18.100   -0.54162E-11
  18.200   -0.44639E-11
  18.300   -0.36790E-11
  18.400   -0.30322E-11
  18.500   -0.24991E-11
  18.600   -0.20597E-11
  18.700   -0.16976E-11
  18.800   -0.13991E-11
  18.900   -0.11531E-11
  19.000   -0.95040E-12
  19.100   -0.78331E-12
  19.200   -0.64560E-12
  19.300   -0.53210E-12
  19.400    0.20942E-13
  19.500    0.17168E-13
  19.600    0.14074E-13
  19.700    0.11538E-13
  19.800    0.94596E-14
  19.900    0.77556E-14
  20.000    0.63588E-14
 &
# KN1,E,l,j,2j+1,N,cmb =   9  -5.70090   1  1.5   4 201 F T F
   0.000     0.0000    
   0.100   -0.89161E-01
   0.200   -0.33242    
   0.300   -0.73018    
   0.400    -1.2748    
   0.500    -1.9560    
   0.600    -2.7613    
   0.700    -3.6757    
   0.800    -4.6823    
   0.900    -5.7620    
   1.000    -6.8944    
   1.100    -8.0574    
   1.200    -9.2281    
   1.300    -10.383    
   1.400    -11.499    
   1.500    -12.551    
   1.600    -13.519    
   1.700    -14.380    
   1.800    -15.115    
   1.900    -15.708    
   2.000    -16.146    
   2.100    -16.418    
   2.200    -16.520    
   2.300    -16.450    
   2.400    -16.211    
   2.500    -15.813    
   2.600    -15.268    
   2.700    -14.594    
   2.800    -13.809    
   2.900    -12.938    
   3.000    -12.004    
   3.100    -11.032    
   3.200    -10.045    
   3.300    -9.0642    
   3.400    -8.1093    
   3.500    -7.1958    
   3.600    -6.3360    
   3.700    -5.5386    
   3.800    -4.8089    
   3.900    -4.1493    
   4.000    -3.5598    
   4.100    -3.0380    
   4.200    -2.5805    
   4.300    -2.1826    
   4.400    -1.8390    
   4.500    -1.5442    
   4.600    -1.2927    
   4.700    -1.0793    
   4.800   -0.89908    
   4.900   -0.74738    
   5.000   -0.62017    
   5.100   -0.51381    
   5.200   -0.42512    
   5.300   -0.35133    
   5.400   -0.29006    
   5.500   -0.23927    
   5.600   -0.19723    
   5.700   -0.16248    
   5.800   -0.13378    
   5.900   -0.11010    
   6.000   -0.90580E-01
   6.100   -0.74498E-01
   6.200   -0.61256E-01
   6.300   -0.50357E-01
   6.400   -0.41391E-01
   6.500   -0.34017E-01
   6.600   -0.27954E-01
   6.700   -0.22970E-01
   6.800   -0.18873E-01
   6.900   -0.15507E-01
   7.000   -0.12741E-01
   7.100   -0.10468E-01
   7.200   -0.86007E-02
   7.300   -0.70666E-02
   7.400   -0.58063E-02
   7.500   -0.47708E-02
   7.600   -0.39202E-02
   7.700   -0.32214E-02
   7.800   -0.26472E-02
   7.900   -0.21755E-02
   8.000   -0.17879E-02
   8.100   -0.14694E-02
   8.200   -0.12078E-02
   8.300   -0.99273E-03
   8.400   -0.81602E-03
   8.500   -0.67081E-03
   8.600   -0.55146E-03
   8.700   -0.45337E-03
   8.800   -0.37274E-03
   8.900   -0.30647E-03
   9.000   -0.25200E-03
   9.100   -0.20721E-03
   9.200   -0.17040E-03
   9.300   -0.14013E-03
   9.400   -0.11524E-03
   9.500   -0.94777E-04
   9.600   -0.77951E-04
   9.700   -0.64115E-04
   9.800   -0.52737E-04
   9.900   -0.43380E-04
  10.000   -0.35685E-04
  10.100   -0.29356E-04
  10.200   -0.24150E-04
  10.300   -0.19868E-04
  10.400   -0.16346E-04
  10.500   -0.13449E-04
  10.600   -0.11065E-04
  10.700   -0.91048E-05
  10.800   -0.74917E-05
  10.900   -0.61647E-05
  11.000   -0.50729E-05
  11.100   -0.41745E-05
  11.200   -0.34354E-05
  11.300   -0.28272E-05
  11.400   -0.23268E-05
  11.500   -0.19149E-05
  11.600   -0.15761E-05
  11.700   -0.12972E-05
  11.800   -0.10677E-05
  11.900   -0.87880E-06
  12.000   -0.72336E-06
  12.100   -0.59542E-06
  12.200   -0.49012E-06
  12.300   -0.40346E-06
  12.400   -0.33212E-06
  12.500   -0.27341E-06
  12.600   -0.22508E-06
  12.700   -0.18529E-06
  12.800   -0.15254E-06
  12.900   -0.12559E-06
  13.000   -0.10339E-06
  13.100   -0.85126E-07
  13.200   -0.70086E-07
  13.300   -0.57705E-07
  13.400   -0.47512E-07
  13.500   -0.39120E-07
  13.600   -0.32211E-07
  13.700   -0.26522E-07
  13.800   -0.21839E-07
  13.900   -0.17982E-07
  14.000   -0.14807E-07
  14.100   -0.12193E-07
  14.200   -0.10041E-07
  14.300   -0.82683E-08
  14.400   -0.68088E-08
  14.500   -0.56071E-08
  14.600   -0.46175E-08
  14.700   -0.38026E-08
  14.800   -0.31316E-08
  14.900   -0.25790E-08
  15.000   -0.21239E-08
  15.100   -0.17492E-08
  15.200   -0.14406E-08
  15.300   -0.11865E-08
  15.400   -0.97716E-09
  15.500   -0.80480E-09
  15.600   -0.66284E-09
  15.700   -0.54593E-09
  15.800   -0.44965E-09
  15.900   -0.37035E-09
  16.000   -0.30504E-09
  16.100   -0.25125E-09
  16.200   -0.20695E-09
  16.300   -0.17046E-09
  16.400   -0.14040E-09
  16.500   -0.11565E-09
  16.600   -0.95261E-10
  16.700   -0.78468E-10
  16.800   -0.64635E-10
  16.900   -0.53242E-10
  17.000   -0.43857E-10
  17.100   -0.36127E-10
  17.200   -0.29759E-10
  17.300   -0.24514E-10
  17.400   -0.20194E-10
  17.500   -0.16635E-10
  17.600   -0.13704E-10
  17.700   -0.11289E-10
  17.800   -0.92996E-11
  17.900   -0.76610E-11
  18.000   -0.63111E-11
  18.100   -0.51991E-11
  18.200   -0.42831E-11
  18.300   -0.35285E-11
  18.400   -0.29069E-11
  18.500   -0.23948E-11
  18.600   -0.19729E-11
  18.700   -0.16254E-11
  18.800   -0.13391E-11
  18.900   -0.11032E-11
  19.000   -0.90887E-12
  19.100   -0.74879E-12
  19.200   -0.61690E-12
  19.300   -0.50825E-12
  19.400   -0.11070E-13
  19.500   -0.90749E-14
  19.600   -0.74396E-14
  19.700   -0.60991E-14
  19.800   -0.50003E-14
  19.900   -0.40996E-14
  20.000   -0.33613E-14
 &
# KN1,E,l,j,2j+1,N,cmb =  10  -1.09200   2  2.5   6 201 F T F
   0.000     0.0000    
   0.100   -0.48677E-02
   0.200   -0.38226E-01
   0.300   -0.12590    
   0.400   -0.29236    
   0.500   -0.55928    
   0.600   -0.94476    
   0.700    -1.4627    
   0.800    -2.1222    
   0.900    -2.9271    
   1.000    -3.8756    
   1.100    -4.9601    
   1.200    -6.1672    
   1.300    -7.4779    
   1.400    -8.8679    
   1.500    -10.308    
   1.600    -11.766    
   1.700    -13.206    
   1.800    -14.590    
   1.900    -15.881    
   2.000    -17.041    
   2.100    -18.038    
   2.200    -18.842    
   2.300    -19.428    
   2.400    -19.780    
   2.500    -19.890    
   2.600    -19.757    
   2.700    -19.390    
   2.800    -18.807    
   2.900    -18.031    
   3.000    -17.093    
   3.100    -16.027    
   3.200    -14.869    
   3.300    -13.656    
   3.400    -12.420    
   3.500    -11.193    
   3.600    -10.001    
   3.700    -8.8638    
   3.800    -7.7980    
   3.900    -6.8138    
   4.000    -5.9170    
   4.100    -5.1094    
   4.200    -4.3899    
   4.300    -3.7547    
   4.400    -3.1987    
   4.500    -2.7155    
   4.600    -2.2983    
   4.700    -1.9400    
   4.800    -1.6338    
   4.900    -1.3732    
   5.000    -1.1523    
   5.100   -0.96556    
   5.200   -0.80815    
   5.300   -0.67574    
   5.400   -0.56459    
   5.500   -0.47142    
   5.600   -0.39344    
   5.700   -0.32823    
   5.800   -0.27376    
   5.900   -0.22829    
   6.000   -0.19034    
   6.100   -0.15870    
   6.200   -0.13232    
   6.300   -0.11033    
   6.400   -0.92006E-01
   6.500   -0.76733E-01
   6.600   -0.64006E-01
   6.700   -0.53398E-01
   6.800   -0.44558E-01
   6.900   -0.37188E-01
   7.000   -0.31044E-01
   7.100   -0.25921E-01
   7.200   -0.21649E-01
   7.300   -0.18085E-01
   7.400   -0.15111E-01
   7.500   -0.12630E-01
   7.600   -0.10558E-01
   7.700   -0.88283E-02
   7.800   -0.73838E-02
   7.900   -0.61771E-02
   8.000   -0.51688E-02
   8.100   -0.43261E-02
   8.200   -0.36216E-02
   8.300   -0.30325E-02
   8.400   -0.25398E-02
   8.500   -0.21276E-02
   8.600   -0.17827E-02
   8.700   -0.14940E-02
   8.800   -0.12523E-02
   8.900   -0.10500E-02
   9.000   -0.88045E-03
   9.100   -0.73845E-03
   9.200   -0.61947E-03
   9.300   -0.51976E-03
   9.400   -0.43617E-03
   9.500   -0.36609E-03
   9.600   -0.30732E-03
   9.700   -0.25803E-03
   9.800   -0.21668E-03
   9.900   -0.18198E-03
  10.000   -0.15287E-03
  10.100   -0.12843E-03
  10.200   -0.10792E-03
  10.300   -0.90690E-04
  10.400   -0.76225E-04
  10.500   -0.64076E-04
  10.600   -0.53871E-04
  10.700   -0.45297E-04
  10.800   -0.38093E-04
  10.900   -0.32038E-04
  11.000   -0.26949E-04
  11.100   -0.22671E-04
  11.200   -0.19075E-04
  11.300   -0.16051E-04
  11.400   -0.13507E-04
  11.500   -0.11369E-04
  11.600   -0.95693E-05
  11.700   -0.80557E-05
  11.800   -0.67822E-05
  11.900   -0.57106E-05
  12.000   -0.48088E-05
  12.100   -0.40498E-05
  12.200   -0.34109E-05
  12.300   -0.28731E-05
  12.400   -0.24203E-05
  12.500   -0.20390E-05
  12.600   -0.17180E-05
  12.700   -0.14476E-05
  12.800   -0.12199E-05
  12.900   -0.10281E-05
  13.000   -0.86650E-06
  13.100   -0.73037E-06
  13.200   -0.61568E-06
  13.300   -0.51903E-06
  13.400   -0.43759E-06
  13.500   -0.36896E-06
  13.600   -0.31111E-06
  13.700   -0.26235E-06
  13.800   -0.22125E-06
  13.900   -0.18660E-06
  14.000   -0.15739E-06
  14.100   -0.13275E-06
  14.200   -0.11199E-06
  14.300   -0.94472E-07
  14.400   -0.79703E-07
  14.500   -0.67246E-07
  14.600   -0.56740E-07
  14.700   -0.47878E-07
  14.800   -0.40402E-07
  14.900   -0.34096E-07
  15.000   -0.28775E-07
  15.100   -0.24286E-07
  15.200   -0.20499E-07
  15.300   -0.17303E-07
  15.400   -0.14606E-07
  15.500   -0.12330E-07
  15.600   -0.10409E-07
  15.700   -0.87883E-08
  15.800   -0.74201E-08
  15.900   -0.62651E-08
  16.000   -0.52902E-08
  16.100   -0.44672E-08
  16.200   -0.37724E-08
  16.300   -0.31858E-08
  16.400   -0.26905E-08
  16.500   -0.22723E-08
  16.600   -0.19192E-08
  16.700   -0.16211E-08
  16.800   -0.13693E-08
  16.900   -0.11567E-08
  17.000   -0.97710E-09
  17.100   -0.82544E-09
  17.200   -0.69735E-09
  17.300   -0.58916E-09
  17.400   -0.49777E-09
  17.500   -0.42057E-09
  17.600   -0.35536E-09
  17.700   -0.30027E-09
  17.800   -0.25373E-09
  17.900   -0.21441E-09
  18.000   -0.18119E-09
  18.100   -0.15312E-09
  18.200   -0.12941E-09
  18.300   -0.10937E-09
  18.400   -0.92436E-10
  18.500   -0.78127E-10
  18.600   -0.66035E-10
  18.700   -0.55817E-10
  18.800   -0.47181E-10
  18.900   -0.39883E-10
  19.000   -0.33714E-10
  19.100   -0.28501E-10
  19.200   -0.24094E-10
  19.300   -0.20369E-10
  19.400   -0.64337E-12
  19.500   -0.54126E-12
  19.600   -0.45537E-12
  19.700   -0.38314E-12
  19.800   -0.32238E-12
  19.900   -0.27126E-12
  20.000   -0.22827E-12
 &
# KN1,E,l,j,2j+1,N,cmb =  11  -5.53090   2  2.5   6 201 F T F
   0.000     0.0000    
   0.100   -0.75933E-02
   0.200   -0.60012E-01
   0.300   -0.19792    
   0.400   -0.45951    
   0.500   -0.87805    
   0.600    -1.4806    
   0.700    -2.2871    
   0.800    -3.3092    
   0.900    -4.5494    
   1.000    -6.0012    
   1.100    -7.6484    
   1.200    -9.4657    
   1.300    -11.419    
   1.400    -13.466    
   1.500    -15.559    
   1.600    -17.644    
   1.700    -19.664    
   1.800    -21.562    
   1.900    -23.282    
   2.000    -24.772    
   2.100    -25.985    
   2.200    -26.884    
   2.300    -27.443    
   2.400    -27.646    
   2.500    -27.494    
   2.600    -26.996    
   2.700    -26.178    
   2.800    -25.076    
   2.900    -23.732    
   3.000    -22.199    
   3.100    -20.531    
   3.200    -18.780    
   3.300    -16.998    
   3.400    -15.232    
   3.500    -13.520    
   3.600    -11.894    
   3.700    -10.377    
   3.800    -8.9837    
   3.900    -7.7227    
   4.000    -6.5960    
   4.100    -5.6008    
   4.200    -4.7307    
   4.300    -3.9770    
   4.400    -3.3294    
   4.500    -2.7769    
   4.600    -2.3086    
   4.700    -1.9138    
   4.800    -1.5826    
   4.900    -1.3059    
   5.000    -1.0756    
   5.100   -0.88457    
   5.200   -0.72648    
   5.300   -0.59597    
   5.400   -0.48845    
   5.500   -0.40001    
   5.600   -0.32738    
   5.700   -0.26780    
   5.800   -0.21897    
   5.900   -0.17899    
   6.000   -0.14627    
   6.100   -0.11951    
   6.200   -0.97636E-01
   6.300   -0.79760E-01
   6.400   -0.65155E-01
   6.500   -0.53225E-01
   6.600   -0.43481E-01
   6.700   -0.35523E-01
   6.800   -0.29024E-01
   6.900   -0.23716E-01
   7.000   -0.19381E-01
   7.100   -0.15841E-01
   7.200   -0.12948E-01
   7.300   -0.10586E-01
   7.400   -0.86555E-02
   7.500   -0.70782E-02
   7.600   -0.57893E-02
   7.700   -0.47357E-02
   7.800   -0.38745E-02
   7.900   -0.31703E-02
   8.000   -0.25946E-02
   8.100   -0.21237E-02
   8.200   -0.17385E-02
   8.300   -0.14234E-02
   8.400   -0.11656E-02
   8.500   -0.95459E-03
   8.600   -0.78190E-03
   8.700   -0.64054E-03
   8.800   -0.52481E-03
   8.900   -0.43004E-03
   9.000   -0.35243E-03
   9.100   -0.28886E-03
   9.200   -0.23679E-03
   9.300   -0.19413E-03
   9.400   -0.15917E-03
   9.500   -0.13052E-03
   9.600   -0.10704E-03
   9.700   -0.87796E-04
   9.800   -0.72017E-04
   9.900   -0.59081E-04
  10.000   -0.48473E-04
  10.100   -0.39774E-04
  10.200   -0.32639E-04
  10.300   -0.26786E-04
  10.400   -0.21985E-04
  10.500   -0.18046E-04
  10.600   -0.14814E-04
  10.700   -0.12162E-04
  10.800   -0.99854E-05
  10.900   -0.81991E-05
  11.000   -0.67328E-05
  11.100   -0.55292E-05
  11.200   -0.45411E-05
  11.300   -0.37299E-05
  11.400   -0.30638E-05
  11.500   -0.25168E-05
  11.600   -0.20676E-05
  11.700   -0.16987E-05
  11.800   -0.13957E-05
  11.900   -0.11468E-05
  12.000   -0.94241E-06
  12.100   -0.77446E-06
  12.200   -0.63648E-06
  12.300   -0.52311E-06
  12.400   -0.42996E-06
  12.500   -0.35342E-06
  12.600   -0.29051E-06
  12.700   -0.23882E-06
  12.800   -0.19634E-06
  12.900   -0.16142E-06
  13.000   -0.13272E-06
  13.100   -0.10912E-06
  13.200   -0.89727E-07
  13.300   -0.73783E-07
  13.400   -0.60675E-07
  13.500   -0.49898E-07
  13.600   -0.41037E-07
  13.700   -0.33751E-07
  13.800   -0.27759E-07
  13.900   -0.22833E-07
  14.000   -0.18781E-07
  14.100   -0.15449E-07
  14.200   -0.12709E-07
  14.300   -0.10455E-07
  14.400   -0.86008E-08
  14.500   -0.70759E-08
  14.600   -0.58216E-08
  14.700   -0.47898E-08
  14.800   -0.39410E-08
  14.900   -0.32428E-08
  15.000   -0.26683E-08
  15.100   -0.21957E-08
  15.200   -0.18068E-08
  15.300   -0.14869E-08
  15.400   -0.12236E-08
  15.500   -0.10070E-08
  15.600   -0.82879E-09
  15.700   -0.68212E-09
  15.800   -0.56142E-09
  15.900   -0.46209E-09
  16.000   -0.38034E-09
  16.100   -0.31307E-09
  16.200   -0.25770E-09
  16.300   -0.21213E-09
  16.400   -0.17462E-09
  16.500   -0.14375E-09
  16.600   -0.11834E-09
  16.700   -0.97420E-10
  16.800   -0.80203E-10
  16.900   -0.66029E-10
  17.000   -0.54362E-10
  17.100   -0.44758E-10
  17.200   -0.36851E-10
  17.300   -0.30341E-10
  17.400   -0.24982E-10
  17.500   -0.20570E-10
  17.600   -0.16938E-10
  17.700   -0.13947E-10
  17.800   -0.11485E-10
  17.900   -0.94572E-11
  18.000   -0.77878E-11
  18.100   -0.64132E-11
  18.200   -0.52814E-11
  18.300   -0.43493E-11
  18.400   -0.35819E-11
  18.500   -0.29499E-11
  18.600   -0.24294E-11
  18.700   -0.20008E-11
  18.800   -0.16479E-11
  18.900   -0.13572E-11
  19.000   -0.11178E-11
  19.100   -0.92071E-12
  19.200   -0.75834E-12
  19.300   -0.62462E-12
  19.400   -0.15993E-13
  19.500   -0.13108E-13
  19.600   -0.10744E-13
  19.700   -0.88061E-14
  19.800   -0.72184E-14
  19.900   -0.59171E-14
  20.000   -0.48506E-14
 &
# KN1,E,l,j,2j+1,N,cmb =  12  -5.53090   0  0.5   2 201 F T F
   0.000     0.0000    
   0.100    -4.3485    
   0.200    -8.5711    
   0.300    -12.561    
   0.400    -16.218    
   0.500    -19.451    
   0.600    -22.179    
   0.700    -24.338    
   0.800    -25.877    
   0.900    -26.764    
   1.000    -26.983    
   1.100    -26.539    
   1.200    -25.456    
   1.300    -23.775    
   1.400    -21.555    
   1.500    -18.870    
   1.600    -15.806    
   1.700    -12.462    
   1.800    -8.9418    
   1.900    -5.3516    
   2.000    -1.7980    
   2.100     1.6180    
   2.200     4.8044    
   2.300     7.6820    
   2.400     10.187    
   2.500     12.274    
   2.600     13.916    
   2.700     15.107    
   2.800     15.857    
   2.900     16.194    
   3.000     16.160    
   3.100     15.804    
   3.200     15.183    
   3.300     14.357    
   3.400     13.383    
   3.500     12.315    
   3.600     11.200    
   3.700     10.078    
   3.800     8.9812    
   3.900     7.9347    
   4.000     6.9554    
   4.100     6.0541    
   4.200     5.2365    
   4.300     4.5037    
   4.400     3.8540    
   4.500     3.2833    
   4.600     2.7861    
   4.700     2.3559    
   4.800     1.9859    
   4.900     1.6695    
   5.000     1.4002    
   5.100     1.1718    
   5.200    0.97889    
   5.300    0.81641    
   5.400    0.67995    
   5.500    0.56559    
   5.600    0.46997    
   5.700    0.39015    
   5.800    0.32362    
   5.900    0.26824    
   6.000    0.22221    
   6.100    0.18397    
   6.200    0.15225    
   6.300    0.12594    
   6.400    0.10414    
   6.500    0.86091E-01
   6.600    0.71149E-01
   6.700    0.58788E-01
   6.800    0.48564E-01
   6.900    0.40112E-01
   7.000    0.33125E-01
   7.100    0.27352E-01
   7.200    0.22582E-01
   7.300    0.18643E-01
   7.400    0.15389E-01
   7.500    0.12702E-01
   7.600    0.10484E-01
   7.700    0.86525E-02
   7.800    0.71407E-02
   7.900    0.58928E-02
   8.000    0.48628E-02
   8.100    0.40127E-02
   8.200    0.33111E-02
   8.300    0.27321E-02
   8.400    0.22543E-02
   8.500    0.18601E-02
   8.600    0.15347E-02
   8.700    0.12663E-02
   8.800    0.10448E-02
   8.900    0.86201E-03
   9.000    0.71121E-03
   9.100    0.58679E-03
   9.200    0.48413E-03
   9.300    0.39943E-03
   9.400    0.32954E-03
   9.500    0.27189E-03
   9.600    0.22431E-03
   9.700    0.18507E-03
   9.800    0.15268E-03
   9.900    0.12597E-03
  10.000    0.10393E-03
  10.100    0.85742E-04
  10.200    0.70739E-04
  10.300    0.58361E-04
  10.400    0.48149E-04
  10.500    0.39724E-04
  10.600    0.32773E-04
  10.700    0.27038E-04
  10.800    0.22307E-04
  10.900    0.18404E-04
  11.000    0.15183E-04
  11.100    0.12526E-04
  11.200    0.10335E-04
  11.300    0.85262E-05
  11.400    0.70342E-05
  11.500    0.58033E-05
  11.600    0.47878E-05
  11.700    0.39500E-05
  11.800    0.32588E-05
  11.900    0.26886E-05
  12.000    0.22181E-05
  12.100    0.18300E-05
  12.200    0.15098E-05
  12.300    0.12456E-05
  12.400    0.10276E-05
  12.500    0.84779E-06
  12.600    0.69944E-06
  12.700    0.57705E-06
  12.800    0.47607E-06
  12.900    0.39276E-06
  13.000    0.32404E-06
  13.100    0.26733E-06
  13.200    0.22055E-06
  13.300    0.18196E-06
  13.400    0.15012E-06
  13.500    0.12385E-06
  13.600    0.10218E-06
  13.700    0.84298E-07
  13.800    0.69547E-07
  13.900    0.57377E-07
  14.000    0.47337E-07
  14.100    0.39054E-07
  14.200    0.32220E-07
  14.300    0.26582E-07
  14.400    0.21930E-07
  14.500    0.18093E-07
  14.600    0.14927E-07
  14.700    0.12315E-07
  14.800    0.10160E-07
  14.900    0.83820E-08
  15.000    0.69153E-08
  15.100    0.57052E-08
  15.200    0.47069E-08
  15.300    0.38832E-08
  15.400    0.32037E-08
  15.500    0.26431E-08
  15.600    0.21806E-08
  15.700    0.17990E-08
  15.800    0.14842E-08
  15.900    0.12245E-08
  16.000    0.10102E-08
  16.100    0.83345E-09
  16.200    0.68761E-09
  16.300    0.56728E-09
  16.400    0.46802E-09
  16.500    0.38612E-09
  16.600    0.31855E-09
  16.700    0.26281E-09
  16.800    0.21682E-09
  16.900    0.17888E-09
  17.000    0.14758E-09
  17.100    0.12176E-09
  17.200    0.10045E-09
  17.300    0.82872E-10
  17.400    0.68371E-10
  17.500    0.56407E-10
  17.600    0.46536E-10
  17.700    0.38393E-10
  17.800    0.31675E-10
  17.900    0.26132E-10
  18.000    0.21559E-10
  18.100    0.17787E-10
  18.200    0.14674E-10
  18.300    0.12106E-10
  18.400    0.99880E-11
  18.500    0.82402E-11
  18.600    0.67983E-11
  18.700    0.56087E-11
  18.800    0.46272E-11
  18.900    0.38175E-11
  19.000    0.31495E-11
  19.100    0.25984E-11
  19.200    0.21437E-11
  19.300    0.17686E-11
  19.400     0.0000    
  19.500     0.0000    
  19.600     0.0000    
  19.700     0.0000    
  19.800     0.0000    
  19.900     0.0000    
  20.000     0.0000    
 &
