# 121 angles,  1 tensor ranks for 0=projectile
@subtitle   "12C(d,p)13C"                                                                                                           
@legend ON
@legend x1 0.2
@legend y1 0.8
@g0 type LOGY
@             s0 legend        "Lab energy =   16.0000"
#             s0 legend        "Partition=  2 Excit=  4 near/far= 1"
#  Theta       sigma       iT11        T20         T21         T22         Kyy for projectile
  0.0000      99.655    
 0.50000      99.691    
  1.0000      99.799    
  1.5000      99.976    
  2.0000      100.22    
  2.5000      100.53    
  3.0000      100.90    
  3.5000      101.33    
  4.0000      101.81    
  4.5000      102.33    
  5.0000      102.90    
  5.5000      103.49    
  6.0000      104.11    
  6.5000      104.75    
  7.0000      105.39    
  7.5000      106.04    
  8.0000      106.68    
  8.5000      107.30    
  9.0000      107.91    
  9.5000      108.48    
  10.000      109.02    
  10.500      109.51    
  11.000      109.95    
  11.500      110.34    
  12.000      110.67    
  12.500      110.93    
  13.000      111.12    
  13.500      111.24    
  14.000      111.29    
  14.500      111.25    
  15.000      111.14    
  15.500      110.94    
  16.000      110.67    
  16.500      110.31    
  17.000      109.88    
  17.500      109.36    
  18.000      108.77    
  18.500      108.10    
  19.000      107.35    
  19.500      106.54    
  20.000      105.65    
  20.500      104.69    
  21.000      103.67    
  21.500      102.59    
  22.000      101.45    
  22.500      100.25    
  23.000      98.992    
  23.500      97.684    
  24.000      96.325    
  24.500      94.917    
  25.000      93.464    
  25.500      91.966    
  26.000      90.426    
  26.500      88.846    
  27.000      87.228    
  27.500      85.573    
  28.000      83.884    
  28.500      82.162    
  29.000      80.409    
  29.500      78.627    
  30.000      76.819    
  30.500      74.985    
  31.000      73.130    
  31.500      71.254    
  32.000      69.360    
  32.500      67.452    
  33.000      65.532    
  33.500      63.603    
  34.000      61.668    
  34.500      59.731    
  35.000      57.794    
  35.500      55.862    
  36.000      53.939    
  36.500      52.027    
  37.000      50.131    
  37.500      48.254    
  38.000      46.401    
  38.500      44.575    
  39.000      42.779    
  39.500      41.018    
  40.000      39.294    
  40.500      37.611    
  41.000      35.972    
  41.500      34.379    
  42.000      32.835    
  42.500      31.343    
  43.000      29.904    
  43.500      28.519    
  44.000      27.192    
  44.500      25.922    
  45.000      24.710    
  45.500      23.557    
  46.000      22.463    
  46.500      21.429    
  47.000      20.453    
  47.500      19.535    
  48.000      18.675    
  48.500      17.872    
  49.000      17.125    
  49.500      16.432    
  50.000      15.792    
  50.500      15.205    
  51.000      14.667    
  51.500      14.178    
  52.000      13.736    
  52.500      13.340    
  53.000      12.988    
  53.500      12.678    
  54.000      12.408    
  54.500      12.177    
  55.000      11.984    
  55.500      11.827    
  56.000      11.703    
  56.500      11.613    
  57.000      11.554    
  57.500      11.525    
  58.000      11.525    
  58.500      11.552    
  59.000      11.605    
  59.500      11.682    
  60.000      11.783    
 &
