 Mean Elastic Optical Potential generated            1
         101  0.20000000000000001        0.00000000    
  0.0000E+00  0.0000E+00  0.0000E+00  0.0000E+00  0.0000E+00  0.0000E+00
  0.0000E+00  0.0000E+00 -4.2948E+00 -2.2887E-01 -7.9153E-01  4.9572E-01
  1.5330E+00  8.5644E-01  2.9242E+00  1.0504E+00  3.6677E+00  1.1627E+00
  3.9172E+00  1.1865E+00  3.6884E+00  1.0813E+00  3.0223E+00  8.6811E-01
  2.0871E+00  6.1836E-01  1.2481E+00  3.5312E-01  8.1018E-01  6.6222E-02
  8.9936E-01 -2.9946E-01  1.4847E+00 -7.1830E-01  2.3166E+00 -1.1411E+00
  3.2301E+00 -1.4384E+00  3.9444E+00 -1.5885E+00  4.3527E+00 -1.5675E+00
  4.3172E+00 -1.4674E+00  3.8992E+00 -1.3205E+00  3.1879E+00 -1.1587E+00
  2.3481E+00 -9.0449E-01  1.5472E+00 -6.9154E-01  8.8040E-01 -4.0574E-01
  4.0528E-01 -1.4697E-01  9.3388E-02  6.6171E-02 -7.1158E-02  2.4101E-01
 -1.4790E-01  3.3729E-01 -1.5592E-01  4.0003E-01 -1.4384E-01  3.9699E-01
 -1.0411E-01  3.8739E-01 -7.6076E-02  3.3577E-01 -3.8990E-02  2.9127E-01
 -1.7011E-02  2.3043E-01  4.7601E-03  1.8074E-01  1.3107E-02  1.3190E-01
  2.6003E-02  9.2080E-02  3.1272E-02  3.3129E-02  2.1763E-02  4.7940E-02
  2.5088E-02  2.6971E-02  1.7118E-02  8.1069E-03  2.4184E-02  2.5850E-02
 -3.5184E-02 -1.8423E-02  2.2785E-02  6.2050E-02 -8.7642E-03  4.3650E-02
 -5.9197E-02  4.1428E-02  1.1905E-02  8.8346E-02 -2.3668E-02  9.6930E-02
 -6.0873E-02  2.7415E-02  4.5214E-02  8.7046E-02 -4.2155E-02  7.8625E-02
 -1.3610E-02  1.5730E-03  3.6328E-02  6.1398E-02 -2.7826E-02  4.3125E-02
  7.0906E-03 -7.4330E-03  4.5327E-02  3.9039E-02 -2.8041E-02  1.2080E-02
  1.8989E-02 -8.3921E-03  4.8748E-02  2.2566E-02 -2.0290E-02 -2.8840E-03
  1.4913E-02 -4.8305E-03  3.9408E-02  5.8830E-03 -1.1423E-02 -4.8097E-03
  4.2534E-03 -4.6571E-03  2.0410E-02  2.3799E-03 -1.3212E-02 -3.8697E-03
  1.1651E-02  2.3420E-03 -6.0178E-03 -1.7028E-04  2.4505E-04  3.4657E-03
 -5.3502E-04 -3.9960E-04 -2.3478E-03  5.0140E-03 -3.9074E-03  4.6259E-04
 -1.1025E-03  4.2790E-03 -6.0569E-03  7.3445E-04 -3.3721E-04  3.4537E-03
 -6.2570E-03 -6.8095E-05 -1.8281E-03  2.0187E-03 -3.6100E-03  2.7886E-04
 -6.2625E-03 -3.2264E-03 -1.5164E-03  1.6429E-03 -4.8090E-03 -2.3595E-03
 -3.9099E-03 -2.3835E-03 -2.5275E-03  2.0558E-04 -4.2046E-03 -2.7879E-03
 -1.6347E-03  3.1391E-04 -4.9823E-03 -2.1516E-03 -8.9494E-03 -3.2070E-03
 -8.6457E-03 -6.5426E-03  3.6156E-04 -5.1231E-03  9.3585E-03 -5.6498E-03
  2.5355E-02 -1.5368E-03  3.4396E-02 -2.4769E-04  4.7398E-02  4.5658E-03
  0.0000E+00  0.0000E+00  0.0000E+00  0.0000E+00  0.0000E+00  0.0000E+00
  0.0000E+00  0.0000E+00  0.0000E+00  0.0000E+00
