# 121 angles,  1 tensor ranks for 0=projectile
@subtitle   "12C(d,p)13C"                                                                                                           
@legend ON
@legend x1 0.2
@legend y1 0.8
@g0 type LOGY
@             s0 legend        "Lab energy =   16.0000"
#             s0 legend        "Partition=  2 Excit=  3 near/far= 1"
#  Theta       sigma       iT11        T20         T21         T22         Kyy for projectile
  0.0000      19.684    
 0.50000      19.678    
  1.0000      19.659    
  1.5000      19.629    
  2.0000      19.586    
  2.5000      19.531    
  3.0000      19.463    
  3.5000      19.384    
  4.0000      19.292    
  4.5000      19.188    
  5.0000      19.072    
  5.5000      18.944    
  6.0000      18.805    
  6.5000      18.654    
  7.0000      18.491    
  7.5000      18.318    
  8.0000      18.134    
  8.5000      17.940    
  9.0000      17.736    
  9.5000      17.522    
  10.000      17.300    
  10.500      17.070    
  11.000      16.832    
  11.500      16.587    
  12.000      16.335    
  12.500      16.078    
  13.000      15.816    
  13.500      15.549    
  14.000      15.278    
  14.500      15.003    
  15.000      14.726    
  15.500      14.446    
  16.000      14.165    
  16.500      13.882    
  17.000      13.598    
  17.500      13.314    
  18.000      13.029    
  18.500      12.744    
  19.000      12.460    
  19.500      12.176    
  20.000      11.893    
  20.500      11.611    
  21.000      11.330    
  21.500      11.050    
  22.000      10.772    
  22.500      10.496    
  23.000      10.222    
  23.500      9.9504    
  24.000      9.6811    
  24.500      9.4145    
  25.000      9.1510    
  25.500      8.8907    
  26.000      8.6340    
  26.500      8.3811    
  27.000      8.1326    
  27.500      7.8885    
  28.000      7.6494    
  28.500      7.4156    
  29.000      7.1873    
  29.500      6.9650    
  30.000      6.7490    
  30.500      6.5396    
  31.000      6.3370    
  31.500      6.1416    
  32.000      5.9536    
  32.500      5.7731    
  33.000      5.6003    
  33.500      5.4354    
  34.000      5.2784    
  34.500      5.1292    
  35.000      4.9880    
  35.500      4.8545    
  36.000      4.7287    
  36.500      4.6104    
  37.000      4.4994    
  37.500      4.3953    
  38.000      4.2980    
  38.500      4.2071    
  39.000      4.1222    
  39.500      4.0430    
  40.000      3.9690    
  40.500      3.8999    
  41.000      3.8353    
  41.500      3.7749    
  42.000      3.7181    
  42.500      3.6647    
  43.000      3.6142    
  43.500      3.5664    
  44.000      3.5210    
  44.500      3.4777    
  45.000      3.4362    
  45.500      3.3963    
  46.000      3.3578    
  46.500      3.3207    
  47.000      3.2846    
  47.500      3.2496    
  48.000      3.2156    
  48.500      3.1824    
  49.000      3.1502    
  49.500      3.1188    
  50.000      3.0883    
  50.500      3.0586    
  51.000      3.0298    
  51.500      3.0020    
  52.000      2.9751    
  52.500      2.9491    
  53.000      2.9242    
  53.500      2.9002    
  54.000      2.8773    
  54.500      2.8554    
  55.000      2.8345    
  55.500      2.8147    
  56.000      2.7958    
  56.500      2.7778    
  57.000      2.7608    
  57.500      2.7446    
  58.000      2.7292    
  58.500      2.7145    
  59.000      2.7004    
  59.500      2.6869    
  60.000      2.6738    
 &
