# KN1,E,l,j,2j+1,N,cmb =   3  -4.94600   1  0.5   2 201 F T F
   0.001     0.0000    
   0.100    0.25851E-02
   0.200    0.99593E-02
   0.300    0.22141E-01
   0.400    0.38914E-01
   0.500    0.59978E-01
   0.600    0.84965E-01
   0.700    0.11344    
   0.800    0.14490    
   0.900    0.17881    
   1.000    0.21458    
   1.100    0.25163    
   1.200    0.28933    
   1.300    0.32707    
   1.400    0.36425    
   1.500    0.40031    
   1.600    0.43469    
   1.700    0.46693    
   1.800    0.49659    
   1.900    0.52331    
   2.000    0.54681    
   2.100    0.56686    
   2.200    0.58333    
   2.300    0.59616    
   2.400    0.60537    
   2.500    0.61103    
   2.600    0.61329    
   2.700    0.61233    
   2.800    0.60841    
   2.900    0.60177    
   3.000    0.59272    
   3.100    0.58155    
   3.200    0.56858    
   3.300    0.55410    
   3.400    0.53840    
   3.500    0.52174    
   3.600    0.50438    
   3.700    0.48655    
   3.800    0.46844    
   3.900    0.45022    
   4.000    0.43205    
   4.100    0.41406    
   4.200    0.39635    
   4.300    0.37900    
   4.400    0.36208    
   4.500    0.34565    
   4.600    0.32974    
   4.700    0.31438    
   4.800    0.29959    
   4.900    0.28538    
   5.000    0.27175    
   5.100    0.25869    
   5.200    0.24619    
   5.300    0.23426    
   5.400    0.22287    
   5.500    0.21200    
   5.600    0.20165    
   5.700    0.19179    
   5.800    0.18240    
   5.900    0.17346    
   6.000    0.16496    
   6.100    0.15688    
   6.200    0.14919    
   6.300    0.14188    
   6.400    0.13494    
   6.500    0.12833    
   6.600    0.12206    
   6.700    0.11610    
   6.800    0.11043    
   6.900    0.10504    
   7.000    0.99927E-01
   7.100    0.95064E-01
   7.200    0.90442E-01
   7.300    0.86050E-01
   7.400    0.81875E-01
   7.500    0.77907E-01
   7.600    0.74135E-01
   7.700    0.70550E-01
   7.800    0.67142E-01
   7.900    0.63902E-01
   8.000    0.60821E-01
   8.100    0.57892E-01
   8.200    0.55106E-01
   8.300    0.52457E-01
   8.400    0.49938E-01
   8.500    0.47542E-01
   8.600    0.45263E-01
   8.700    0.43096E-01
   8.800    0.41034E-01
   8.900    0.39072E-01
   9.000    0.37205E-01
   9.100    0.35430E-01
   9.200    0.33740E-01
   9.300    0.32132E-01
   9.400    0.30602E-01
   9.500    0.29146E-01
   9.600    0.27760E-01
   9.700    0.26441E-01
   9.800    0.25186E-01
   9.900    0.23990E-01
  10.000    0.22853E-01
  10.100    0.21770E-01
  10.200    0.20739E-01
  10.300    0.19757E-01
  10.400    0.18823E-01
  10.500    0.17933E-01
  10.600    0.17085E-01
  10.700    0.16279E-01
  10.800    0.15510E-01
  10.900    0.14779E-01
  11.000    0.14082E-01
  11.100    0.13418E-01
  11.200    0.12786E-01
  11.300    0.12184E-01
  11.400    0.11611E-01
  11.500    0.11064E-01
  11.600    0.10544E-01
  11.700    0.10049E-01
  11.800    0.95766E-02
  11.900    0.91269E-02
  12.000    0.86985E-02
  12.100    0.82904E-02
  12.200    0.79015E-02
  12.300    0.75310E-02
  12.400    0.71781E-02
  12.500    0.68418E-02
  12.600    0.65213E-02
  12.700    0.62160E-02
  12.800    0.59251E-02
  12.900    0.56479E-02
  13.000    0.53837E-02
  13.100    0.51320E-02
  13.200    0.48921E-02
  13.300    0.46635E-02
  13.400    0.44456E-02
  13.500    0.42380E-02
  13.600    0.40401E-02
  13.700    0.38516E-02
  13.800    0.36718E-02
  13.900    0.35005E-02
  14.000    0.33373E-02
  14.100    0.31817E-02
  14.200    0.30334E-02
  14.300    0.28920E-02
  14.400    0.27573E-02
  14.500    0.26288E-02
  14.600    0.25064E-02
  14.700    0.23897E-02
  14.800    0.22785E-02
  14.900    0.21724E-02
  15.000    0.20714E-02
  15.100    0.19750E-02
  15.200    0.18832E-02
  15.300    0.17956E-02
  15.400    0.17121E-02
  15.500    0.16325E-02
  15.600    0.15567E-02
  15.700    0.14843E-02
  15.800    0.14154E-02
  15.900    0.13497E-02
  16.000    0.12870E-02
  16.100    0.12272E-02
  16.200    0.11703E-02
  16.300    0.11159E-02
  16.400    0.10642E-02
  16.500    0.10148E-02
  16.600    0.96771E-03
  16.700    0.92283E-03
  16.800    0.88003E-03
  16.900    0.83923E-03
  17.000    0.80032E-03
  17.100    0.76323E-03
  17.200    0.72785E-03
  17.300    0.69413E-03
  17.400    0.66196E-03
  17.500    0.63130E-03
  17.600    0.60206E-03
  17.700    0.57417E-03
  17.800    0.54758E-03
  17.900    0.52223E-03
  18.000    0.49805E-03
  18.100    0.47500E-03
  18.200    0.45302E-03
  18.300    0.43205E-03
  18.400    0.41206E-03
  18.500    0.39299E-03
  18.600    0.37481E-03
  18.700    0.35748E-03
  18.800    0.34094E-03
  18.900    0.32518E-03
  19.000    0.31014E-03
  19.100    0.29580E-03
  19.200    0.28213E-03
  19.300    0.26908E-03
  19.400    0.25665E-03
  19.500    0.24479E-03
  19.600    0.23347E-03
  19.700    0.22269E-03
  19.800    0.21240E-03
  19.900    0.20259E-03
 &
# KN1,E,l,j,2j+1,N,cmb =   4  -9.38490   1  1.5   4 201 F T F
   0.001     0.0000    
   0.100    0.27725E-02
   0.200    0.10675E-01
   0.300    0.23724E-01
   0.400    0.41685E-01
   0.500    0.64243E-01
   0.600    0.91006E-01
   0.700    0.12151    
   0.800    0.15525    
   0.900    0.19163    
   1.000    0.23004    
   1.100    0.26984    
   1.200    0.31037    
   1.300    0.35096    
   1.400    0.39096    
   1.500    0.42972    
   1.600    0.46665    
   1.700    0.50119    
   1.800    0.53285    
   1.900    0.56120    
   2.000    0.58588    
   2.100    0.60662    
   2.200    0.62324    
   2.300    0.63563    
   2.400    0.64380    
   2.500    0.64780    
   2.600    0.64779    
   2.700    0.64398    
   2.800    0.63666    
   2.900    0.62614    
   3.000    0.61278    
   3.100    0.59697    
   3.200    0.57908    
   3.300    0.55952    
   3.400    0.53864    
   3.500    0.51682    
   3.600    0.49436    
   3.700    0.47157    
   3.800    0.44870    
   3.900    0.42598    
   4.000    0.40359    
   4.100    0.38169    
   4.200    0.36041    
   4.300    0.33984    
   4.400    0.32005    
   4.500    0.30108    
   4.600    0.28298    
   4.700    0.26575    
   4.800    0.24939    
   4.900    0.23390    
   5.000    0.21926    
   5.100    0.20545    
   5.200    0.19243    
   5.300    0.18018    
   5.400    0.16867    
   5.500    0.15787    
   5.600    0.14772    
   5.700    0.13821    
   5.800    0.12930    
   5.900    0.12095    
   6.000    0.11314    
   6.100    0.10582    
   6.200    0.98972E-01
   6.300    0.92566E-01
   6.400    0.86574E-01
   6.500    0.80970E-01
   6.600    0.75729E-01
   6.700    0.70828E-01
   6.800    0.66246E-01
   6.900    0.61962E-01
   7.000    0.57956E-01
   7.100    0.54212E-01
   7.200    0.50710E-01
   7.300    0.47437E-01
   7.400    0.44376E-01
   7.500    0.41515E-01
   7.600    0.38839E-01
   7.700    0.36337E-01
   7.800    0.33998E-01
   7.900    0.31811E-01
   8.000    0.29765E-01
   8.100    0.27852E-01
   8.200    0.26063E-01
   8.300    0.24390E-01
   8.400    0.22825E-01
   8.500    0.21361E-01
   8.600    0.19992E-01
   8.700    0.18711E-01
   8.800    0.17513E-01
   8.900    0.16392E-01
   9.000    0.15343E-01
   9.100    0.14362E-01
   9.200    0.13444E-01
   9.300    0.12585E-01
   9.400    0.11781E-01
   9.500    0.11029E-01
   9.600    0.10326E-01
   9.700    0.96671E-02
   9.800    0.90507E-02
   9.900    0.84739E-02
  10.000    0.79340E-02
  10.100    0.74287E-02
  10.200    0.69558E-02
  10.300    0.65131E-02
  10.400    0.60987E-02
  10.500    0.57108E-02
  10.600    0.53478E-02
  10.700    0.50078E-02
  10.800    0.46896E-02
  10.900    0.43917E-02
  11.000    0.41128E-02
  11.100    0.38517E-02
  11.200    0.36073E-02
  11.300    0.33784E-02
  11.400    0.31641E-02
  11.500    0.29634E-02
  11.600    0.27755E-02
  11.700    0.25996E-02
  11.800    0.24348E-02
  11.900    0.22806E-02
  12.000    0.21361E-02
  12.100    0.20008E-02
  12.200    0.18741E-02
  12.300    0.17555E-02
  12.400    0.16444E-02
  12.500    0.15403E-02
  12.600    0.14429E-02
  12.700    0.13516E-02
  12.800    0.12662E-02
  12.900    0.11861E-02
  13.000    0.11111E-02
  13.100    0.10409E-02
  13.200    0.97511E-03
  13.300    0.91350E-03
  13.400    0.85579E-03
  13.500    0.80173E-03
  13.600    0.75110E-03
  13.700    0.70367E-03
  13.800    0.65925E-03
  13.900    0.61763E-03
  14.000    0.57865E-03
  14.100    0.54213E-03
  14.200    0.50793E-03
  14.300    0.47588E-03
  14.400    0.44586E-03
  14.500    0.41774E-03
  14.600    0.39140E-03
  14.700    0.36672E-03
  14.800    0.34360E-03
  14.900    0.32194E-03
  15.000    0.30164E-03
  15.100    0.28263E-03
  15.200    0.26482E-03
  15.300    0.24813E-03
  15.400    0.23250E-03
  15.500    0.21785E-03
  15.600    0.20413E-03
  15.700    0.19127E-03
  15.800    0.17923E-03
  15.900    0.16794E-03
  16.000    0.15737E-03
  16.100    0.14746E-03
  16.200    0.13818E-03
  16.300    0.12948E-03
  16.400    0.12133E-03
  16.500    0.11369E-03
  16.600    0.10654E-03
  16.700    0.99836E-04
  16.800    0.93555E-04
  16.900    0.87669E-04
  17.000    0.82154E-04
  17.100    0.76986E-04
  17.200    0.72144E-04
  17.300    0.67607E-04
  17.400    0.63355E-04
  17.500    0.59371E-04
  17.600    0.55638E-04
  17.700    0.52140E-04
  17.800    0.48862E-04
  17.900    0.45791E-04
  18.000    0.42912E-04
  18.100    0.40215E-04
  18.200    0.37688E-04
  18.300    0.35319E-04
  18.400    0.33100E-04
  18.500    0.31020E-04
  18.600    0.29071E-04
  18.700    0.27244E-04
  18.800    0.25533E-04
  18.900    0.23929E-04
  19.000    0.22425E-04
  19.100    0.21017E-04
  19.200    0.19697E-04
  19.300    0.18460E-04
  19.400    0.17300E-04
  19.500    0.16214E-04
  19.600    0.15196E-04
  19.700    0.14242E-04
  19.800    0.13347E-04
  19.900    0.12509E-04
 &
# KN1,E,l,j,2j+1,N,cmb =   5  -1.85700   0  0.5   2 201 F T F
   0.001    -0.0000    
   0.100    0.55332E-01
   0.200    0.10947    
   0.300    0.16125    
   0.400    0.20957    
   0.500    0.25340    
   0.600    0.29183    
   0.700    0.32406    
   0.800    0.34943    
   0.900    0.36746    
   1.000    0.37780    
   1.100    0.38029    
   1.200    0.37496    
   1.300    0.36196    
   1.400    0.34166    
   1.500    0.31453    
   1.600    0.28122    
   1.700    0.24244    
   1.800    0.19905    
   1.900    0.15194    
   2.000    0.10205    
   2.100    0.50335E-01
   2.200   -0.22507E-02
   2.300   -0.54804E-01
   2.400   -0.10648    
   2.500   -0.15650    
   2.600   -0.20421    
   2.700   -0.24904    
   2.800   -0.29054    
   2.900   -0.32838    
   3.000   -0.36235    
   3.100   -0.39233    
   3.200   -0.41831    
   3.300   -0.44036    
   3.400   -0.45863    
   3.500   -0.47331    
   3.600   -0.48465    
   3.700   -0.49291    
   3.800   -0.49837    
   3.900   -0.50133    
   4.000   -0.50207    
   4.100   -0.50086    
   4.200   -0.49796    
   4.300   -0.49362    
   4.400   -0.48806    
   4.500   -0.48147    
   4.600   -0.47404    
   4.700   -0.46593    
   4.800   -0.45727    
   4.900   -0.44819    
   5.000   -0.43880    
   5.100   -0.42917    
   5.200   -0.41940    
   5.300   -0.40955    
   5.400   -0.39967    
   5.500   -0.38981    
   5.600   -0.38000    
   5.700   -0.37029    
   5.800   -0.36069    
   5.900   -0.35123    
   6.000   -0.34192    
   6.100   -0.33277    
   6.200   -0.32381    
   6.300   -0.31503    
   6.400   -0.30643    
   6.500   -0.29803    
   6.600   -0.28983    
   6.700   -0.28183    
   6.800   -0.27402    
   6.900   -0.26640    
   7.000   -0.25898    
   7.100   -0.25176    
   7.200   -0.24472    
   7.300   -0.23787    
   7.400   -0.23120    
   7.500   -0.22471    
   7.600   -0.21840    
   7.700   -0.21226    
   7.800   -0.20628    
   7.900   -0.20048    
   8.000   -0.19483    
   8.100   -0.18934    
   8.200   -0.18400    
   8.300   -0.17881    
   8.400   -0.17376    
   8.500   -0.16886    
   8.600   -0.16409    
   8.700   -0.15946    
   8.800   -0.15495    
   8.900   -0.15058    
   9.000   -0.14632    
   9.100   -0.14219    
   9.200   -0.13817    
   9.300   -0.13427    
   9.400   -0.13047    
   9.500   -0.12679    
   9.600   -0.12320    
   9.700   -0.11972    
   9.800   -0.11634    
   9.900   -0.11305    
  10.000   -0.10985    
  10.100   -0.10675    
  10.200   -0.10373    
  10.300   -0.10080    
  10.400   -0.97946E-01
  10.500   -0.95177E-01
  10.600   -0.92486E-01
  10.700   -0.89871E-01
  10.800   -0.87330E-01
  10.900   -0.84861E-01
  11.000   -0.82462E-01
  11.100   -0.80131E-01
  11.200   -0.77865E-01
  11.300   -0.75664E-01
  11.400   -0.73524E-01
  11.500   -0.71446E-01
  11.600   -0.69426E-01
  11.700   -0.67463E-01
  11.800   -0.65555E-01
  11.900   -0.63702E-01
  12.000   -0.61901E-01
  12.100   -0.60150E-01
  12.200   -0.58450E-01
  12.300   -0.56797E-01
  12.400   -0.55191E-01
  12.500   -0.53631E-01
  12.600   -0.52114E-01
  12.700   -0.50641E-01
  12.800   -0.49209E-01
  12.900   -0.47818E-01
  13.000   -0.46466E-01
  13.100   -0.45152E-01
  13.200   -0.43875E-01
  13.300   -0.42635E-01
  13.400   -0.41429E-01
  13.500   -0.40258E-01
  13.600   -0.39120E-01
  13.700   -0.38014E-01
  13.800   -0.36939E-01
  13.900   -0.35894E-01
  14.000   -0.34880E-01
  14.100   -0.33893E-01
  14.200   -0.32935E-01
  14.300   -0.32004E-01
  14.400   -0.31099E-01
  14.500   -0.30220E-01
  14.600   -0.29365E-01
  14.700   -0.28535E-01
  14.800   -0.27728E-01
  14.900   -0.26944E-01
  15.000   -0.26182E-01
  15.100   -0.25442E-01
  15.200   -0.24723E-01
  15.300   -0.24024E-01
  15.400   -0.23344E-01
  15.500   -0.22684E-01
  15.600   -0.22043E-01
  15.700   -0.21420E-01
  15.800   -0.20814E-01
  15.900   -0.20226E-01
  16.000   -0.19654E-01
  16.100   -0.19098E-01
  16.200   -0.18558E-01
  16.300   -0.18033E-01
  16.400   -0.17523E-01
  16.500   -0.17028E-01
  16.600   -0.16547E-01
  16.700   -0.16079E-01
  16.800   -0.15624E-01
  16.900   -0.15182E-01
  17.000   -0.14753E-01
  17.100   -0.14336E-01
  17.200   -0.13931E-01
  17.300   -0.13537E-01
  17.400   -0.13154E-01
  17.500   -0.12782E-01
  17.600   -0.12421E-01
  17.700   -0.12069E-01
  17.800   -0.11728E-01
  17.900   -0.11397E-01
  18.000   -0.11074E-01
  18.100   -0.10761E-01
  18.200   -0.10457E-01
  18.300   -0.10161E-01
  18.400   -0.98740E-02
  18.500   -0.95949E-02
  18.600   -0.93236E-02
  18.700   -0.90600E-02
  18.800   -0.88038E-02
  18.900   -0.85549E-02
  19.000   -0.83130E-02
  19.100   -0.80779E-02
  19.200   -0.78496E-02
  19.300   -0.76276E-02
  19.400   -0.74119E-02
  19.500   -0.72024E-02
  19.600   -0.69987E-02
  19.700   -0.68009E-02
  19.800   -0.66086E-02
  19.900   -0.64217E-02
 &
# KN1,E,l,j,2j+1,N,cmb =   6  -6.29590   2  2.5   6 201 F T F
   0.001     0.0000    
   0.100    0.12242E-03
   0.200    0.10048E-02
   0.300    0.33602E-02
   0.400    0.78640E-02
   0.500    0.15114E-01
   0.600    0.25612E-01
   0.700    0.39743E-01
   0.800    0.57767E-01
   0.900    0.79803E-01
   1.000    0.10583    
   1.100    0.13568    
   1.200    0.16904    
   1.300    0.20547    
   1.400    0.24443    
   1.500    0.28525    
   1.600    0.32720    
   1.700    0.36950    
   1.800    0.41135    
   1.900    0.45192    
   2.000    0.49045    
   2.100    0.52620    
   2.200    0.55853    
   2.300    0.58691    
   2.400    0.61090    
   2.500    0.63020    
   2.600    0.64464    
   2.700    0.65418    
   2.800    0.65892    
   2.900    0.65903    
   3.000    0.65483    
   3.100    0.64668    
   3.200    0.63501    
   3.300    0.62028    
   3.400    0.60298    
   3.500    0.58358    
   3.600    0.56255    
   3.700    0.54032    
   3.800    0.51729    
   3.900    0.49381    
   4.000    0.47020    
   4.100    0.44670    
   4.200    0.42354    
   4.300    0.40090    
   4.400    0.37891    
   4.500    0.35767    
   4.600    0.33726    
   4.700    0.31773    
   4.800    0.29910    
   4.900    0.28139    
   5.000    0.26460    
   5.100    0.24871    
   5.200    0.23370    
   5.300    0.21955    
   5.400    0.20622    
   5.500    0.19368    
   5.600    0.18189    
   5.700    0.17081    
   5.800    0.16042    
   5.900    0.15066    
   6.000    0.14151    
   6.100    0.13292    
   6.200    0.12487    
   6.300    0.11732    
   6.400    0.11025    
   6.500    0.10361    
   6.600    0.97389E-01
   6.700    0.91555E-01
   6.800    0.86084E-01
   6.900    0.80953E-01
   7.000    0.76141E-01
   7.100    0.71626E-01
   7.200    0.67389E-01
   7.300    0.63413E-01
   7.400    0.59682E-01
   7.500    0.56178E-01
   7.600    0.52889E-01
   7.700    0.49799E-01
   7.800    0.46898E-01
   7.900    0.44171E-01
   8.000    0.41609E-01
   8.100    0.39201E-01
   8.200    0.36938E-01
   8.300    0.34810E-01
   8.400    0.32809E-01
   8.500    0.30926E-01
   8.600    0.29156E-01
   8.700    0.27490E-01
   8.800    0.25922E-01
   8.900    0.24447E-01
   9.000    0.23058E-01
   9.100    0.21750E-01
   9.200    0.20519E-01
   9.300    0.19359E-01
   9.400    0.18267E-01
   9.500    0.17238E-01
   9.600    0.16269E-01
   9.700    0.15355E-01
   9.800    0.14494E-01
   9.900    0.13683E-01
  10.000    0.12918E-01
  10.100    0.12197E-01
  10.200    0.11517E-01
  10.300    0.10876E-01
  10.400    0.10271E-01
  10.500    0.97011E-02
  10.600    0.91631E-02
  10.700    0.86556E-02
  10.800    0.81768E-02
  10.900    0.77249E-02
  11.000    0.72986E-02
  11.100    0.68962E-02
  11.200    0.65164E-02
  11.300    0.61579E-02
  11.400    0.58195E-02
  11.500    0.55000E-02
  11.600    0.51984E-02
  11.700    0.49136E-02
  11.800    0.46446E-02
  11.900    0.43906E-02
  12.000    0.41507E-02
  12.100    0.39241E-02
  12.200    0.37101E-02
  12.300    0.35079E-02
  12.400    0.33169E-02
  12.500    0.31364E-02
  12.600    0.29659E-02
  12.700    0.28048E-02
  12.800    0.26525E-02
  12.900    0.25087E-02
  13.000    0.23727E-02
  13.100    0.22442E-02
  13.200    0.21227E-02
  13.300    0.20079E-02
  13.400    0.18994E-02
  13.500    0.17968E-02
  13.600    0.16998E-02
  13.700    0.16081E-02
  13.800    0.15214E-02
  13.900    0.14394E-02
  14.000    0.13619E-02
  14.100    0.12886E-02
  14.200    0.12193E-02
  14.300    0.11538E-02
  14.400    0.10918E-02
  14.500    0.10332E-02
  14.600    0.97774E-03
  14.700    0.92530E-03
  14.800    0.87570E-03
  14.900    0.82878E-03
  15.000    0.78439E-03
  15.100    0.74240E-03
  15.200    0.70268E-03
  15.300    0.66511E-03
  15.400    0.62955E-03
  15.500    0.59592E-03
  15.600    0.56409E-03
  15.700    0.53398E-03
  15.800    0.50549E-03
  15.900    0.47853E-03
  16.000    0.45302E-03
  16.100    0.42887E-03
  16.200    0.40603E-03
  16.300    0.38441E-03
  16.400    0.36395E-03
  16.500    0.34458E-03
  16.600    0.32625E-03
  16.700    0.30891E-03
  16.800    0.29249E-03
  16.900    0.27695E-03
  17.000    0.26224E-03
  17.100    0.24832E-03
  17.200    0.23514E-03
  17.300    0.22266E-03
  17.400    0.21085E-03
  17.500    0.19967E-03
  17.600    0.18909E-03
  17.700    0.17907E-03
  17.800    0.16958E-03
  17.900    0.16060E-03
  18.000    0.15210E-03
  18.100    0.14405E-03
  18.200    0.13643E-03
  18.300    0.12921E-03
  18.400    0.12238E-03
  18.500    0.11591E-03
  18.600    0.10979E-03
  18.700    0.10398E-03
  18.800    0.98492E-04
  18.900    0.93291E-04
  19.000    0.88366E-04
  19.100    0.83702E-04
  19.200    0.79285E-04
  19.300    0.75102E-04
  19.400    0.71141E-04
  19.500    0.67390E-04
  19.600    0.63837E-04
  19.700    0.60473E-04
  19.800    0.57287E-04
  19.900    0.54269E-04
 &
# KN1,E,l,j,2j+1,N,cmb =   7  -1.26200   1  1.5   4 201 F T F
   0.001     0.0000    
   0.100    0.16661E-02
   0.200    0.64228E-02
   0.300    0.14301E-01
   0.400    0.25195E-01
   0.500    0.38961E-01
   0.600    0.55423E-01
   0.700    0.74368E-01
   0.800    0.95556E-01
   0.900    0.11872    
   1.000    0.14356    
   1.100    0.16977    
   1.200    0.19702    
   1.300    0.22497    
   1.400    0.25329    
   1.500    0.28163    
   1.600    0.30965    
   1.700    0.33702    
   1.800    0.36345    
   1.900    0.38863    
   2.000    0.41231    
   2.100    0.43426    
   2.200    0.45427    
   2.300    0.47219    
   2.400    0.48791    
   2.500    0.50133    
   2.600    0.51242    
   2.700    0.52118    
   2.800    0.52766    
   2.900    0.53191    
   3.000    0.53405    
   3.100    0.53421    
   3.200    0.53252    
   3.300    0.52916    
   3.400    0.52430    
   3.500    0.51811    
   3.600    0.51077    
   3.700    0.50245    
   3.800    0.49331    
   3.900    0.48351    
   4.000    0.47319    
   4.100    0.46247    
   4.200    0.45147    
   4.300    0.44028    
   4.400    0.42900    
   4.500    0.41770    
   4.600    0.40644    
   4.700    0.39527    
   4.800    0.38424    
   4.900    0.37338    
   5.000    0.36272    
   5.100    0.35229    
   5.200    0.34209    
   5.300    0.33214    
   5.400    0.32245    
   5.500    0.31302    
   5.600    0.30386    
   5.700    0.29496    
   5.800    0.28632    
   5.900    0.27795    
   6.000    0.26983    
   6.100    0.26196    
   6.200    0.25434    
   6.300    0.24695    
   6.400    0.23980    
   6.500    0.23288    
   6.600    0.22617    
   6.700    0.21968    
   6.800    0.21339    
   6.900    0.20730    
   7.000    0.20141    
   7.100    0.19570    
   7.200    0.19017    
   7.300    0.18481    
   7.400    0.17962    
   7.500    0.17459    
   7.600    0.16972    
   7.700    0.16500    
   7.800    0.16043    
   7.900    0.15599    
   8.000    0.15169    
   8.100    0.14752    
   8.200    0.14348    
   8.300    0.13955    
   8.400    0.13575    
   8.500    0.13206    
   8.600    0.12848    
   8.700    0.12500    
   8.800    0.12163    
   8.900    0.11836    
   9.000    0.11518    
   9.100    0.11209    
   9.200    0.10910    
   9.300    0.10619    
   9.400    0.10336    
   9.500    0.10062    
   9.600    0.97953E-01
   9.700    0.95363E-01
   9.800    0.92846E-01
   9.900    0.90401E-01
  10.000    0.88025E-01
  10.100    0.85715E-01
  10.200    0.83470E-01
  10.300    0.81288E-01
  10.400    0.79166E-01
  10.500    0.77104E-01
  10.600    0.75098E-01
  10.700    0.73148E-01
  10.800    0.71251E-01
  10.900    0.69407E-01
  11.000    0.67613E-01
  11.100    0.65868E-01
  11.200    0.64170E-01
  11.300    0.62519E-01
  11.400    0.60912E-01
  11.500    0.59349E-01
  11.600    0.57828E-01
  11.700    0.56347E-01
  11.800    0.54907E-01
  11.900    0.53505E-01
  12.000    0.52141E-01
  12.100    0.50813E-01
  12.200    0.49520E-01
  12.300    0.48262E-01
  12.400    0.47037E-01
  12.500    0.45844E-01
  12.600    0.44683E-01
  12.700    0.43552E-01
  12.800    0.42452E-01
  12.900    0.41380E-01
  13.000    0.40336E-01
  13.100    0.39320E-01
  13.200    0.38330E-01
  13.300    0.37366E-01
  13.400    0.36427E-01
  13.500    0.35513E-01
  13.600    0.34622E-01
  13.700    0.33755E-01
  13.800    0.32910E-01
  13.900    0.32086E-01
  14.000    0.31284E-01
  14.100    0.30503E-01
  14.200    0.29742E-01
  14.300    0.29000E-01
  14.400    0.28278E-01
  14.500    0.27574E-01
  14.600    0.26888E-01
  14.700    0.26219E-01
  14.800    0.25568E-01
  14.900    0.24933E-01
  15.000    0.24315E-01
  15.100    0.23712E-01
  15.200    0.23125E-01
  15.300    0.22552E-01
  15.400    0.21994E-01
  15.500    0.21450E-01
  15.600    0.20920E-01
  15.700    0.20404E-01
  15.800    0.19900E-01
  15.900    0.19409E-01
  16.000    0.18931E-01
  16.100    0.18465E-01
  16.200    0.18010E-01
  16.300    0.17567E-01
  16.400    0.17135E-01
  16.500    0.16714E-01
  16.600    0.16303E-01
  16.700    0.15903E-01
  16.800    0.15512E-01
  16.900    0.15132E-01
  17.000    0.14761E-01
  17.100    0.14399E-01
  17.200    0.14047E-01
  17.300    0.13703E-01
  17.400    0.13367E-01
  17.500    0.13040E-01
  17.600    0.12722E-01
  17.700    0.12411E-01
  17.800    0.12108E-01
  17.900    0.11812E-01
  18.000    0.11524E-01
  18.100    0.11243E-01
  18.200    0.10969E-01
  18.300    0.10701E-01
  18.400    0.10440E-01
  18.500    0.10186E-01
  18.600    0.99382E-02
  18.700    0.96964E-02
  18.800    0.94605E-02
  18.900    0.92305E-02
  19.000    0.90061E-02
  19.100    0.87873E-02
  19.200    0.85738E-02
  19.300    0.83657E-02
  19.400    0.81626E-02
  19.500    0.79646E-02
  19.600    0.77714E-02
  19.700    0.75830E-02
  19.800    0.73992E-02
  19.900    0.72199E-02
 &
# KN1,E,l,j,2j+1,N,cmb =   8  -5.70090   1  0.5   2 201 F T F
   0.001     0.0000    
   0.100    0.26809E-02
   0.200    0.10328E-01
   0.300    0.22957E-01
   0.400    0.40339E-01
   0.500    0.62158E-01
   0.600    0.88023E-01
   0.700    0.11747    
   0.800    0.14999    
   0.900    0.18499    
   1.000    0.22188    
   1.100    0.26002    
   1.200    0.29876    
   1.300    0.33747    
   1.400    0.37551    
   1.500    0.41230    
   1.600    0.44727    
   1.700    0.47992    
   1.800    0.50982    
   1.900    0.53659    
   2.000    0.55994    
   2.100    0.57966    
   2.200    0.59562    
   2.300    0.60777    
   2.400    0.61613    
   2.500    0.62081    
   2.600    0.62197    
   2.700    0.61981    
   2.800    0.61460    
   2.900    0.60663    
   3.000    0.59621    
   3.100    0.58367    
   3.200    0.56932    
   3.300    0.55350    
   3.400    0.53648    
   3.500    0.51857    
   3.600    0.50002    
   3.700    0.48107    
   3.800    0.46191    
   3.900    0.44273    
   4.000    0.42367    
   4.100    0.40488    
   4.200    0.38644    
   4.300    0.36845    
   4.400    0.35097    
   4.500    0.33405    
   4.600    0.31772    
   4.700    0.30201    
   4.800    0.28692    
   4.900    0.27247    
   5.000    0.25866    
   5.100    0.24546    
   5.200    0.23288    
   5.300    0.22090    
   5.400    0.20950    
   5.500    0.19866    
   5.600    0.18836    
   5.700    0.17858    
   5.800    0.16929    
   5.900    0.16049    
   6.000    0.15213    
   6.100    0.14421    
   6.200    0.13671    
   6.300    0.12959    
   6.400    0.12285    
   6.500    0.11646    
   6.600    0.11041    
   6.700    0.10468    
   6.800    0.99243E-01
   6.900    0.94096E-01
   7.000    0.89221E-01
   7.100    0.84602E-01
   7.200    0.80226E-01
   7.300    0.76080E-01
   7.400    0.72153E-01
   7.500    0.68431E-01
   7.600    0.64904E-01
   7.700    0.61563E-01
   7.800    0.58396E-01
   7.900    0.55395E-01
   8.000    0.52551E-01
   8.100    0.49855E-01
   8.200    0.47300E-01
   8.300    0.44877E-01
   8.400    0.42581E-01
   8.500    0.40404E-01
   8.600    0.38340E-01
   8.700    0.36383E-01
   8.800    0.34527E-01
   8.900    0.32768E-01
   9.000    0.31099E-01
   9.100    0.29516E-01
   9.200    0.28015E-01
   9.300    0.26591E-01
   9.400    0.25241E-01
   9.500    0.23960E-01
   9.600    0.22744E-01
   9.700    0.21592E-01
   9.800    0.20498E-01
   9.900    0.19460E-01
  10.000    0.18475E-01
  10.100    0.17541E-01
  10.200    0.16654E-01
  10.300    0.15813E-01
  10.400    0.15015E-01
  10.500    0.14257E-01
  10.600    0.13538E-01
  10.700    0.12855E-01
  10.800    0.12207E-01
  10.900    0.11593E-01
  11.000    0.11009E-01
  11.100    0.10455E-01
  11.200    0.99291E-02
  11.300    0.94298E-02
  11.400    0.89559E-02
  11.500    0.85059E-02
  11.600    0.80787E-02
  11.700    0.76732E-02
  11.800    0.72881E-02
  11.900    0.69225E-02
  12.000    0.65754E-02
  12.100    0.62457E-02
  12.200    0.59327E-02
  12.300    0.56355E-02
  12.400    0.53533E-02
  12.500    0.50853E-02
  12.600    0.48308E-02
  12.700    0.45891E-02
  12.800    0.43596E-02
  12.900    0.41416E-02
  13.000    0.39345E-02
  13.100    0.37379E-02
  13.200    0.35511E-02
  13.300    0.33738E-02
  13.400    0.32053E-02
  13.500    0.30453E-02
  13.600    0.28933E-02
  13.700    0.27489E-02
  13.800    0.26118E-02
  13.900    0.24815E-02
  14.000    0.23578E-02
  14.100    0.22402E-02
  14.200    0.21286E-02
  14.300    0.20225E-02
  14.400    0.19218E-02
  14.500    0.18260E-02
  14.600    0.17351E-02
  14.700    0.16487E-02
  14.800    0.15667E-02
  14.900    0.14887E-02
  15.000    0.14146E-02
  15.100    0.13442E-02
  15.200    0.12774E-02
  15.300    0.12138E-02
  15.400    0.11535E-02
  15.500    0.10961E-02
  15.600    0.10417E-02
  15.700    0.98989E-03
  15.800    0.94071E-03
  15.900    0.89397E-03
  16.000    0.84956E-03
  16.100    0.80737E-03
  16.200    0.76728E-03
  16.300    0.72918E-03
  16.400    0.69298E-03
  16.500    0.65859E-03
  16.600    0.62590E-03
  16.700    0.59484E-03
  16.800    0.56533E-03
  16.900    0.53729E-03
  17.000    0.51064E-03
  17.100    0.48531E-03
  17.200    0.46125E-03
  17.300    0.43838E-03
  17.400    0.41664E-03
  17.500    0.39599E-03
  17.600    0.37636E-03
  17.700    0.35771E-03
  17.800    0.33999E-03
  17.900    0.32314E-03
  18.000    0.30713E-03
  18.100    0.29192E-03
  18.200    0.27746E-03
  18.300    0.26372E-03
  18.400    0.25066E-03
  18.500    0.23825E-03
  18.600    0.22645E-03
  18.700    0.21524E-03
  18.800    0.20459E-03
  18.900    0.19446E-03
  19.000    0.18484E-03
  19.100    0.17569E-03
  19.200    0.16700E-03
  19.300    0.15874E-03
  19.400    0.15088E-03
  19.500    0.14342E-03
  19.600    0.13633E-03
  19.700    0.12959E-03
  19.800    0.12318E-03
  19.900    0.11709E-03
 &
# KN1,E,l,j,2j+1,N,cmb =   9  -5.70090   1  1.5   4 201 F T F
   0.001     0.0000    
   0.100    0.23849E-02
   0.200    0.91867E-02
   0.300    0.20430E-01
   0.400    0.35932E-01
   0.500    0.55445E-01
   0.600    0.78663E-01
   0.700    0.10522    
   0.800    0.13471    
   0.900    0.16667    
   1.000    0.20061    
   1.100    0.23601    
   1.200    0.27234    
   1.300    0.30905    
   1.400    0.34561    
   1.500    0.38147    
   1.600    0.41612    
   1.700    0.44910    
   1.800    0.47994    
   1.900    0.50828    
   2.000    0.53376    
   2.100    0.55610    
   2.200    0.57511    
   2.300    0.59064    
   2.400    0.60260    
   2.500    0.61101    
   2.600    0.61591    
   2.700    0.61743    
   2.800    0.61575    
   2.900    0.61107    
   3.000    0.60367    
   3.100    0.59381    
   3.200    0.58180    
   3.300    0.56795    
   3.400    0.55255    
   3.500    0.53592    
   3.600    0.51832    
   3.700    0.50003    
   3.800    0.48127    
   3.900    0.46226    
   4.000    0.44319    
   4.100    0.42421    
   4.200    0.40546    
   4.300    0.38705    
   4.400    0.36907    
   4.500    0.35158    
   4.600    0.33464    
   4.700    0.31829    
   4.800    0.30256    
   4.900    0.28745    
   5.000    0.27297    
   5.100    0.25913    
   5.200    0.24591    
   5.300    0.23331    
   5.400    0.22131    
   5.500    0.20989    
   5.600    0.19903    
   5.700    0.18871    
   5.800    0.17892    
   5.900    0.16962    
   6.000    0.16080    
   6.100    0.15244    
   6.200    0.14451    
   6.300    0.13699    
   6.400    0.12987    
   6.500    0.12312    
   6.600    0.11672    
   6.700    0.11066    
   6.800    0.10492    
   6.900    0.99478E-01
   7.000    0.94324E-01
   7.100    0.89442E-01
   7.200    0.84816E-01
   7.300    0.80433E-01
   7.400    0.76280E-01
   7.500    0.72346E-01
   7.600    0.68618E-01
   7.700    0.65085E-01
   7.800    0.61737E-01
   7.900    0.58564E-01
   8.000    0.55557E-01
   8.100    0.52707E-01
   8.200    0.50006E-01
   8.300    0.47445E-01
   8.400    0.45017E-01
   8.500    0.42716E-01
   8.600    0.40534E-01
   8.700    0.38465E-01
   8.800    0.36503E-01
   8.900    0.34642E-01
   9.000    0.32878E-01
   9.100    0.31205E-01
   9.200    0.29618E-01
   9.300    0.28113E-01
   9.400    0.26685E-01
   9.500    0.25330E-01
   9.600    0.24046E-01
   9.700    0.22827E-01
   9.800    0.21670E-01
   9.900    0.20573E-01
  10.000    0.19532E-01
  10.100    0.18544E-01
  10.200    0.17607E-01
  10.300    0.16718E-01
  10.400    0.15874E-01
  10.500    0.15072E-01
  10.600    0.14312E-01
  10.700    0.13591E-01
  10.800    0.12906E-01
  10.900    0.12256E-01
  11.000    0.11639E-01
  11.100    0.11053E-01
  11.200    0.10497E-01
  11.300    0.99692E-02
  11.400    0.94682E-02
  11.500    0.89925E-02
  11.600    0.85409E-02
  11.700    0.81121E-02
  11.800    0.77050E-02
  11.900    0.73185E-02
  12.000    0.69515E-02
  12.100    0.66030E-02
  12.200    0.62721E-02
  12.300    0.59579E-02
  12.400    0.56595E-02
  12.500    0.53762E-02
  12.600    0.51071E-02
  12.700    0.48516E-02
  12.800    0.46089E-02
  12.900    0.43785E-02
  13.000    0.41596E-02
  13.100    0.39517E-02
  13.200    0.37543E-02
  13.300    0.35668E-02
  13.400    0.33887E-02
  13.500    0.32195E-02
  13.600    0.30588E-02
  13.700    0.29062E-02
  13.800    0.27612E-02
  13.900    0.26235E-02
  14.000    0.24927E-02
  14.100    0.23684E-02
  14.200    0.22504E-02
  14.300    0.21382E-02
  14.400    0.20317E-02
  14.500    0.19305E-02
  14.600    0.18344E-02
  14.700    0.17430E-02
  14.800    0.16563E-02
  14.900    0.15738E-02
  15.000    0.14955E-02
  15.100    0.14211E-02
  15.200    0.13504E-02
  15.300    0.12833E-02
  15.400    0.12195E-02
  15.500    0.11589E-02
  15.600    0.11012E-02
  15.700    0.10465E-02
  15.800    0.99452E-03
  15.900    0.94511E-03
  16.000    0.89816E-03
  16.100    0.85356E-03
  16.200    0.81117E-03
  16.300    0.77090E-03
  16.400    0.73263E-03
  16.500    0.69626E-03
  16.600    0.66171E-03
  16.700    0.62887E-03
  16.800    0.59767E-03
  16.900    0.56802E-03
  17.000    0.53985E-03
  17.100    0.51307E-03
  17.200    0.48763E-03
  17.300    0.46345E-03
  17.400    0.44048E-03
  17.500    0.41864E-03
  17.600    0.39789E-03
  17.700    0.37817E-03
  17.800    0.35944E-03
  17.900    0.34163E-03
  18.000    0.32470E-03
  18.100    0.30862E-03
  18.200    0.29333E-03
  18.300    0.27881E-03
  18.400    0.26500E-03
  18.500    0.25188E-03
  18.600    0.23941E-03
  18.700    0.22756E-03
  18.800    0.21629E-03
  18.900    0.20559E-03
  19.000    0.19541E-03
  19.100    0.18574E-03
  19.200    0.17655E-03
  19.300    0.16782E-03
  19.400    0.15952E-03
  19.500    0.15163E-03
  19.600    0.14413E-03
  19.700    0.13700E-03
  19.800    0.13022E-03
  19.900    0.12378E-03
 &
# KN1,E,l,j,2j+1,N,cmb =  10  -1.09200   2  2.5   6 201 F T F
   0.001     0.0000    
   0.100    0.90307E-04
   0.200    0.74160E-03
   0.300    0.24827E-02
   0.400    0.58189E-02
   0.500    0.11205E-01
   0.600    0.19030E-01
   0.700    0.29611E-01
   0.800    0.43176E-01
   0.900    0.59862E-01
   1.000    0.79705E-01
   1.100    0.10264    
   1.200    0.12852    
   1.300    0.15707    
   1.400    0.18795    
   1.500    0.22075    
   1.600    0.25496    
   1.700    0.29007    
   1.800    0.32548    
   1.900    0.36061    
   2.000    0.39488    
   2.100    0.42772    
   2.200    0.45859    
   2.300    0.48704    
   2.400    0.51264    
   2.500    0.53507    
   2.600    0.55410    
   2.700    0.56957    
   2.800    0.58142    
   2.900    0.58968    
   3.000    0.59444    
   3.100    0.59589    
   3.200    0.59425    
   3.300    0.58980    
   3.400    0.58283    
   3.500    0.57367    
   3.600    0.56264    
   3.700    0.55005    
   3.800    0.53622    
   3.900    0.52141    
   4.000    0.50589    
   4.100    0.48989    
   4.200    0.47361    
   4.300    0.45722    
   4.400    0.44087    
   4.500    0.42468    
   4.600    0.40875    
   4.700    0.39316    
   4.800    0.37797    
   4.900    0.36321    
   5.000    0.34894    
   5.100    0.33515    
   5.200    0.32188    
   5.300    0.30911    
   5.400    0.29686    
   5.500    0.28511    
   5.600    0.27385    
   5.700    0.26308    
   5.800    0.25277    
   5.900    0.24292    
   6.000    0.23350    
   6.100    0.22450    
   6.200    0.21589    
   6.300    0.20768    
   6.400    0.19982    
   6.500    0.19232    
   6.600    0.18515    
   6.700    0.17829    
   6.800    0.17173    
   6.900    0.16547    
   7.000    0.15947    
   7.100    0.15373    
   7.200    0.14824    
   7.300    0.14298    
   7.400    0.13794    
   7.500    0.13312    
   7.600    0.12849    
   7.700    0.12406    
   7.800    0.11981    
   7.900    0.11573    
   8.000    0.11182    
   8.100    0.10806    
   8.200    0.10445    
   8.300    0.10099    
   8.400    0.97656E-01
   8.500    0.94454E-01
   8.600    0.91376E-01
   8.700    0.88416E-01
   8.800    0.85568E-01
   8.900    0.82826E-01
   9.000    0.80188E-01
   9.100    0.77647E-01
   9.200    0.75199E-01
   9.300    0.72841E-01
   9.400    0.70569E-01
   9.500    0.68378E-01
   9.600    0.66266E-01
   9.700    0.64229E-01
   9.800    0.62264E-01
   9.900    0.60368E-01
  10.000    0.58537E-01
  10.100    0.56771E-01
  10.200    0.55065E-01
  10.300    0.53417E-01
  10.400    0.51826E-01
  10.500    0.50288E-01
  10.600    0.48802E-01
  10.700    0.47365E-01
  10.800    0.45976E-01
  10.900    0.44634E-01
  11.000    0.43335E-01
  11.100    0.42079E-01
  11.200    0.40863E-01
  11.300    0.39687E-01
  11.400    0.38549E-01
  11.500    0.37447E-01
  11.600    0.36380E-01
  11.700    0.35347E-01
  11.800    0.34347E-01
  11.900    0.33378E-01
  12.000    0.32439E-01
  12.100    0.31530E-01
  12.200    0.30649E-01
  12.300    0.29795E-01
  12.400    0.28967E-01
  12.500    0.28164E-01
  12.600    0.27386E-01
  12.700    0.26632E-01
  12.800    0.25900E-01
  12.900    0.25190E-01
  13.000    0.24502E-01
  13.100    0.23834E-01
  13.200    0.23186E-01
  13.300    0.22557E-01
  13.400    0.21947E-01
  13.500    0.21355E-01
  13.600    0.20780E-01
  13.700    0.20222E-01
  13.800    0.19680E-01
  13.900    0.19154E-01
  14.000    0.18643E-01
  14.100    0.18147E-01
  14.200    0.17665E-01
  14.300    0.17197E-01
  14.400    0.16742E-01
  14.500    0.16300E-01
  14.600    0.15871E-01
  14.700    0.15454E-01
  14.800    0.15049E-01
  14.900    0.14655E-01
  15.000    0.14272E-01
  15.100    0.13899E-01
  15.200    0.13538E-01
  15.300    0.13186E-01
  15.400    0.12844E-01
  15.500    0.12511E-01
  15.600    0.12188E-01
  15.700    0.11874E-01
  15.800    0.11568E-01
  15.900    0.11270E-01
  16.000    0.10981E-01
  16.100    0.10700E-01
  16.200    0.10426E-01
  16.300    0.10159E-01
  16.400    0.99004E-02
  16.500    0.96482E-02
  16.600    0.94029E-02
  16.700    0.91642E-02
  16.800    0.89318E-02
  16.900    0.87057E-02
  17.000    0.84856E-02
  17.100    0.82714E-02
  17.200    0.80629E-02
  17.300    0.78599E-02
  17.400    0.76623E-02
  17.500    0.74700E-02
  17.600    0.72827E-02
  17.700    0.71003E-02
  17.800    0.69228E-02
  17.900    0.67499E-02
  18.000    0.65815E-02
  18.100    0.64175E-02
  18.200    0.62578E-02
  18.300    0.61023E-02
  18.400    0.59508E-02
  18.500    0.58033E-02
  18.600    0.56595E-02
  18.700    0.55195E-02
  18.800    0.53831E-02
  18.900    0.52503E-02
  19.000    0.51208E-02
  19.100    0.49947E-02
  19.200    0.48718E-02
  19.300    0.47521E-02
  19.400    0.46354E-02
  19.500    0.45217E-02
  19.600    0.44110E-02
  19.700    0.43030E-02
  19.800    0.41978E-02
  19.900    0.40952E-02
 &
# KN1,E,l,j,2j+1,N,cmb =  11  -5.53090   2  2.5   6 201 F T F
   0.001     0.0000    
   0.100    0.11846E-03
   0.200    0.97232E-03
   0.300    0.32521E-02
   0.400    0.76126E-02
   0.500    0.14634E-01
   0.600    0.24805E-01
   0.700    0.38505E-01
   0.800    0.55990E-01
   0.900    0.77383E-01
   1.000    0.10267    
   1.100    0.13170    
   1.200    0.16419    
   1.300    0.19971    
   1.400    0.23775    
   1.500    0.27767    
   1.600    0.31879    
   1.700    0.36034    
   1.800    0.40154    
   1.900    0.44161    
   2.000    0.47979    
   2.100    0.51538    
   2.200    0.54774    
   2.300    0.57634    
   2.400    0.60073    
   2.500    0.62062    
   2.600    0.63582    
   2.700    0.64627    
   2.800    0.65203    
   2.900    0.65328    
   3.000    0.65029    
   3.100    0.64340    
   3.200    0.63300    
   3.300    0.61955    
   3.400    0.60350    
   3.500    0.58532    
   3.600    0.56544    
   3.700    0.54430    
   3.800    0.52227    
   3.900    0.49971    
   4.000    0.47692    
   4.100    0.45416    
   4.200    0.43165    
   4.300    0.40957    
   4.400    0.38806    
   4.500    0.36722    
   4.600    0.34714    
   4.700    0.32787    
   4.800    0.30944    
   4.900    0.29188    
   5.000    0.27518    
   5.100    0.25933    
   5.200    0.24433    
   5.300    0.23015    
   5.400    0.21676    
   5.500    0.20413    
   5.600    0.19223    
   5.700    0.18102    
   5.800    0.17047    
   5.900    0.16054    
   6.000    0.15121    
   6.100    0.14243    
   6.200    0.13418    
   6.300    0.12642    
   6.400    0.11913    
   6.500    0.11228    
   6.600    0.10584    
   6.700    0.99783E-01
   6.800    0.94090E-01
   6.900    0.88736E-01
   7.000    0.83702E-01
   7.100    0.78966E-01
   7.200    0.74511E-01
   7.300    0.70320E-01
   7.400    0.66375E-01
   7.500    0.62661E-01
   7.600    0.59165E-01
   7.700    0.55873E-01
   7.800    0.52773E-01
   7.900    0.49852E-01
   8.000    0.47100E-01
   8.100    0.44506E-01
   8.200    0.42061E-01
   8.300    0.39756E-01
   8.400    0.37582E-01
   8.500    0.35532E-01
   8.600    0.33598E-01
   8.700    0.31774E-01
   8.800    0.30052E-01
   8.900    0.28427E-01
   9.000    0.26893E-01
   9.100    0.25445E-01
   9.200    0.24077E-01
   9.300    0.22785E-01
   9.400    0.21565E-01
   9.500    0.20412E-01
   9.600    0.19323E-01
   9.700    0.18294E-01
   9.800    0.17321E-01
   9.900    0.16401E-01
  10.000    0.15532E-01
  10.100    0.14710E-01
  10.200    0.13933E-01
  10.300    0.13198E-01
  10.400    0.12502E-01
  10.500    0.11845E-01
  10.600    0.11222E-01
  10.700    0.10634E-01
  10.800    0.10076E-01
  10.900    0.95492E-02
  11.000    0.90501E-02
  11.100    0.85777E-02
  11.200    0.81305E-02
  11.300    0.77071E-02
  11.400    0.73063E-02
  11.500    0.69267E-02
  11.600    0.65672E-02
  11.700    0.62268E-02
  11.800    0.59043E-02
  11.900    0.55988E-02
  12.000    0.53095E-02
  12.100    0.50354E-02
  12.200    0.47756E-02
  12.300    0.45296E-02
  12.400    0.42964E-02
  12.500    0.40754E-02
  12.600    0.38659E-02
  12.700    0.36674E-02
  12.800    0.34793E-02
  12.900    0.33009E-02
  13.000    0.31319E-02
  13.100    0.29716E-02
  13.200    0.28196E-02
  13.300    0.26756E-02
  13.400    0.25390E-02
  13.500    0.24094E-02
  13.600    0.22866E-02
  13.700    0.21701E-02
  13.800    0.20596E-02
  13.900    0.19548E-02
  14.000    0.18554E-02
  14.100    0.17611E-02
  14.200    0.16717E-02
  14.300    0.15869E-02
  14.400    0.15064E-02
  14.500    0.14301E-02
  14.600    0.13576E-02
  14.700    0.12889E-02
  14.800    0.12237E-02
  14.900    0.11618E-02
  15.000    0.11031E-02
  15.100    0.10474E-02
  15.200    0.99451E-03
  15.300    0.94434E-03
  15.400    0.89671E-03
  15.500    0.85152E-03
  15.600    0.80862E-03
  15.700    0.76790E-03
  15.800    0.72925E-03
  15.900    0.69257E-03
  16.000    0.65775E-03
  16.100    0.62469E-03
  16.200    0.59331E-03
  16.300    0.56351E-03
  16.400    0.53523E-03
  16.500    0.50838E-03
  16.600    0.48288E-03
  16.700    0.45868E-03
  16.800    0.43569E-03
  16.900    0.41387E-03
  17.000    0.39315E-03
  17.100    0.37347E-03
  17.200    0.35479E-03
  17.300    0.33705E-03
  17.400    0.32020E-03
  17.500    0.30419E-03
  17.600    0.28900E-03
  17.700    0.27457E-03
  17.800    0.26086E-03
  17.900    0.24784E-03
  18.000    0.23548E-03
  18.100    0.22373E-03
  18.200    0.21258E-03
  18.300    0.20199E-03
  18.400    0.19192E-03
  18.500    0.18236E-03
  18.600    0.17328E-03
  18.700    0.16466E-03
  18.800    0.15646E-03
  18.900    0.14868E-03
  19.000    0.14129E-03
  19.100    0.13426E-03
  19.200    0.12759E-03
  19.300    0.12125E-03
  19.400    0.11523E-03
  19.500    0.10950E-03
  19.600    0.10407E-03
  19.700    0.98901E-04
  19.800    0.93993E-04
  19.900    0.89330E-04
 &
# KN1,E,l,j,2j+1,N,cmb =  12  -5.53090   0  0.5   2 201 F T F
   0.001    -0.0000    
   0.100    0.71105E-01
   0.200    0.14046    
   0.300    0.20637    
   0.400    0.26724    
   0.500    0.32159    
   0.600    0.36813    
   0.700    0.40576    
   0.800    0.43363    
   0.900    0.45111    
   1.000    0.45787    
   1.100    0.45383    
   1.200    0.43915    
   1.300    0.41430    
   1.400    0.37995    
   1.500    0.33699    
   1.600    0.28652    
   1.700    0.22975    
   1.800    0.16803    
   1.900    0.10277    
   2.000    0.35380E-01
   2.100   -0.32722E-01
   2.200   -0.10020    
   2.300   -0.16580    
   2.400   -0.22842    
   2.500   -0.28710    
   2.600   -0.34106    
   2.700   -0.38970    
   2.800   -0.43263    
   2.900   -0.46961    
   3.000   -0.50057    
   3.100   -0.52561    
   3.200   -0.54495    
   3.300   -0.55891    
   3.400   -0.56787    
   3.500   -0.57231    
   3.600   -0.57269    
   3.700   -0.56951    
   3.800   -0.56326    
   3.900   -0.55441    
   4.000   -0.54340    
   4.100   -0.53064    
   4.200   -0.51649    
   4.300   -0.50129    
   4.400   -0.48531    
   4.500   -0.46882    
   4.600   -0.45201    
   4.700   -0.43508    
   4.800   -0.41817    
   4.900   -0.40140    
   5.000   -0.38487    
   5.100   -0.36866    
   5.200   -0.35284    
   5.300   -0.33744    
   5.400   -0.32251    
   5.500   -0.30807    
   5.600   -0.29413    
   5.700   -0.28070    
   5.800   -0.26779    
   5.900   -0.25539    
   6.000   -0.24350    
   6.100   -0.23211    
   6.200   -0.22120    
   6.300   -0.21077    
   6.400   -0.20079    
   6.500   -0.19127    
   6.600   -0.18217    
   6.700   -0.17349    
   6.800   -0.16521    
   6.900   -0.15731    
   7.000   -0.14977    
   7.100   -0.14260    
   7.200   -0.13575    
   7.300   -0.12923    
   7.400   -0.12302    
   7.500   -0.11711    
   7.600   -0.11147    
   7.700   -0.10611    
   7.800   -0.10100    
   7.900   -0.96130E-01
   8.000   -0.91497E-01
   8.100   -0.87086E-01
   8.200   -0.82887E-01
   8.300   -0.78889E-01
   8.400   -0.75084E-01
   8.500   -0.71462E-01
   8.600   -0.68013E-01
   8.700   -0.64731E-01
   8.800   -0.61607E-01
   8.900   -0.58634E-01
   9.000   -0.55803E-01
   9.100   -0.53110E-01
   9.200   -0.50546E-01
   9.300   -0.48105E-01
   9.400   -0.45783E-01
   9.500   -0.43572E-01
   9.600   -0.41469E-01
   9.700   -0.39466E-01
   9.800   -0.37561E-01
   9.900   -0.35747E-01
  10.000   -0.34021E-01
  10.100   -0.32378E-01
  10.200   -0.30814E-01
  10.300   -0.29326E-01
  10.400   -0.27910E-01
  10.500   -0.26562E-01
  10.600   -0.25280E-01
  10.700   -0.24059E-01
  10.800   -0.22897E-01
  10.900   -0.21791E-01
  11.000   -0.20739E-01
  11.100   -0.19737E-01
  11.200   -0.18784E-01
  11.300   -0.17877E-01
  11.400   -0.17014E-01
  11.500   -0.16192E-01
  11.600   -0.15410E-01
  11.700   -0.14666E-01
  11.800   -0.13958E-01
  11.900   -0.13284E-01
  12.000   -0.12642E-01
  12.100   -0.12032E-01
  12.200   -0.11450E-01
  12.300   -0.10898E-01
  12.400   -0.10371E-01
  12.500   -0.98704E-02
  12.600   -0.93937E-02
  12.700   -0.89400E-02
  12.800   -0.85083E-02
  12.900   -0.80974E-02
  13.000   -0.77063E-02
  13.100   -0.73342E-02
  13.200   -0.69800E-02
  13.300   -0.66429E-02
  13.400   -0.63221E-02
  13.500   -0.60168E-02
  13.600   -0.57262E-02
  13.700   -0.54496E-02
  13.800   -0.51865E-02
  13.900   -0.49360E-02
  14.000   -0.46976E-02
  14.100   -0.44707E-02
  14.200   -0.42548E-02
  14.300   -0.40494E-02
  14.400   -0.38538E-02
  14.500   -0.36677E-02
  14.600   -0.34906E-02
  14.700   -0.33220E-02
  14.800   -0.31616E-02
  14.900   -0.30089E-02
  15.000   -0.28636E-02
  15.100   -0.27253E-02
  15.200   -0.25937E-02
  15.300   -0.24684E-02
  15.400   -0.23492E-02
  15.500   -0.22357E-02
  15.600   -0.21278E-02
  15.700   -0.20250E-02
  15.800   -0.19272E-02
  15.900   -0.18341E-02
  16.000   -0.17456E-02
  16.100   -0.16613E-02
  16.200   -0.15810E-02
  16.300   -0.15047E-02
  16.400   -0.14320E-02
  16.500   -0.13629E-02
  16.600   -0.12970E-02
  16.700   -0.12344E-02
  16.800   -0.11748E-02
  16.900   -0.11181E-02
  17.000   -0.10641E-02
  17.100   -0.10127E-02
  17.200   -0.96376E-03
  17.300   -0.91722E-03
  17.400   -0.87292E-03
  17.500   -0.83077E-03
  17.600   -0.79065E-03
  17.700   -0.75246E-03
  17.800   -0.71612E-03
  17.900   -0.68154E-03
  18.000   -0.64862E-03
  18.100   -0.61730E-03
  18.200   -0.58749E-03
  18.300   -0.55912E-03
  18.400   -0.53211E-03
  18.500   -0.50642E-03
  18.600   -0.48196E-03
  18.700   -0.45868E-03
  18.800   -0.43653E-03
  18.900   -0.41545E-03
  19.000   -0.39539E-03
  19.100   -0.37629E-03
  19.200   -0.35812E-03
  19.300   -0.34082E-03
  19.400   -0.32436E-03
  19.500   -0.30870E-03
  19.600   -0.29379E-03
  19.700   -0.27960E-03
  19.800   -0.26610E-03
  19.900   -0.25325E-03
 &
