# 121 angles,  1 tensor ranks for 0=projectile
@subtitle   "12C(d,p)13C"                                                                                                           
@legend ON
@legend x1 0.2
@legend y1 0.8
@g0 type LOGY
@xaxis label "Scattering angle (degrees)"
@yaxis label "Cross section (mb/sr)"
@             s0 legend        "Partition=  1 Excit=  1 near/far= 1"
#             s0 legend        "Lab energy =   16.0000"
@s0 linestyle   1
#  Theta       sigma       iT11        T20         T21         T22         Kyy for projectile
 0.10000E-01  1.0000    
 0.50000     0.99770    
  1.0000     0.98822    
  1.5000     0.97276    
  2.0000     0.95302    
  2.5000     0.93052    
  3.0000     0.90662    
  3.5000     0.88259    
  4.0000     0.85956    
  4.5000     0.83859    
  5.0000     0.82064    
  5.5000     0.80661    
  6.0000     0.79732    
  6.5000     0.79352    
  7.0000     0.79585    
  7.5000     0.80490    
  8.0000     0.82116    
  8.5000     0.84501    
  9.0000     0.87675    
  9.5000     0.91659    
  10.000     0.96460    
  10.500      1.0208    
  11.000      1.0850    
  11.500      1.1571    
  12.000      1.2366    
  12.500      1.3232    
  13.000      1.4163    
  13.500      1.5152    
  14.000      1.6193    
  14.500      1.7277    
  15.000      1.8395    
  15.500      1.9538    
  16.000      2.0695    
  16.500      2.1857    
  17.000      2.3012    
  17.500      2.4149    
  18.000      2.5257    
  18.500      2.6325    
  19.000      2.7341    
  19.500      2.8296    
  20.000      2.9179    
  20.500      2.9981    
  21.000      3.0692    
  21.500      3.1305    
  22.000      3.1811    
  22.500      3.2206    
  23.000      3.2483    
  23.500      3.2639    
  24.000      3.2670    
  24.500      3.2576    
  25.000      3.2355    
  25.500      3.2009    
  26.000      3.1539    
  26.500      3.0949    
  27.000      3.0244    
  27.500      2.9430    
  28.000      2.8513    
  28.500      2.7502    
  29.000      2.6405    
  29.500      2.5232    
  30.000      2.3995    
  30.500      2.2705    
  31.000      2.1373    
  31.500      2.0012    
  32.000      1.8634    
  32.500      1.7254    
  33.000      1.5883    
  33.500      1.4536    
  34.000      1.3224    
  34.500      1.1961    
  35.000      1.0758    
  35.500     0.96274    
  36.000     0.85803    
  36.500     0.76270    
  37.000     0.67769    
  37.500     0.60387    
  38.000     0.54201    
  38.500     0.49278    
  39.000     0.45674    
  39.500     0.43434    
  40.000     0.42592    
  40.500     0.43170    
  41.000     0.45179    
  41.500     0.48618    
  42.000     0.53476    
  42.500     0.59730    
  43.000     0.67346    
  43.500     0.76281    
  44.000     0.86483    
  44.500     0.97889    
  45.000      1.1043    
  45.500      1.2403    
  46.000      1.3860    
  46.500      1.5405    
  47.000      1.7030    
  47.500      1.8724    
  48.000      2.0476    
  48.500      2.2278    
  49.000      2.4118    
  49.500      2.5986    
  50.000      2.7872    
  50.500      2.9765    
  51.000      3.1657    
  51.500      3.3536    
  52.000      3.5396    
  52.500      3.7226    
  53.000      3.9019    
  53.500      4.0769    
  54.000      4.2467    
  54.500      4.4109    
  55.000      4.5689    
  55.500      4.7204    
  56.000      4.8649    
  56.500      5.0023    
  57.000      5.1323    
  57.500      5.2550    
  58.000      5.3702    
  58.500      5.4782    
  59.000      5.5792    
  59.500      5.6733    
  60.000      5.7610    
 &
@             s1 legend        "Partition=  1 Excit=  2 near/far= 1"
#             s0 legend        "Lab energy =   16.0000"
@s1 linestyle   2
#  Theta       sigma       iT11        T20         T21         T22         Kyy for projectile
  0.0000      14.289    
 0.50000      14.285    
  1.0000      14.274    
  1.5000      14.255    
  2.0000      14.229    
  2.5000      14.196    
  3.0000      14.156    
  3.5000      14.109    
  4.0000      14.055    
  4.5000      13.995    
  5.0000      13.930    
  5.5000      13.858    
  6.0000      13.782    
  6.5000      13.701    
  7.0000      13.617    
  7.5000      13.529    
  8.0000      13.439    
  8.5000      13.346    
  9.0000      13.253    
  9.5000      13.160    
  10.000      13.068    
  10.500      12.977    
  11.000      12.889    
  11.500      12.805    
  12.000      12.725    
  12.500      12.651    
  13.000      12.583    
  13.500      12.523    
  14.000      12.471    
  14.500      12.427    
  15.000      12.393    
  15.500      12.369    
  16.000      12.356    
  16.500      12.353    
  17.000      12.361    
  17.500      12.381    
  18.000      12.411    
  18.500      12.452    
  19.000      12.503    
  19.500      12.565    
  20.000      12.636    
  20.500      12.716    
  21.000      12.803    
  21.500      12.898    
  22.000      12.999    
  22.500      13.105    
  23.000      13.215    
  23.500      13.329    
  24.000      13.444    
  24.500      13.561    
  25.000      13.677    
  25.500      13.792    
  26.000      13.904    
  26.500      14.014    
  27.000      14.119    
  27.500      14.219    
  28.000      14.314    
  28.500      14.402    
  29.000      14.483    
  29.500      14.557    
  30.000      14.623    
  30.500      14.680    
  31.000      14.728    
  31.500      14.768    
  32.000      14.798    
  32.500      14.819    
  33.000      14.831    
  33.500      14.833    
  34.000      14.827    
  34.500      14.811    
  35.000      14.787    
  35.500      14.755    
  36.000      14.714    
  36.500      14.665    
  37.000      14.609    
  37.500      14.545    
  38.000      14.475    
  38.500      14.399    
  39.000      14.318    
  39.500      14.231    
  40.000      14.140    
  40.500      14.045    
  41.000      13.947    
  41.500      13.847    
  42.000      13.745    
  42.500      13.642    
  43.000      13.538    
  43.500      13.436    
  44.000      13.335    
  44.500      13.236    
  45.000      13.140    
  45.500      13.049    
  46.000      12.962    
  46.500      12.881    
  47.000      12.806    
  47.500      12.738    
  48.000      12.678    
  48.500      12.627    
  49.000      12.586    
  49.500      12.554    
  50.000      12.533    
  50.500      12.523    
  51.000      12.524    
  51.500      12.538    
  52.000      12.563    
  52.500      12.601    
  53.000      12.651    
  53.500      12.713    
  54.000      12.789    
  54.500      12.876    
  55.000      12.976    
  55.500      13.087    
  56.000      13.210    
  56.500      13.344    
  57.000      13.489    
  57.500      13.643    
  58.000      13.807    
  58.500      13.980    
  59.000      14.160    
  59.500      14.348    
  60.000      14.542    
 &
@             s2 legend        "Partition=  2 Excit=  1 near/far= 1"
#             s0 legend        "Lab energy =   16.0000"
@s2 linestyle   3
#  Theta       sigma       iT11        T20         T21         T22         Kyy for projectile
  0.0000      25.433    
 0.50000      25.451    
  1.0000      25.507    
  1.5000      25.598    
  2.0000      25.724    
  2.5000      25.883    
  3.0000      26.071    
  3.5000      26.286    
  4.0000      26.524    
  4.5000      26.781    
  5.0000      27.053    
  5.5000      27.336    
  6.0000      27.624    
  6.5000      27.913    
  7.0000      28.198    
  7.5000      28.473    
  8.0000      28.735    
  8.5000      28.978    
  9.0000      29.197    
  9.5000      29.389    
  10.000      29.550    
  10.500      29.675    
  11.000      29.763    
  11.500      29.809    
  12.000      29.811    
  12.500      29.768    
  13.000      29.678    
  13.500      29.541    
  14.000      29.355    
  14.500      29.120    
  15.000      28.838    
  15.500      28.508    
  16.000      28.132    
  16.500      27.712    
  17.000      27.250    
  17.500      26.747    
  18.000      26.206    
  18.500      25.630    
  19.000      25.023    
  19.500      24.386    
  20.000      23.724    
  20.500      23.039    
  21.000      22.335    
  21.500      21.616    
  22.000      20.884    
  22.500      20.144    
  23.000      19.399    
  23.500      18.651    
  24.000      17.905    
  24.500      17.163    
  25.000      16.428    
  25.500      15.703    
  26.000      14.990    
  26.500      14.293    
  27.000      13.613    
  27.500      12.952    
  28.000      12.313    
  28.500      11.697    
  29.000      11.105    
  29.500      10.540    
  30.000      10.002    
  30.500      9.4915    
  31.000      9.0104    
  31.500      8.5588    
  32.000      8.1373    
  32.500      7.7459    
  33.000      7.3849    
  33.500      7.0541    
  34.000      6.7534    
  34.500      6.4823    
  35.000      6.2404    
  35.500      6.0271    
  36.000      5.8416    
  36.500      5.6831    
  37.000      5.5506    
  37.500      5.4432    
  38.000      5.3596    
  38.500      5.2988    
  39.000      5.2595    
  39.500      5.2404    
  40.000      5.2402    
  40.500      5.2575    
  41.000      5.2910    
  41.500      5.3393    
  42.000      5.4009    
  42.500      5.4745    
  43.000      5.5587    
  43.500      5.6521    
  44.000      5.7534    
  44.500      5.8613    
  45.000      5.9745    
  45.500      6.0917    
  46.000      6.2117    
  46.500      6.3335    
  47.000      6.4558    
  47.500      6.5777    
  48.000      6.6982    
  48.500      6.8162    
  49.000      6.9310    
  49.500      7.0418    
  50.000      7.1478    
  50.500      7.2482    
  51.000      7.3425    
  51.500      7.4301    
  52.000      7.5104    
  52.500      7.5831    
  53.000      7.6478    
  53.500      7.7040    
  54.000      7.7516    
  54.500      7.7903    
  55.000      7.8200    
  55.500      7.8405    
  56.000      7.8517    
  56.500      7.8537    
  57.000      7.8465    
  57.500      7.8301    
  58.000      7.8048    
  58.500      7.7705    
  59.000      7.7276    
  59.500      7.6762    
  60.000      7.6166    
 &
@             s3 legend        "Partition=  2 Excit=  2 near/far= 1"
#             s0 legend        "Lab energy =   16.0000"
@s3 linestyle   4
#  Theta       sigma       iT11        T20         T21         T22         Kyy for projectile
  0.0000      181.11    
 0.50000      180.83    
  1.0000      179.99    
  1.5000      178.61    
  2.0000      176.68    
  2.5000      174.24    
  3.0000      171.30    
  3.5000      167.88    
  4.0000      164.03    
  4.5000      159.76    
  5.0000      155.12    
  5.5000      150.14    
  6.0000      144.87    
  6.5000      139.34    
  7.0000      133.59    
  7.5000      127.68    
  8.0000      121.64    
  8.5000      115.50    
  9.0000      109.32    
  9.5000      103.13    
  10.000      96.956    
  10.500      90.846    
  11.000      84.826    
  11.500      78.926    
  12.000      73.173    
  12.500      67.589    
  13.000      62.195    
  13.500      57.010    
  14.000      52.049    
  14.500      47.323    
  15.000      42.845    
  15.500      38.619    
  16.000      34.654    
  16.500      30.950    
  17.000      27.510    
  17.500      24.333    
  18.000      21.418    
  18.500      18.760    
  19.000      16.355    
  19.500      14.197    
  20.000      12.280    
  20.500      10.595    
  21.000      9.1354    
  21.500      7.8916    
  22.000      6.8543    
  22.500      6.0140    
  23.000      5.3608    
  23.500      4.8843    
  24.000      4.5744    
  24.500      4.4205    
  25.000      4.4121    
  25.500      4.5386    
  26.000      4.7895    
  26.500      5.1542    
  27.000      5.6224    
  27.500      6.1837    
  28.000      6.8280    
  28.500      7.5453    
  29.000      8.3257    
  29.500      9.1597    
  30.000      10.038    
  30.500      10.952    
  31.000      11.892    
  31.500      12.851    
  32.000      13.820    
  32.500      14.793    
  33.000      15.761    
  33.500      16.719    
  34.000      17.660    
  34.500      18.579    
  35.000      19.470    
  35.500      20.330    
  36.000      21.154    
  36.500      21.939    
  37.000      22.682    
  37.500      23.380    
  38.000      24.032    
  38.500      24.636    
  39.000      25.191    
  39.500      25.697    
  40.000      26.153    
  40.500      26.561    
  41.000      26.919    
  41.500      27.230    
  42.000      27.494    
  42.500      27.713    
  43.000      27.888    
  43.500      28.020    
  44.000      28.111    
  44.500      28.164    
  45.000      28.179    
  45.500      28.159    
  46.000      28.105    
  46.500      28.020    
  47.000      27.905    
  47.500      27.761    
  48.000      27.590    
  48.500      27.394    
  49.000      27.174    
  49.500      26.931    
  50.000      26.668    
  50.500      26.384    
  51.000      26.081    
  51.500      25.761    
  52.000      25.423    
  52.500      25.070    
  53.000      24.701    
  53.500      24.319    
  54.000      23.923    
  54.500      23.514    
  55.000      23.094    
  55.500      22.662    
  56.000      22.220    
  56.500      21.769    
  57.000      21.309    
  57.500      20.841    
  58.000      20.366    
  58.500      19.885    
  59.000      19.398    
  59.500      18.906    
  60.000      18.411    
 &
@             s4 legend        "Partition=  2 Excit=  3 near/far= 1"
#             s0 legend        "Lab energy =   16.0000"
@s4 linestyle   5
#  Theta       sigma       iT11        T20         T21         T22         Kyy for projectile
  0.0000      19.684    
 0.50000      19.678    
  1.0000      19.659    
  1.5000      19.629    
  2.0000      19.586    
  2.5000      19.531    
  3.0000      19.463    
  3.5000      19.384    
  4.0000      19.292    
  4.5000      19.188    
  5.0000      19.072    
  5.5000      18.944    
  6.0000      18.805    
  6.5000      18.654    
  7.0000      18.491    
  7.5000      18.318    
  8.0000      18.134    
  8.5000      17.940    
  9.0000      17.736    
  9.5000      17.522    
  10.000      17.300    
  10.500      17.070    
  11.000      16.832    
  11.500      16.587    
  12.000      16.335    
  12.500      16.078    
  13.000      15.816    
  13.500      15.549    
  14.000      15.278    
  14.500      15.003    
  15.000      14.726    
  15.500      14.446    
  16.000      14.165    
  16.500      13.882    
  17.000      13.598    
  17.500      13.314    
  18.000      13.029    
  18.500      12.744    
  19.000      12.460    
  19.500      12.176    
  20.000      11.893    
  20.500      11.611    
  21.000      11.330    
  21.500      11.050    
  22.000      10.772    
  22.500      10.496    
  23.000      10.222    
  23.500      9.9504    
  24.000      9.6811    
  24.500      9.4145    
  25.000      9.1510    
  25.500      8.8907    
  26.000      8.6340    
  26.500      8.3811    
  27.000      8.1326    
  27.500      7.8885    
  28.000      7.6494    
  28.500      7.4156    
  29.000      7.1873    
  29.500      6.9650    
  30.000      6.7490    
  30.500      6.5396    
  31.000      6.3370    
  31.500      6.1416    
  32.000      5.9536    
  32.500      5.7731    
  33.000      5.6003    
  33.500      5.4354    
  34.000      5.2784    
  34.500      5.1292    
  35.000      4.9880    
  35.500      4.8545    
  36.000      4.7287    
  36.500      4.6104    
  37.000      4.4994    
  37.500      4.3953    
  38.000      4.2980    
  38.500      4.2071    
  39.000      4.1222    
  39.500      4.0430    
  40.000      3.9690    
  40.500      3.8999    
  41.000      3.8353    
  41.500      3.7749    
  42.000      3.7181    
  42.500      3.6647    
  43.000      3.6142    
  43.500      3.5664    
  44.000      3.5210    
  44.500      3.4777    
  45.000      3.4362    
  45.500      3.3963    
  46.000      3.3578    
  46.500      3.3207    
  47.000      3.2846    
  47.500      3.2496    
  48.000      3.2156    
  48.500      3.1824    
  49.000      3.1502    
  49.500      3.1188    
  50.000      3.0883    
  50.500      3.0586    
  51.000      3.0298    
  51.500      3.0020    
  52.000      2.9751    
  52.500      2.9491    
  53.000      2.9242    
  53.500      2.9002    
  54.000      2.8773    
  54.500      2.8554    
  55.000      2.8345    
  55.500      2.8147    
  56.000      2.7958    
  56.500      2.7778    
  57.000      2.7608    
  57.500      2.7446    
  58.000      2.7292    
  58.500      2.7145    
  59.000      2.7004    
  59.500      2.6869    
  60.000      2.6738    
 &
@             s5 legend        "Partition=  2 Excit=  4 near/far= 1"
#             s0 legend        "Lab energy =   16.0000"
@s5 linestyle   1
#  Theta       sigma       iT11        T20         T21         T22         Kyy for projectile
  0.0000      99.655    
 0.50000      99.691    
  1.0000      99.799    
  1.5000      99.976    
  2.0000      100.22    
  2.5000      100.53    
  3.0000      100.90    
  3.5000      101.33    
  4.0000      101.81    
  4.5000      102.33    
  5.0000      102.90    
  5.5000      103.49    
  6.0000      104.11    
  6.5000      104.75    
  7.0000      105.39    
  7.5000      106.04    
  8.0000      106.68    
  8.5000      107.30    
  9.0000      107.91    
  9.5000      108.48    
  10.000      109.02    
  10.500      109.51    
  11.000      109.95    
  11.500      110.34    
  12.000      110.67    
  12.500      110.93    
  13.000      111.12    
  13.500      111.24    
  14.000      111.29    
  14.500      111.25    
  15.000      111.14    
  15.500      110.94    
  16.000      110.67    
  16.500      110.31    
  17.000      109.88    
  17.500      109.36    
  18.000      108.77    
  18.500      108.10    
  19.000      107.35    
  19.500      106.54    
  20.000      105.65    
  20.500      104.69    
  21.000      103.67    
  21.500      102.59    
  22.000      101.45    
  22.500      100.25    
  23.000      98.992    
  23.500      97.684    
  24.000      96.325    
  24.500      94.917    
  25.000      93.464    
  25.500      91.966    
  26.000      90.426    
  26.500      88.846    
  27.000      87.228    
  27.500      85.573    
  28.000      83.884    
  28.500      82.162    
  29.000      80.409    
  29.500      78.627    
  30.000      76.819    
  30.500      74.985    
  31.000      73.130    
  31.500      71.254    
  32.000      69.360    
  32.500      67.452    
  33.000      65.532    
  33.500      63.603    
  34.000      61.668    
  34.500      59.731    
  35.000      57.794    
  35.500      55.862    
  36.000      53.939    
  36.500      52.027    
  37.000      50.131    
  37.500      48.254    
  38.000      46.401    
  38.500      44.575    
  39.000      42.779    
  39.500      41.018    
  40.000      39.294    
  40.500      37.611    
  41.000      35.972    
  41.500      34.379    
  42.000      32.835    
  42.500      31.343    
  43.000      29.904    
  43.500      28.519    
  44.000      27.192    
  44.500      25.922    
  45.000      24.710    
  45.500      23.557    
  46.000      22.463    
  46.500      21.429    
  47.000      20.453    
  47.500      19.535    
  48.000      18.675    
  48.500      17.872    
  49.000      17.125    
  49.500      16.432    
  50.000      15.792    
  50.500      15.205    
  51.000      14.667    
  51.500      14.178    
  52.000      13.736    
  52.500      13.340    
  53.000      12.988    
  53.500      12.678    
  54.000      12.408    
  54.500      12.177    
  55.000      11.984    
  55.500      11.827    
  56.000      11.703    
  56.500      11.613    
  57.000      11.554    
  57.500      11.525    
  58.000      11.525    
  58.500      11.552    
  59.000      11.605    
  59.500      11.682    
  60.000      11.783    
 &
