# 121 angles,  1 tensor ranks for 0=projectile
@subtitle   "12C(d,p)13C"                                                                                                           
@legend ON
@legend x1 0.2
@legend y1 0.8
@g0 type LOGY
@             s0 legend        "Lab energy =   16.0000"
#             s0 legend        "Partition=  1 Excit=  1 near/far= 1"
#  Theta       sigma       iT11        T20         T21         T22         Kyy for projectile
 0.10000E-01  1.0000    
 0.50000     0.99770    
  1.0000     0.98822    
  1.5000     0.97276    
  2.0000     0.95302    
  2.5000     0.93052    
  3.0000     0.90662    
  3.5000     0.88259    
  4.0000     0.85956    
  4.5000     0.83859    
  5.0000     0.82064    
  5.5000     0.80661    
  6.0000     0.79732    
  6.5000     0.79352    
  7.0000     0.79585    
  7.5000     0.80490    
  8.0000     0.82116    
  8.5000     0.84501    
  9.0000     0.87675    
  9.5000     0.91659    
  10.000     0.96460    
  10.500      1.0208    
  11.000      1.0850    
  11.500      1.1571    
  12.000      1.2366    
  12.500      1.3232    
  13.000      1.4163    
  13.500      1.5152    
  14.000      1.6193    
  14.500      1.7277    
  15.000      1.8395    
  15.500      1.9538    
  16.000      2.0695    
  16.500      2.1857    
  17.000      2.3012    
  17.500      2.4149    
  18.000      2.5257    
  18.500      2.6325    
  19.000      2.7341    
  19.500      2.8296    
  20.000      2.9179    
  20.500      2.9981    
  21.000      3.0692    
  21.500      3.1305    
  22.000      3.1811    
  22.500      3.2206    
  23.000      3.2483    
  23.500      3.2639    
  24.000      3.2670    
  24.500      3.2576    
  25.000      3.2355    
  25.500      3.2009    
  26.000      3.1539    
  26.500      3.0949    
  27.000      3.0244    
  27.500      2.9430    
  28.000      2.8513    
  28.500      2.7502    
  29.000      2.6405    
  29.500      2.5232    
  30.000      2.3995    
  30.500      2.2705    
  31.000      2.1373    
  31.500      2.0012    
  32.000      1.8634    
  32.500      1.7254    
  33.000      1.5883    
  33.500      1.4536    
  34.000      1.3224    
  34.500      1.1961    
  35.000      1.0758    
  35.500     0.96274    
  36.000     0.85803    
  36.500     0.76270    
  37.000     0.67769    
  37.500     0.60387    
  38.000     0.54201    
  38.500     0.49278    
  39.000     0.45674    
  39.500     0.43434    
  40.000     0.42592    
  40.500     0.43170    
  41.000     0.45179    
  41.500     0.48618    
  42.000     0.53476    
  42.500     0.59730    
  43.000     0.67346    
  43.500     0.76281    
  44.000     0.86483    
  44.500     0.97889    
  45.000      1.1043    
  45.500      1.2403    
  46.000      1.3860    
  46.500      1.5405    
  47.000      1.7030    
  47.500      1.8724    
  48.000      2.0476    
  48.500      2.2278    
  49.000      2.4118    
  49.500      2.5986    
  50.000      2.7872    
  50.500      2.9765    
  51.000      3.1657    
  51.500      3.3536    
  52.000      3.5396    
  52.500      3.7226    
  53.000      3.9019    
  53.500      4.0769    
  54.000      4.2467    
  54.500      4.4109    
  55.000      4.5689    
  55.500      4.7204    
  56.000      4.8649    
  56.500      5.0023    
  57.000      5.1323    
  57.500      5.2550    
  58.000      5.3702    
  58.500      5.4782    
  59.000      5.5792    
  59.500      5.6733    
  60.000      5.7610    
 &
