# 121 angles,  1 tensor ranks for 0=projectile
@subtitle   "12C(d,p)13C"                                                                                                           
@legend ON
@legend x1 0.2
@legend y1 0.8
@g0 type LOGY
@             s0 legend        "Lab energy =   16.0000"
#             s0 legend        "Partition=  1 Excit=  2 near/far= 1"
#  Theta       sigma       iT11        T20         T21         T22         Kyy for projectile
  0.0000      14.289    
 0.50000      14.285    
  1.0000      14.274    
  1.5000      14.255    
  2.0000      14.229    
  2.5000      14.196    
  3.0000      14.156    
  3.5000      14.109    
  4.0000      14.055    
  4.5000      13.995    
  5.0000      13.930    
  5.5000      13.858    
  6.0000      13.782    
  6.5000      13.701    
  7.0000      13.617    
  7.5000      13.529    
  8.0000      13.439    
  8.5000      13.346    
  9.0000      13.253    
  9.5000      13.160    
  10.000      13.068    
  10.500      12.977    
  11.000      12.889    
  11.500      12.805    
  12.000      12.725    
  12.500      12.651    
  13.000      12.583    
  13.500      12.523    
  14.000      12.471    
  14.500      12.427    
  15.000      12.393    
  15.500      12.369    
  16.000      12.356    
  16.500      12.353    
  17.000      12.361    
  17.500      12.381    
  18.000      12.411    
  18.500      12.452    
  19.000      12.503    
  19.500      12.565    
  20.000      12.636    
  20.500      12.716    
  21.000      12.803    
  21.500      12.898    
  22.000      12.999    
  22.500      13.105    
  23.000      13.215    
  23.500      13.329    
  24.000      13.444    
  24.500      13.561    
  25.000      13.677    
  25.500      13.792    
  26.000      13.904    
  26.500      14.014    
  27.000      14.119    
  27.500      14.219    
  28.000      14.314    
  28.500      14.402    
  29.000      14.483    
  29.500      14.557    
  30.000      14.623    
  30.500      14.680    
  31.000      14.728    
  31.500      14.768    
  32.000      14.798    
  32.500      14.819    
  33.000      14.831    
  33.500      14.833    
  34.000      14.827    
  34.500      14.811    
  35.000      14.787    
  35.500      14.755    
  36.000      14.714    
  36.500      14.665    
  37.000      14.609    
  37.500      14.545    
  38.000      14.475    
  38.500      14.399    
  39.000      14.318    
  39.500      14.231    
  40.000      14.140    
  40.500      14.045    
  41.000      13.947    
  41.500      13.847    
  42.000      13.745    
  42.500      13.642    
  43.000      13.538    
  43.500      13.436    
  44.000      13.335    
  44.500      13.236    
  45.000      13.140    
  45.500      13.049    
  46.000      12.962    
  46.500      12.881    
  47.000      12.806    
  47.500      12.738    
  48.000      12.678    
  48.500      12.627    
  49.000      12.586    
  49.500      12.554    
  50.000      12.533    
  50.500      12.523    
  51.000      12.524    
  51.500      12.538    
  52.000      12.563    
  52.500      12.601    
  53.000      12.651    
  53.500      12.713    
  54.000      12.789    
  54.500      12.876    
  55.000      12.976    
  55.500      13.087    
  56.000      13.210    
  56.500      13.344    
  57.000      13.489    
  57.500      13.643    
  58.000      13.807    
  58.500      13.980    
  59.000      14.160    
  59.500      14.348    
  60.000      14.542    
 &
