    3    1    1    1  0.5  -4.94600 F T F : KN,in-set,total-set,l,j,E
         201  0.100000001       0.00000000     F  : N,H,R0,cmp
  0.0000E+00  2.5851E-03  9.9593E-03  2.2141E-02  3.8914E-02  5.9978E-02
  8.4965E-02  1.1344E-01  1.4490E-01  1.7881E-01  2.1458E-01  2.5163E-01
  2.8933E-01  3.2707E-01  3.6425E-01  4.0031E-01  4.3469E-01  4.6693E-01
  4.9659E-01  5.2331E-01  5.4681E-01  5.6686E-01  5.8333E-01  5.9616E-01
  6.0537E-01  6.1103E-01  6.1329E-01  6.1233E-01  6.0841E-01  6.0177E-01
  5.9272E-01  5.8155E-01  5.6858E-01  5.5410E-01  5.3840E-01  5.2174E-01
  5.0438E-01  4.8655E-01  4.6844E-01  4.5022E-01  4.3205E-01  4.1406E-01
  3.9635E-01  3.7900E-01  3.6208E-01  3.4565E-01  3.2974E-01  3.1438E-01
  2.9959E-01  2.8538E-01  2.7175E-01  2.5869E-01  2.4619E-01  2.3426E-01
  2.2287E-01  2.1200E-01  2.0165E-01  1.9179E-01  1.8240E-01  1.7346E-01
  1.6496E-01  1.5688E-01  1.4919E-01  1.4188E-01  1.3494E-01  1.2833E-01
  1.2206E-01  1.1610E-01  1.1043E-01  1.0504E-01  9.9927E-02  9.5064E-02
  9.0442E-02  8.6050E-02  8.1875E-02  7.7907E-02  7.4135E-02  7.0550E-02
  6.7142E-02  6.3902E-02  6.0821E-02  5.7892E-02  5.5106E-02  5.2457E-02
  4.9938E-02  4.7542E-02  4.5263E-02  4.3096E-02  4.1034E-02  3.9072E-02
  3.7205E-02  3.5430E-02  3.3740E-02  3.2132E-02  3.0602E-02  2.9146E-02
  2.7760E-02  2.6441E-02  2.5186E-02  2.3990E-02  2.2853E-02  2.1770E-02
  2.0739E-02  1.9757E-02  1.8823E-02  1.7933E-02  1.7085E-02  1.6279E-02
  1.5510E-02  1.4779E-02  1.4082E-02  1.3418E-02  1.2786E-02  1.2184E-02
  1.1611E-02  1.1064E-02  1.0544E-02  1.0049E-02  9.5766E-03  9.1269E-03
  8.6985E-03  8.2904E-03  7.9015E-03  7.5310E-03  7.1781E-03  6.8418E-03
  6.5213E-03  6.2160E-03  5.9251E-03  5.6479E-03  5.3837E-03  5.1320E-03
  4.8921E-03  4.6635E-03  4.4456E-03  4.2380E-03  4.0401E-03  3.8516E-03
  3.6718E-03  3.5005E-03  3.3373E-03  3.1817E-03  3.0334E-03  2.8920E-03
  2.7573E-03  2.6288E-03  2.5064E-03  2.3897E-03  2.2785E-03  2.1724E-03
  2.0714E-03  1.9750E-03  1.8832E-03  1.7956E-03  1.7121E-03  1.6325E-03
  1.5567E-03  1.4843E-03  1.4154E-03  1.3497E-03  1.2870E-03  1.2272E-03
  1.1703E-03  1.1159E-03  1.0642E-03  1.0148E-03  9.6771E-04  9.2283E-04
  8.8003E-04  8.3923E-04  8.0032E-04  7.6323E-04  7.2785E-04  6.9413E-04
  6.6196E-04  6.3130E-04  6.0206E-04  5.7417E-04  5.4758E-04  5.2223E-04
  4.9805E-04  4.7500E-04  4.5302E-04  4.3205E-04  4.1206E-04  3.9299E-04
  3.7481E-04  3.5748E-04  3.4094E-04  3.2518E-04  3.1014E-04  2.9580E-04
  2.8213E-04  2.6908E-04  2.5665E-04  2.4479E-04  2.3347E-04  2.2269E-04
  2.1240E-04  2.0259E-04  1.9323E-04
    4    1    1    1  1.5  -9.38490 F T F : KN,in-set,total-set,l,j,E
         201  0.100000001       0.00000000     F  : N,H,R0,cmp
  0.0000E+00  2.7725E-03  1.0675E-02  2.3724E-02  4.1685E-02  6.4243E-02
  9.1006E-02  1.2151E-01  1.5525E-01  1.9163E-01  2.3004E-01  2.6984E-01
  3.1037E-01  3.5096E-01  3.9096E-01  4.2972E-01  4.6665E-01  5.0119E-01
  5.3285E-01  5.6120E-01  5.8588E-01  6.0662E-01  6.2324E-01  6.3563E-01
  6.4380E-01  6.4780E-01  6.4779E-01  6.4398E-01  6.3666E-01  6.2614E-01
  6.1278E-01  5.9697E-01  5.7908E-01  5.5952E-01  5.3864E-01  5.1682E-01
  4.9436E-01  4.7157E-01  4.4870E-01  4.2598E-01  4.0359E-01  3.8169E-01
  3.6041E-01  3.3984E-01  3.2005E-01  3.0108E-01  2.8298E-01  2.6575E-01
  2.4939E-01  2.3390E-01  2.1926E-01  2.0545E-01  1.9243E-01  1.8018E-01
  1.6867E-01  1.5787E-01  1.4772E-01  1.3821E-01  1.2930E-01  1.2095E-01
  1.1314E-01  1.0582E-01  9.8972E-02  9.2566E-02  8.6574E-02  8.0970E-02
  7.5729E-02  7.0828E-02  6.6246E-02  6.1962E-02  5.7956E-02  5.4212E-02
  5.0710E-02  4.7437E-02  4.4376E-02  4.1515E-02  3.8839E-02  3.6337E-02
  3.3998E-02  3.1811E-02  2.9765E-02  2.7852E-02  2.6063E-02  2.4390E-02
  2.2825E-02  2.1361E-02  1.9992E-02  1.8711E-02  1.7513E-02  1.6392E-02
  1.5343E-02  1.4362E-02  1.3444E-02  1.2585E-02  1.1781E-02  1.1029E-02
  1.0326E-02  9.6671E-03  9.0507E-03  8.4739E-03  7.9340E-03  7.4287E-03
  6.9558E-03  6.5131E-03  6.0987E-03  5.7108E-03  5.3478E-03  5.0078E-03
  4.6896E-03  4.3917E-03  4.1128E-03  3.8517E-03  3.6073E-03  3.3784E-03
  3.1641E-03  2.9634E-03  2.7755E-03  2.5996E-03  2.4348E-03  2.2806E-03
  2.1361E-03  2.0008E-03  1.8741E-03  1.7555E-03  1.6444E-03  1.5403E-03
  1.4429E-03  1.3516E-03  1.2662E-03  1.1861E-03  1.1111E-03  1.0409E-03
  9.7511E-04  9.1350E-04  8.5579E-04  8.0173E-04  7.5110E-04  7.0367E-04
  6.5925E-04  6.1763E-04  5.7865E-04  5.4213E-04  5.0793E-04  4.7588E-04
  4.4586E-04  4.1774E-04  3.9140E-04  3.6672E-04  3.4360E-04  3.2194E-04
  3.0164E-04  2.8263E-04  2.6482E-04  2.4813E-04  2.3250E-04  2.1785E-04
  2.0413E-04  1.9127E-04  1.7923E-04  1.6794E-04  1.5737E-04  1.4746E-04
  1.3818E-04  1.2948E-04  1.2133E-04  1.1369E-04  1.0654E-04  9.9836E-05
  9.3555E-05  8.7669E-05  8.2154E-05  7.6986E-05  7.2144E-05  6.7607E-05
  6.3355E-05  5.9371E-05  5.5638E-05  5.2140E-05  4.8862E-05  4.5791E-05
  4.2912E-05  4.0215E-05  3.7688E-05  3.5319E-05  3.3100E-05  3.1020E-05
  2.9071E-05  2.7244E-05  2.5533E-05  2.3929E-05  2.2425E-05  2.1017E-05
  1.9697E-05  1.8460E-05  1.7300E-05  1.6214E-05  1.5196E-05  1.4242E-05
  1.3347E-05  1.2509E-05  1.1724E-05
    5    1    1    0  0.5  -1.85700 F T F : KN,in-set,total-set,l,j,E
         201  0.100000001       0.00000000     F  : N,H,R0,cmp
 -0.0000E+00  5.5332E-02  1.0947E-01  1.6125E-01  2.0957E-01  2.5340E-01
  2.9183E-01  3.2406E-01  3.4943E-01  3.6746E-01  3.7780E-01  3.8029E-01
  3.7496E-01  3.6196E-01  3.4166E-01  3.1453E-01  2.8122E-01  2.4244E-01
  1.9905E-01  1.5194E-01  1.0205E-01  5.0335E-02 -2.2507E-03 -5.4804E-02
 -1.0648E-01 -1.5650E-01 -2.0421E-01 -2.4904E-01 -2.9054E-01 -3.2838E-01
 -3.6235E-01 -3.9233E-01 -4.1831E-01 -4.4036E-01 -4.5863E-01 -4.7331E-01
 -4.8465E-01 -4.9291E-01 -4.9837E-01 -5.0133E-01 -5.0207E-01 -5.0086E-01
 -4.9796E-01 -4.9362E-01 -4.8806E-01 -4.8147E-01 -4.7404E-01 -4.6593E-01
 -4.5727E-01 -4.4819E-01 -4.3880E-01 -4.2917E-01 -4.1940E-01 -4.0955E-01
 -3.9967E-01 -3.8981E-01 -3.8000E-01 -3.7029E-01 -3.6069E-01 -3.5123E-01
 -3.4192E-01 -3.3277E-01 -3.2381E-01 -3.1503E-01 -3.0643E-01 -2.9803E-01
 -2.8983E-01 -2.8183E-01 -2.7402E-01 -2.6640E-01 -2.5898E-01 -2.5176E-01
 -2.4472E-01 -2.3787E-01 -2.3120E-01 -2.2471E-01 -2.1840E-01 -2.1226E-01
 -2.0628E-01 -2.0048E-01 -1.9483E-01 -1.8934E-01 -1.8400E-01 -1.7881E-01
 -1.7376E-01 -1.6886E-01 -1.6409E-01 -1.5946E-01 -1.5495E-01 -1.5058E-01
 -1.4632E-01 -1.4219E-01 -1.3817E-01 -1.3427E-01 -1.3047E-01 -1.2679E-01
 -1.2320E-01 -1.1972E-01 -1.1634E-01 -1.1305E-01 -1.0985E-01 -1.0675E-01
 -1.0373E-01 -1.0080E-01 -9.7946E-02 -9.5177E-02 -9.2486E-02 -8.9871E-02
 -8.7330E-02 -8.4861E-02 -8.2462E-02 -8.0131E-02 -7.7865E-02 -7.5664E-02
 -7.3524E-02 -7.1446E-02 -6.9426E-02 -6.7463E-02 -6.5555E-02 -6.3702E-02
 -6.1901E-02 -6.0150E-02 -5.8450E-02 -5.6797E-02 -5.5191E-02 -5.3631E-02
 -5.2114E-02 -5.0641E-02 -4.9209E-02 -4.7818E-02 -4.6466E-02 -4.5152E-02
 -4.3875E-02 -4.2635E-02 -4.1429E-02 -4.0258E-02 -3.9120E-02 -3.8014E-02
 -3.6939E-02 -3.5894E-02 -3.4880E-02 -3.3893E-02 -3.2935E-02 -3.2004E-02
 -3.1099E-02 -3.0220E-02 -2.9365E-02 -2.8535E-02 -2.7728E-02 -2.6944E-02
 -2.6182E-02 -2.5442E-02 -2.4723E-02 -2.4024E-02 -2.3344E-02 -2.2684E-02
 -2.2043E-02 -2.1420E-02 -2.0814E-02 -2.0226E-02 -1.9654E-02 -1.9098E-02
 -1.8558E-02 -1.8033E-02 -1.7523E-02 -1.7028E-02 -1.6547E-02 -1.6079E-02
 -1.5624E-02 -1.5182E-02 -1.4753E-02 -1.4336E-02 -1.3931E-02 -1.3537E-02
 -1.3154E-02 -1.2782E-02 -1.2421E-02 -1.2069E-02 -1.1728E-02 -1.1397E-02
 -1.1074E-02 -1.0761E-02 -1.0457E-02 -1.0161E-02 -9.8740E-03 -9.5949E-03
 -9.3236E-03 -9.0600E-03 -8.8038E-03 -8.5549E-03 -8.3130E-03 -8.0779E-03
 -7.8496E-03 -7.6276E-03 -7.4119E-03 -7.2024E-03 -6.9987E-03 -6.8009E-03
 -6.6086E-03 -6.4217E-03 -6.2401E-03
    6    1    1    2  2.5  -6.29590 F T F : KN,in-set,total-set,l,j,E
         201  0.100000001       0.00000000     F  : N,H,R0,cmp
  0.0000E+00  1.2242E-04  1.0048E-03  3.3602E-03  7.8640E-03  1.5114E-02
  2.5612E-02  3.9743E-02  5.7767E-02  7.9803E-02  1.0583E-01  1.3568E-01
  1.6904E-01  2.0547E-01  2.4443E-01  2.8525E-01  3.2720E-01  3.6950E-01
  4.1135E-01  4.5192E-01  4.9045E-01  5.2620E-01  5.5853E-01  5.8691E-01
  6.1090E-01  6.3020E-01  6.4464E-01  6.5418E-01  6.5892E-01  6.5903E-01
  6.5483E-01  6.4668E-01  6.3501E-01  6.2028E-01  6.0298E-01  5.8358E-01
  5.6255E-01  5.4032E-01  5.1729E-01  4.9381E-01  4.7020E-01  4.4670E-01
  4.2354E-01  4.0090E-01  3.7891E-01  3.5767E-01  3.3726E-01  3.1773E-01
  2.9910E-01  2.8139E-01  2.6460E-01  2.4871E-01  2.3370E-01  2.1955E-01
  2.0622E-01  1.9368E-01  1.8189E-01  1.7081E-01  1.6042E-01  1.5066E-01
  1.4151E-01  1.3292E-01  1.2487E-01  1.1732E-01  1.1025E-01  1.0361E-01
  9.7389E-02  9.1555E-02  8.6084E-02  8.0953E-02  7.6141E-02  7.1626E-02
  6.7389E-02  6.3413E-02  5.9682E-02  5.6178E-02  5.2889E-02  4.9799E-02
  4.6898E-02  4.4171E-02  4.1609E-02  3.9201E-02  3.6938E-02  3.4810E-02
  3.2809E-02  3.0926E-02  2.9156E-02  2.7490E-02  2.5922E-02  2.4447E-02
  2.3058E-02  2.1750E-02  2.0519E-02  1.9359E-02  1.8267E-02  1.7238E-02
  1.6269E-02  1.5355E-02  1.4494E-02  1.3683E-02  1.2918E-02  1.2197E-02
  1.1517E-02  1.0876E-02  1.0271E-02  9.7011E-03  9.1631E-03  8.6556E-03
  8.1768E-03  7.7249E-03  7.2986E-03  6.8962E-03  6.5164E-03  6.1579E-03
  5.8195E-03  5.5000E-03  5.1984E-03  4.9136E-03  4.6446E-03  4.3906E-03
  4.1507E-03  3.9241E-03  3.7101E-03  3.5079E-03  3.3169E-03  3.1364E-03
  2.9659E-03  2.8048E-03  2.6525E-03  2.5087E-03  2.3727E-03  2.2442E-03
  2.1227E-03  2.0079E-03  1.8994E-03  1.7968E-03  1.6998E-03  1.6081E-03
  1.5214E-03  1.4394E-03  1.3619E-03  1.2886E-03  1.2193E-03  1.1538E-03
  1.0918E-03  1.0332E-03  9.7774E-04  9.2530E-04  8.7570E-04  8.2878E-04
  7.8439E-04  7.4240E-04  7.0268E-04  6.6511E-04  6.2955E-04  5.9592E-04
  5.6409E-04  5.3398E-04  5.0549E-04  4.7853E-04  4.5302E-04  4.2887E-04
  4.0603E-04  3.8441E-04  3.6395E-04  3.4458E-04  3.2625E-04  3.0891E-04
  2.9249E-04  2.7695E-04  2.6224E-04  2.4832E-04  2.3514E-04  2.2266E-04
  2.1085E-04  1.9967E-04  1.8909E-04  1.7907E-04  1.6958E-04  1.6060E-04
  1.5210E-04  1.4405E-04  1.3643E-04  1.2921E-04  1.2238E-04  1.1591E-04
  1.0979E-04  1.0398E-04  9.8492E-05  9.3291E-05  8.8366E-05  8.3702E-05
  7.9285E-05  7.5102E-05  7.1141E-05  6.7390E-05  6.3837E-05  6.0473E-05
  5.7287E-05  5.4269E-05  5.1410E-05
    7    1    1    1  1.5  -1.26200 F T F : KN,in-set,total-set,l,j,E
         201  0.100000001       0.00000000     F  : N,H,R0,cmp
  0.0000E+00  1.6661E-03  6.4228E-03  1.4301E-02  2.5195E-02  3.8961E-02
  5.5423E-02  7.4368E-02  9.5556E-02  1.1872E-01  1.4356E-01  1.6977E-01
  1.9702E-01  2.2497E-01  2.5329E-01  2.8163E-01  3.0965E-01  3.3702E-01
  3.6345E-01  3.8863E-01  4.1231E-01  4.3426E-01  4.5427E-01  4.7219E-01
  4.8791E-01  5.0133E-01  5.1242E-01  5.2118E-01  5.2766E-01  5.3191E-01
  5.3405E-01  5.3421E-01  5.3252E-01  5.2916E-01  5.2430E-01  5.1811E-01
  5.1077E-01  5.0245E-01  4.9331E-01  4.8351E-01  4.7319E-01  4.6247E-01
  4.5147E-01  4.4028E-01  4.2900E-01  4.1770E-01  4.0644E-01  3.9527E-01
  3.8424E-01  3.7338E-01  3.6272E-01  3.5229E-01  3.4209E-01  3.3214E-01
  3.2245E-01  3.1302E-01  3.0386E-01  2.9496E-01  2.8632E-01  2.7795E-01
  2.6983E-01  2.6196E-01  2.5434E-01  2.4695E-01  2.3980E-01  2.3288E-01
  2.2617E-01  2.1968E-01  2.1339E-01  2.0730E-01  2.0141E-01  1.9570E-01
  1.9017E-01  1.8481E-01  1.7962E-01  1.7459E-01  1.6972E-01  1.6500E-01
  1.6043E-01  1.5599E-01  1.5169E-01  1.4752E-01  1.4348E-01  1.3955E-01
  1.3575E-01  1.3206E-01  1.2848E-01  1.2500E-01  1.2163E-01  1.1836E-01
  1.1518E-01  1.1209E-01  1.0910E-01  1.0619E-01  1.0336E-01  1.0062E-01
  9.7953E-02  9.5363E-02  9.2846E-02  9.0401E-02  8.8025E-02  8.5715E-02
  8.3470E-02  8.1288E-02  7.9166E-02  7.7104E-02  7.5098E-02  7.3148E-02
  7.1251E-02  6.9407E-02  6.7613E-02  6.5868E-02  6.4170E-02  6.2519E-02
  6.0912E-02  5.9349E-02  5.7828E-02  5.6347E-02  5.4907E-02  5.3505E-02
  5.2141E-02  5.0813E-02  4.9520E-02  4.8262E-02  4.7037E-02  4.5844E-02
  4.4683E-02  4.3552E-02  4.2452E-02  4.1380E-02  4.0336E-02  3.9320E-02
  3.8330E-02  3.7366E-02  3.6427E-02  3.5513E-02  3.4622E-02  3.3755E-02
  3.2910E-02  3.2086E-02  3.1284E-02  3.0503E-02  2.9742E-02  2.9000E-02
  2.8278E-02  2.7574E-02  2.6888E-02  2.6219E-02  2.5568E-02  2.4933E-02
  2.4315E-02  2.3712E-02  2.3125E-02  2.2552E-02  2.1994E-02  2.1450E-02
  2.0920E-02  2.0404E-02  1.9900E-02  1.9409E-02  1.8931E-02  1.8465E-02
  1.8010E-02  1.7567E-02  1.7135E-02  1.6714E-02  1.6303E-02  1.5903E-02
  1.5512E-02  1.5132E-02  1.4761E-02  1.4399E-02  1.4047E-02  1.3703E-02
  1.3367E-02  1.3040E-02  1.2722E-02  1.2411E-02  1.2108E-02  1.1812E-02
  1.1524E-02  1.1243E-02  1.0969E-02  1.0701E-02  1.0440E-02  1.0186E-02
  9.9382E-03  9.6964E-03  9.4605E-03  9.2305E-03  9.0061E-03  8.7873E-03
  8.5738E-03  8.3657E-03  8.1626E-03  7.9646E-03  7.7714E-03  7.5830E-03
  7.3992E-03  7.2199E-03  7.0450E-03
    8    1    1    1  0.5  -5.70090 F T F : KN,in-set,total-set,l,j,E
         201  0.100000001       0.00000000     F  : N,H,R0,cmp
  0.0000E+00  2.6809E-03  1.0328E-02  2.2957E-02  4.0339E-02  6.2158E-02
  8.8023E-02  1.1747E-01  1.4999E-01  1.8499E-01  2.2188E-01  2.6002E-01
  2.9876E-01  3.3747E-01  3.7551E-01  4.1230E-01  4.4727E-01  4.7992E-01
  5.0982E-01  5.3659E-01  5.5994E-01  5.7966E-01  5.9562E-01  6.0777E-01
  6.1613E-01  6.2081E-01  6.2197E-01  6.1981E-01  6.1460E-01  6.0663E-01
  5.9621E-01  5.8367E-01  5.6932E-01  5.5350E-01  5.3648E-01  5.1857E-01
  5.0002E-01  4.8107E-01  4.6191E-01  4.4273E-01  4.2367E-01  4.0488E-01
  3.8644E-01  3.6845E-01  3.5097E-01  3.3405E-01  3.1772E-01  3.0201E-01
  2.8692E-01  2.7247E-01  2.5866E-01  2.4546E-01  2.3288E-01  2.2090E-01
  2.0950E-01  1.9866E-01  1.8836E-01  1.7858E-01  1.6929E-01  1.6049E-01
  1.5213E-01  1.4421E-01  1.3671E-01  1.2959E-01  1.2285E-01  1.1646E-01
  1.1041E-01  1.0468E-01  9.9243E-02  9.4096E-02  8.9221E-02  8.4602E-02
  8.0226E-02  7.6080E-02  7.2153E-02  6.8431E-02  6.4904E-02  6.1563E-02
  5.8396E-02  5.5395E-02  5.2551E-02  4.9855E-02  4.7300E-02  4.4877E-02
  4.2581E-02  4.0404E-02  3.8340E-02  3.6383E-02  3.4527E-02  3.2768E-02
  3.1099E-02  2.9516E-02  2.8015E-02  2.6591E-02  2.5241E-02  2.3960E-02
  2.2744E-02  2.1592E-02  2.0498E-02  1.9460E-02  1.8475E-02  1.7541E-02
  1.6654E-02  1.5813E-02  1.5015E-02  1.4257E-02  1.3538E-02  1.2855E-02
  1.2207E-02  1.1593E-02  1.1009E-02  1.0455E-02  9.9291E-03  9.4298E-03
  8.9559E-03  8.5059E-03  8.0787E-03  7.6732E-03  7.2881E-03  6.9225E-03
  6.5754E-03  6.2457E-03  5.9327E-03  5.6355E-03  5.3533E-03  5.0853E-03
  4.8308E-03  4.5891E-03  4.3596E-03  4.1416E-03  3.9345E-03  3.7379E-03
  3.5511E-03  3.3738E-03  3.2053E-03  3.0453E-03  2.8933E-03  2.7489E-03
  2.6118E-03  2.4815E-03  2.3578E-03  2.2402E-03  2.1286E-03  2.0225E-03
  1.9218E-03  1.8260E-03  1.7351E-03  1.6487E-03  1.5667E-03  1.4887E-03
  1.4146E-03  1.3442E-03  1.2774E-03  1.2138E-03  1.1535E-03  1.0961E-03
  1.0417E-03  9.8989E-04  9.4071E-04  8.9397E-04  8.4956E-04  8.0737E-04
  7.6728E-04  7.2918E-04  6.9298E-04  6.5859E-04  6.2590E-04  5.9484E-04
  5.6533E-04  5.3729E-04  5.1064E-04  4.8531E-04  4.6125E-04  4.3838E-04
  4.1664E-04  3.9599E-04  3.7636E-04  3.5771E-04  3.3999E-04  3.2314E-04
  3.0713E-04  2.9192E-04  2.7746E-04  2.6372E-04  2.5066E-04  2.3825E-04
  2.2645E-04  2.1524E-04  2.0459E-04  1.9446E-04  1.8484E-04  1.7569E-04
  1.6700E-04  1.5874E-04  1.5088E-04  1.4342E-04  1.3633E-04  1.2959E-04
  1.2318E-04  1.1709E-04  1.1130E-04
    9    1    1    1  1.5  -5.70090 F T F : KN,in-set,total-set,l,j,E
         201  0.100000001       0.00000000     F  : N,H,R0,cmp
  0.0000E+00  2.3849E-03  9.1867E-03  2.0430E-02  3.5932E-02  5.5445E-02
  7.8663E-02  1.0522E-01  1.3471E-01  1.6667E-01  2.0061E-01  2.3601E-01
  2.7234E-01  3.0905E-01  3.4561E-01  3.8147E-01  4.1612E-01  4.4910E-01
  4.7994E-01  5.0828E-01  5.3376E-01  5.5610E-01  5.7511E-01  5.9064E-01
  6.0260E-01  6.1101E-01  6.1591E-01  6.1743E-01  6.1575E-01  6.1107E-01
  6.0367E-01  5.9381E-01  5.8180E-01  5.6795E-01  5.5255E-01  5.3592E-01
  5.1832E-01  5.0003E-01  4.8127E-01  4.6226E-01  4.4319E-01  4.2421E-01
  4.0546E-01  3.8705E-01  3.6907E-01  3.5158E-01  3.3464E-01  3.1829E-01
  3.0256E-01  2.8745E-01  2.7297E-01  2.5913E-01  2.4591E-01  2.3331E-01
  2.2131E-01  2.0989E-01  1.9903E-01  1.8871E-01  1.7892E-01  1.6962E-01
  1.6080E-01  1.5244E-01  1.4451E-01  1.3699E-01  1.2987E-01  1.2312E-01
  1.1672E-01  1.1066E-01  1.0492E-01  9.9478E-02  9.4324E-02  8.9442E-02
  8.4816E-02  8.0433E-02  7.6280E-02  7.2346E-02  6.8618E-02  6.5085E-02
  6.1737E-02  5.8564E-02  5.5557E-02  5.2707E-02  5.0006E-02  4.7445E-02
  4.5017E-02  4.2716E-02  4.0534E-02  3.8465E-02  3.6503E-02  3.4642E-02
  3.2878E-02  3.1205E-02  2.9618E-02  2.8113E-02  2.6685E-02  2.5330E-02
  2.4046E-02  2.2827E-02  2.1670E-02  2.0573E-02  1.9532E-02  1.8544E-02
  1.7607E-02  1.6718E-02  1.5874E-02  1.5072E-02  1.4312E-02  1.3591E-02
  1.2906E-02  1.2256E-02  1.1639E-02  1.1053E-02  1.0497E-02  9.9692E-03
  9.4682E-03  8.9925E-03  8.5409E-03  8.1121E-03  7.7050E-03  7.3185E-03
  6.9515E-03  6.6030E-03  6.2721E-03  5.9579E-03  5.6595E-03  5.3762E-03
  5.1071E-03  4.8516E-03  4.6089E-03  4.3785E-03  4.1596E-03  3.9517E-03
  3.7543E-03  3.5668E-03  3.3887E-03  3.2195E-03  3.0588E-03  2.9062E-03
  2.7612E-03  2.6235E-03  2.4927E-03  2.3684E-03  2.2504E-03  2.1382E-03
  2.0317E-03  1.9305E-03  1.8344E-03  1.7430E-03  1.6563E-03  1.5738E-03
  1.4955E-03  1.4211E-03  1.3504E-03  1.2833E-03  1.2195E-03  1.1589E-03
  1.1012E-03  1.0465E-03  9.9452E-04  9.4511E-04  8.9816E-04  8.5356E-04
  8.1117E-04  7.7090E-04  7.3263E-04  6.9626E-04  6.6171E-04  6.2887E-04
  5.9767E-04  5.6802E-04  5.3985E-04  5.1307E-04  4.8763E-04  4.6345E-04
  4.4048E-04  4.1864E-04  3.9789E-04  3.7817E-04  3.5944E-04  3.4163E-04
  3.2470E-04  3.0862E-04  2.9333E-04  2.7881E-04  2.6500E-04  2.5188E-04
  2.3941E-04  2.2756E-04  2.1629E-04  2.0559E-04  1.9541E-04  1.8574E-04
  1.7655E-04  1.6782E-04  1.5952E-04  1.5163E-04  1.4413E-04  1.3700E-04
  1.3022E-04  1.2378E-04  1.1766E-04
   10    1    1    2  2.5  -1.09200 F T F : KN,in-set,total-set,l,j,E
         201  0.100000001       0.00000000     F  : N,H,R0,cmp
  0.0000E+00  9.0307E-05  7.4160E-04  2.4827E-03  5.8189E-03  1.1205E-02
  1.9030E-02  2.9611E-02  4.3176E-02  5.9862E-02  7.9705E-02  1.0264E-01
  1.2852E-01  1.5707E-01  1.8795E-01  2.2075E-01  2.5496E-01  2.9007E-01
  3.2548E-01  3.6061E-01  3.9488E-01  4.2772E-01  4.5859E-01  4.8704E-01
  5.1264E-01  5.3507E-01  5.5410E-01  5.6957E-01  5.8142E-01  5.8968E-01
  5.9444E-01  5.9589E-01  5.9425E-01  5.8980E-01  5.8283E-01  5.7367E-01
  5.6264E-01  5.5005E-01  5.3622E-01  5.2141E-01  5.0589E-01  4.8989E-01
  4.7361E-01  4.5722E-01  4.4087E-01  4.2468E-01  4.0875E-01  3.9316E-01
  3.7797E-01  3.6321E-01  3.4894E-01  3.3515E-01  3.2188E-01  3.0911E-01
  2.9686E-01  2.8511E-01  2.7385E-01  2.6308E-01  2.5277E-01  2.4292E-01
  2.3350E-01  2.2450E-01  2.1589E-01  2.0768E-01  1.9982E-01  1.9232E-01
  1.8515E-01  1.7829E-01  1.7173E-01  1.6547E-01  1.5947E-01  1.5373E-01
  1.4824E-01  1.4298E-01  1.3794E-01  1.3312E-01  1.2849E-01  1.2406E-01
  1.1981E-01  1.1573E-01  1.1182E-01  1.0806E-01  1.0445E-01  1.0099E-01
  9.7656E-02  9.4454E-02  9.1376E-02  8.8416E-02  8.5568E-02  8.2826E-02
  8.0188E-02  7.7647E-02  7.5199E-02  7.2841E-02  7.0569E-02  6.8378E-02
  6.6266E-02  6.4229E-02  6.2264E-02  6.0368E-02  5.8537E-02  5.6771E-02
  5.5065E-02  5.3417E-02  5.1826E-02  5.0288E-02  4.8802E-02  4.7365E-02
  4.5976E-02  4.4634E-02  4.3335E-02  4.2079E-02  4.0863E-02  3.9687E-02
  3.8549E-02  3.7447E-02  3.6380E-02  3.5347E-02  3.4347E-02  3.3378E-02
  3.2439E-02  3.1530E-02  3.0649E-02  2.9795E-02  2.8967E-02  2.8164E-02
  2.7386E-02  2.6632E-02  2.5900E-02  2.5190E-02  2.4502E-02  2.3834E-02
  2.3186E-02  2.2557E-02  2.1947E-02  2.1355E-02  2.0780E-02  2.0222E-02
  1.9680E-02  1.9154E-02  1.8643E-02  1.8147E-02  1.7665E-02  1.7197E-02
  1.6742E-02  1.6300E-02  1.5871E-02  1.5454E-02  1.5049E-02  1.4655E-02
  1.4272E-02  1.3899E-02  1.3538E-02  1.3186E-02  1.2844E-02  1.2511E-02
  1.2188E-02  1.1874E-02  1.1568E-02  1.1270E-02  1.0981E-02  1.0700E-02
  1.0426E-02  1.0159E-02  9.9004E-03  9.6482E-03  9.4029E-03  9.1642E-03
  8.9318E-03  8.7057E-03  8.4856E-03  8.2714E-03  8.0629E-03  7.8599E-03
  7.6623E-03  7.4700E-03  7.2827E-03  7.1003E-03  6.9228E-03  6.7499E-03
  6.5815E-03  6.4175E-03  6.2578E-03  6.1023E-03  5.9508E-03  5.8033E-03
  5.6595E-03  5.5195E-03  5.3831E-03  5.2503E-03  5.1208E-03  4.9947E-03
  4.8718E-03  4.7521E-03  4.6354E-03  4.5217E-03  4.4110E-03  4.3030E-03
  4.1978E-03  4.0952E-03  3.9953E-03
   11    1    1    2  2.5  -5.53090 F T F : KN,in-set,total-set,l,j,E
         201  0.100000001       0.00000000     F  : N,H,R0,cmp
  0.0000E+00  1.1846E-04  9.7232E-04  3.2521E-03  7.6126E-03  1.4634E-02
  2.4805E-02  3.8505E-02  5.5990E-02  7.7383E-02  1.0267E-01  1.3170E-01
  1.6419E-01  1.9971E-01  2.3775E-01  2.7767E-01  3.1879E-01  3.6034E-01
  4.0154E-01  4.4161E-01  4.7979E-01  5.1538E-01  5.4774E-01  5.7634E-01
  6.0073E-01  6.2062E-01  6.3582E-01  6.4627E-01  6.5203E-01  6.5328E-01
  6.5029E-01  6.4340E-01  6.3300E-01  6.1955E-01  6.0350E-01  5.8532E-01
  5.6544E-01  5.4430E-01  5.2227E-01  4.9971E-01  4.7692E-01  4.5416E-01
  4.3165E-01  4.0957E-01  3.8806E-01  3.6722E-01  3.4714E-01  3.2787E-01
  3.0944E-01  2.9188E-01  2.7518E-01  2.5933E-01  2.4433E-01  2.3015E-01
  2.1676E-01  2.0413E-01  1.9223E-01  1.8102E-01  1.7047E-01  1.6054E-01
  1.5121E-01  1.4243E-01  1.3418E-01  1.2642E-01  1.1913E-01  1.1228E-01
  1.0584E-01  9.9783E-02  9.4090E-02  8.8736E-02  8.3702E-02  7.8966E-02
  7.4511E-02  7.0320E-02  6.6375E-02  6.2661E-02  5.9165E-02  5.5873E-02
  5.2773E-02  4.9852E-02  4.7100E-02  4.4506E-02  4.2061E-02  3.9756E-02
  3.7582E-02  3.5532E-02  3.3598E-02  3.1774E-02  3.0052E-02  2.8427E-02
  2.6893E-02  2.5445E-02  2.4077E-02  2.2785E-02  2.1565E-02  2.0412E-02
  1.9323E-02  1.8294E-02  1.7321E-02  1.6401E-02  1.5532E-02  1.4710E-02
  1.3933E-02  1.3198E-02  1.2502E-02  1.1845E-02  1.1222E-02  1.0634E-02
  1.0076E-02  9.5492E-03  9.0501E-03  8.5777E-03  8.1305E-03  7.7071E-03
  7.3063E-03  6.9267E-03  6.5672E-03  6.2268E-03  5.9043E-03  5.5988E-03
  5.3095E-03  5.0354E-03  4.7756E-03  4.5296E-03  4.2964E-03  4.0754E-03
  3.8659E-03  3.6674E-03  3.4793E-03  3.3009E-03  3.1319E-03  2.9716E-03
  2.8196E-03  2.6756E-03  2.5390E-03  2.4094E-03  2.2866E-03  2.1701E-03
  2.0596E-03  1.9548E-03  1.8554E-03  1.7611E-03  1.6717E-03  1.5869E-03
  1.5064E-03  1.4301E-03  1.3576E-03  1.2889E-03  1.2237E-03  1.1618E-03
  1.1031E-03  1.0474E-03  9.9451E-04  9.4434E-04  8.9671E-04  8.5152E-04
  8.0862E-04  7.6790E-04  7.2925E-04  6.9257E-04  6.5775E-04  6.2469E-04
  5.9331E-04  5.6351E-04  5.3523E-04  5.0838E-04  4.8288E-04  4.5868E-04
  4.3569E-04  4.1387E-04  3.9315E-04  3.7347E-04  3.5479E-04  3.3705E-04
  3.2020E-04  3.0419E-04  2.8900E-04  2.7457E-04  2.6086E-04  2.4784E-04
  2.3548E-04  2.2373E-04  2.1258E-04  2.0199E-04  1.9192E-04  1.8236E-04
  1.7328E-04  1.6466E-04  1.5646E-04  1.4868E-04  1.4129E-04  1.3426E-04
  1.2759E-04  1.2125E-04  1.1523E-04  1.0950E-04  1.0407E-04  9.8901E-05
  9.3993E-05  8.9330E-05  8.4899E-05
   12    1    1    0  0.5  -5.53090 F T F : KN,in-set,total-set,l,j,E
         201  0.100000001       0.00000000     F  : N,H,R0,cmp
 -0.0000E+00  7.1105E-02  1.4046E-01  2.0637E-01  2.6724E-01  3.2159E-01
  3.6813E-01  4.0576E-01  4.3363E-01  4.5111E-01  4.5787E-01  4.5383E-01
  4.3915E-01  4.1430E-01  3.7995E-01  3.3699E-01  2.8652E-01  2.2975E-01
  1.6803E-01  1.0277E-01  3.5380E-02 -3.2722E-02 -1.0020E-01 -1.6580E-01
 -2.2842E-01 -2.8710E-01 -3.4106E-01 -3.8970E-01 -4.3263E-01 -4.6961E-01
 -5.0057E-01 -5.2561E-01 -5.4495E-01 -5.5891E-01 -5.6787E-01 -5.7231E-01
 -5.7269E-01 -5.6951E-01 -5.6326E-01 -5.5441E-01 -5.4340E-01 -5.3064E-01
 -5.1649E-01 -5.0129E-01 -4.8531E-01 -4.6882E-01 -4.5201E-01 -4.3508E-01
 -4.1817E-01 -4.0140E-01 -3.8487E-01 -3.6866E-01 -3.5284E-01 -3.3744E-01
 -3.2251E-01 -3.0807E-01 -2.9413E-01 -2.8070E-01 -2.6779E-01 -2.5539E-01
 -2.4350E-01 -2.3211E-01 -2.2120E-01 -2.1077E-01 -2.0079E-01 -1.9127E-01
 -1.8217E-01 -1.7349E-01 -1.6521E-01 -1.5731E-01 -1.4977E-01 -1.4260E-01
 -1.3575E-01 -1.2923E-01 -1.2302E-01 -1.1711E-01 -1.1147E-01 -1.0611E-01
 -1.0100E-01 -9.6130E-02 -9.1497E-02 -8.7086E-02 -8.2887E-02 -7.8889E-02
 -7.5084E-02 -7.1462E-02 -6.8013E-02 -6.4731E-02 -6.1607E-02 -5.8634E-02
 -5.5803E-02 -5.3110E-02 -5.0546E-02 -4.8105E-02 -4.5783E-02 -4.3572E-02
 -4.1469E-02 -3.9466E-02 -3.7561E-02 -3.5747E-02 -3.4021E-02 -3.2378E-02
 -3.0814E-02 -2.9326E-02 -2.7910E-02 -2.6562E-02 -2.5280E-02 -2.4059E-02
 -2.2897E-02 -2.1791E-02 -2.0739E-02 -1.9737E-02 -1.8784E-02 -1.7877E-02
 -1.7014E-02 -1.6192E-02 -1.5410E-02 -1.4666E-02 -1.3958E-02 -1.3284E-02
 -1.2642E-02 -1.2032E-02 -1.1450E-02 -1.0898E-02 -1.0371E-02 -9.8704E-03
 -9.3937E-03 -8.9400E-03 -8.5083E-03 -8.0974E-03 -7.7063E-03 -7.3342E-03
 -6.9800E-03 -6.6429E-03 -6.3221E-03 -6.0168E-03 -5.7262E-03 -5.4496E-03
 -5.1865E-03 -4.9360E-03 -4.6976E-03 -4.4707E-03 -4.2548E-03 -4.0494E-03
 -3.8538E-03 -3.6677E-03 -3.4906E-03 -3.3220E-03 -3.1616E-03 -3.0089E-03
 -2.8636E-03 -2.7253E-03 -2.5937E-03 -2.4684E-03 -2.3492E-03 -2.2357E-03
 -2.1278E-03 -2.0250E-03 -1.9272E-03 -1.8341E-03 -1.7456E-03 -1.6613E-03
 -1.5810E-03 -1.5047E-03 -1.4320E-03 -1.3629E-03 -1.2970E-03 -1.2344E-03
 -1.1748E-03 -1.1181E-03 -1.0641E-03 -1.0127E-03 -9.6376E-04 -9.1722E-04
 -8.7292E-04 -8.3077E-04 -7.9065E-04 -7.5246E-04 -7.1612E-04 -6.8154E-04
 -6.4862E-04 -6.1730E-04 -5.8749E-04 -5.5912E-04 -5.3211E-04 -5.0642E-04
 -4.8196E-04 -4.5868E-04 -4.3653E-04 -4.1545E-04 -3.9539E-04 -3.7629E-04
 -3.5812E-04 -3.4082E-04 -3.2436E-04 -3.0870E-04 -2.9379E-04 -2.7960E-04
 -2.6610E-04 -2.5325E-04 -2.4102E-04
