0.0000 2.4942
0.50000 2.4867
1.0000 2.4649
1.5000 2.4299
2.0000 2.3835
2.5000 2.3283
3.0000 2.2670
3.5000 2.2026
4.0000 2.1378
4.5000 2.0754
5.0000 2.0173
5.5000 1.9651
6.0000 1.9196
6.5000 1.8807
7.0000 1.8480
7.5000 1.8201
8.0000 1.7956
8.5000 1.7723
9.0000 1.7484
9.5000 1.7218
10.000 1.6909
10.500 1.6544
11.000 1.6115
11.500 1.5620
12.000 1.5061
12.500 1.4448
13.000 1.3792
13.500 1.3108
14.000 1.2413
14.500 1.1725
15.000 1.1057
15.500 1.0424
16.000 0.98353
16.500 0.92963
17.000 0.88088
17.500 0.83707
18.000 0.79768
18.500 0.76192
19.000 0.72887
19.500 0.69755
20.000 0.66707
20.500 0.63667
21.000 0.60583
21.500 0.57426
22.000 0.54197
22.500 0.50922
23.000 0.47649
23.500 0.44441
24.000 0.41371
24.500 0.38512
25.000 0.35928
25.500 0.33673
26.000 0.31779
26.500 0.30257
27.000 0.29098
27.500 0.28268
28.000 0.27718
28.500 0.27385
29.000 0.27197
29.500 0.27085
30.000 0.26982
30.500 0.26833
31.000 0.26598
31.500 0.26252
32.000 0.25789
32.500 0.25220
33.000 0.24571
33.500 0.23876
34.000 0.23177
34.500 0.22516
35.000 0.21931
35.500 0.21452
36.000 0.21099
36.500 0.20878
37.000 0.20781
37.500 0.20787
38.000 0.20867
38.500 0.20981
39.000 0.21087
39.500 0.21143
40.000 0.21112
40.500 0.20963
41.000 0.20675
41.500 0.20242
42.000 0.19666
42.500 0.18964
43.000 0.18162
43.500 0.17291
44.000 0.16391
44.500 0.15500
45.000 0.14653
45.500 0.13881
46.000 0.13207
46.500 0.12646
47.000 0.12200
47.500 0.11864
48.000 0.11624
48.500 0.11457
49.000 0.11339
49.500 0.11241
50.000 0.11137
50.500 0.11003
51.000 0.10822
51.500 0.10581
52.000 0.10277
52.500 0.99125E-01
53.000 0.94988E-01
53.500 0.90514E-01
54.000 0.85897E-01
54.500 0.81355E-01
55.000 0.77101E-01
55.500 0.73326E-01
56.000 0.70184E-01
56.500 0.67778E-01
57.000 0.66151E-01
57.500 0.65289E-01
58.000 0.65115E-01
58.500 0.65508E-01
59.000 0.66307E-01
59.500 0.67328E-01
60.000 0.68382E-01
60.500 0.69289E-01
61.000 0.69892E-01
61.500 0.70069E-01
62.000 0.69741E-01
62.500 0.68876E-01
63.000 0.67491E-01
63.500 0.65644E-01
64.000 0.63429E-01
64.500 0.60965E-01
65.000 0.58386E-01
65.500 0.55828E-01
66.000 0.53416E-01
66.500 0.51257E-01
67.000 0.49430E-01
67.500 0.47983E-01
68.000 0.46926E-01
68.500 0.46240E-01
69.000 0.45874E-01
69.500 0.45754E-01
70.000 0.45788E-01
70.500 0.45879E-01
71.000 0.45928E-01
71.500 0.45847E-01
72.000 0.45562E-01
72.500 0.45020E-01
73.000 0.44190E-01
73.500 0.43068E-01
74.000 0.41672E-01
74.500 0.40040E-01
75.000 0.38229E-01
75.500 0.36304E-01
76.000 0.34338E-01
76.500 0.32403E-01
77.000 0.30565E-01
77.500 0.28881E-01
78.000 0.27394E-01
78.500 0.26133E-01
79.000 0.25108E-01
79.500 0.24317E-01
80.000 0.23739E-01
80.500 0.23344E-01
81.000 0.23094E-01
81.500 0.22943E-01
82.000 0.22845E-01
82.500 0.22754E-01
83.000 0.22630E-01
83.500 0.22438E-01
84.000 0.22154E-01
84.500 0.21760E-01
85.000 0.21252E-01
85.500 0.20633E-01
86.000 0.19915E-01
86.500 0.19116E-01
87.000 0.18263E-01
87.500 0.17382E-01
88.000 0.16503E-01
88.500 0.15654E-01
89.000 0.14861E-01
89.500 0.14146E-01
90.000 0.13525E-01
90.500 0.13009E-01
91.000 0.12601E-01
91.500 0.12298E-01
92.000 0.12092E-01
92.500 0.11970E-01
93.000 0.11912E-01
93.500 0.11897E-01
94.000 0.11904E-01
94.500 0.11911E-01
95.000 0.11896E-01
95.500 0.11842E-01
96.000 0.11736E-01
96.500 0.11567E-01
97.000 0.11333E-01
97.500 0.11035E-01
98.000 0.10680E-01
98.500 0.10278E-01
99.000 0.98453E-02
99.500 0.93983E-02
100.00 0.89560E-02
100.50 0.85371E-02
101.00 0.81589E-02
101.50 0.78363E-02
102.00 0.75806E-02
102.50 0.73988E-02
103.00 0.72933E-02
103.50 0.72615E-02
104.00 0.72963E-02
104.50 0.73867E-02
105.00 0.75181E-02
105.50 0.76741E-02
106.00 0.78367E-02
106.50 0.79886E-02
107.00 0.81133E-02
107.50 0.81970E-02
108.00 0.82290E-02
108.50 0.82028E-02
109.00 0.81158E-02
109.50 0.79702E-02
110.00 0.77723E-02
110.50 0.75319E-02
111.00 0.72622E-02
111.50 0.69783E-02
112.00 0.66962E-02
112.50 0.64322E-02
113.00 0.62012E-02
113.50 0.60162E-02
114.00 0.58871E-02
114.50 0.58201E-02
115.00 0.58175E-02
115.50 0.58771E-02
116.00 0.59927E-02
116.50 0.61541E-02
117.00 0.63481E-02
117.50 0.65589E-02
118.00 0.67694E-02
118.50 0.69623E-02
119.00 0.71210E-02
119.50 0.72310E-02
120.00 0.72808E-02
120.50 0.72627E-02
121.00 0.71734E-02
121.50 0.70146E-02
122.00 0.67927E-02
122.50 0.65187E-02
123.00 0.62075E-02
123.50 0.58768E-02
124.00 0.55462E-02
124.50 0.52358E-02
125.00 0.49646E-02
125.50 0.47492E-02
126.00 0.46024E-02
126.50 0.45327E-02
127.00 0.45427E-02
127.50 0.46294E-02
128.00 0.47841E-02
128.50 0.49930E-02
129.00 0.52380E-02
129.50 0.54983E-02
130.00 0.57516E-02
130.50 0.59763E-02
131.00 0.61529E-02
131.50 0.62658E-02
132.00 0.63046E-02
132.50 0.62652E-02
133.00 0.61502E-02
133.50 0.59685E-02
134.00 0.57354E-02
134.50 0.54707E-02
135.00 0.51977E-02
135.50 0.49408E-02
136.00 0.47238E-02
136.50 0.45675E-02
137.00 0.44883E-02
137.50 0.44959E-02
138.00 0.45932E-02
138.50 0.47754E-02
139.00 0.50304E-02
139.50 0.53398E-02
140.00 0.56802E-02
140.50 0.60258E-02
141.00 0.63501E-02
141.50 0.66285E-02
142.00 0.68410E-02
142.50 0.69733E-02
143.00 0.70191E-02
143.50 0.69801E-02
144.00 0.68665E-02
144.50 0.66958E-02
145.00 0.64915E-02
145.50 0.62807E-02
146.00 0.60916E-02
146.50 0.59509E-02
147.00 0.58810E-02
147.50 0.58974E-02
148.00 0.60076E-02
148.50 0.62093E-02
149.00 0.64912E-02
149.50 0.68330E-02
150.00 0.72080E-02
150.50 0.75847E-02
151.00 0.79306E-02
151.50 0.82153E-02
152.00 0.84136E-02
152.50 0.85084E-02
153.00 0.84932E-02
153.50 0.83732E-02
154.00 0.81654E-02
154.50 0.78977E-02
155.00 0.76069E-02
155.50 0.73357E-02
156.00 0.71283E-02
156.50 0.70267E-02
157.00 0.70664E-02
157.50 0.72721E-02
158.00 0.76550E-02
158.50 0.82106E-02
159.00 0.89180E-02
159.50 0.97413E-02
160.00 0.10631E-01
160.50 0.11530E-01
161.00 0.12374E-01
161.50 0.13102E-01
162.00 0.13660E-01
162.50 0.14006E-01
163.00 0.14115E-01
163.50 0.13982E-01
164.00 0.13627E-01
164.50 0.13089E-01
165.00 0.12427E-01
165.50 0.11719E-01
166.00 0.11051E-01
166.50 0.10511E-01
167.00 0.10186E-01
167.50 0.10147E-01
168.00 0.10451E-01
168.50 0.11125E-01
169.00 0.12171E-01
169.50 0.13557E-01
170.00 0.15224E-01
170.50 0.17084E-01
171.00 0.19028E-01
171.50 0.20933E-01
172.00 0.22671E-01
172.50 0.24117E-01
173.00 0.25161E-01
173.50 0.25715E-01
174.00 0.25723E-01
174.50 0.25163E-01
175.00 0.24052E-01
175.50 0.22447E-01
176.00 0.20439E-01
176.50 0.18148E-01
177.00 0.15718E-01
177.50 0.13305E-01
178.00 0.11066E-01
178.50 0.91485E-02
179.00 0.76790E-02
179.50 0.67559E-02
180.00 0.64412E-02
