0.000 9.156
0.000 0.7071
0.000 0.000
1.000 9.684
-0.7857E-01 0.6189
0.2268 0.2997E-01
2.000 11.10
-0.1265 0.4185
0.3704 0.9788E-01
3.000 12.97
-0.1418 0.2081
0.4254 0.1687
4.000 14.70
-0.1372 0.3534E-01
0.4263 0.2261
5.000 15.73
-0.1233 -0.9595E-01
0.4020 0.2685
6.000 15.68
-0.1056 -0.1959
0.3672 0.2993
7.000 14.46
-0.8653E-01 -0.2754
0.3274 0.3219
8.000 12.24
-0.6666E-01 -0.3434
0.2827 0.3388
9.000 9.446
-0.4617E-01 -0.4066
0.2293 0.3512
10.00 6.555
-0.2575E-01 -0.4695
0.1584 0.3588
11.00 4.023
-0.9527E-02 -0.5316
0.5199E-01 0.3575
12.00 2.158
-0.1647E-01 -0.5678
-0.1239 0.3305
13.00 1.074
-0.1178 -0.4479
-0.3805 0.2261
14.00 0.7048
-0.3756 0.2991E-01
-0.4078 0.3342E-01
15.00 0.8553
-0.4723 0.3216
-0.5601E-02 -0.6446E-03
16.00 1.278
-0.3975 0.2520
0.2614 0.7066E-01
17.00 1.742
-0.3196 0.1306
0.3686 0.1249
18.00 2.081
-0.2623 0.2902E-01
0.4141 0.1550
19.00 2.211
-0.2192 -0.5529E-01
0.4378 0.1695
20.00 2.125
-0.1837 -0.1324
0.4536 0.1737
21.00 1.871
-0.1514 -0.2120
0.4662 0.1705
22.00 1.523
-0.1192 -0.3038
0.4758 0.1616
23.00 1.155
-0.8587E-01 -0.4187
0.4793 0.1483
24.00 0.8270
-0.5282E-01 -0.5673
0.4669 0.1332
25.00 0.5733
-0.2941E-01 -0.7485
0.4197 0.1225
26.00 0.4061
-0.3900E-01 -0.9184
0.3117 0.1276
27.00 0.3188
-0.1084 -0.9674
0.1447 0.1580
28.00 0.2935
-0.2230 -0.8230
-0.1408E-01 0.2008
29.00 0.3073
-0.3284 -0.5761
-0.9982E-01 0.2291
30.00 0.3384
-0.3972 -0.3502
-0.1211 0.2340
31.00 0.3689
-0.4366 -0.1859
-0.1139 0.2215
32.00 0.3870
-0.4600 -0.7429E-01
-0.1017 0.1983
33.00 0.3867
-0.4764 0.1401E-02
-0.9493E-01 0.1676
34.00 0.3678
-0.4901 0.5425E-01
-0.9784E-01 0.1299
35.00 0.3335
-0.5028 0.9318E-01
-0.1127 0.8462E-01
36.00 0.2896
-0.5135 0.1247
-0.1412 0.3032E-01
37.00 0.2426
-0.5190 0.1546
-0.1846 -0.3399E-01
38.00 0.1982
-0.5122 0.1891
-0.2423 -0.1071
39.00 0.1607
-0.4829 0.2346
-0.3094 -0.1827
40.00 0.1324
-0.4201 0.2960
-0.3729 -0.2464
41.00 0.1136
-0.3214 0.3719
-0.4135 -0.2785
42.00 0.1035
-0.2010 0.4511
-0.4158 -0.2660
43.00 0.9983E-01
-0.8452E-01 0.5191
-0.3820 -0.2156
44.00 0.1003
0.8759E-02 0.5671
-0.3291 -0.1479
45.00 0.1026
0.7481E-01 0.5952
-0.2758 -0.8228E-01
46.00 0.1050
0.1197 0.6080
-0.2328 -0.2890E-01
47.00 0.1063
0.1518 0.6093
-0.2039 0.9887E-02
48.00 0.1058
0.1783 0.6013
-0.1890 0.3549E-01
49.00 0.1037
0.2043 0.5842
-0.1859 0.5053E-01
50.00 0.1002
0.2327 0.5569
-0.1923 0.5779E-01
51.00 0.9600E-01
0.2653 0.5175
-0.2048 0.6000E-01
52.00 0.9177E-01
0.3021 0.4646
-0.2197 0.5979E-01
53.00 0.8809E-01
0.3416 0.3988
-0.2327 0.5962E-01
54.00 0.8540E-01
0.3812 0.3228
-0.2395 0.6142E-01
55.00 0.8388E-01
0.4178 0.2423
-0.2376 0.6618E-01
56.00 0.8345E-01
0.4486 0.1642
-0.2262 0.7372E-01
57.00 0.8382E-01
0.4725 0.9436E-01
-0.2070 0.8288E-01
58.00 0.8458E-01
0.4898 0.3634E-01
-0.1829 0.9208E-01
59.00 0.8522E-01
0.5018 -0.8871E-02
-0.1570 0.9985E-01
60.00 0.8530E-01
0.5103 -0.4221E-01
-0.1319 0.1052
61.00 0.8446E-01
0.5168 -0.6557E-01
-0.1092 0.1074
62.00 0.8251E-01
0.5225 -0.8107E-01
-0.9022E-01 0.1065
63.00 0.7936E-01
0.5283 -0.9073E-01
-0.7540E-01 0.1022
64.00 0.7508E-01
0.5346 -0.9630E-01
-0.6514E-01 0.9492E-01
65.00 0.6983E-01
0.5417 -0.9939E-01
-0.5970E-01 0.8475E-01
66.00 0.6384E-01
0.5496 -0.1015
-0.5932E-01 0.7200E-01
67.00 0.5741E-01
0.5582 -0.1043
-0.6430E-01 0.5698E-01
68.00 0.5083E-01
0.5673 -0.1097
-0.7491E-01 0.4018E-01
69.00 0.4440E-01
0.5764 -0.1199
-0.9125E-01 0.2229E-01
70.00 0.3837E-01
0.5850 -0.1374
-0.1130 0.4416E-02
71.00 0.3298E-01
0.5920 -0.1650
-0.1390 -0.1179E-01
72.00 0.2836E-01
0.5963 -0.2047
-0.1666 -0.2409E-01
73.00 0.2458E-01
0.5966 -0.2569
-0.1918 -0.3002E-01
74.00 0.2164E-01
0.5921 -0.3190
-0.2091 -0.2753E-01
75.00 0.1945E-01
0.5827 -0.3854
-0.2134 -0.1610E-01
76.00 0.1791E-01
0.5695 -0.4483
-0.2016 0.2710E-02
77.00 0.1686E-01
0.5544 -0.5005
-0.1738 0.2555E-01
78.00 0.1617E-01
0.5397 -0.5375
-0.1334 0.4846E-01
79.00 0.1570E-01
0.5270 -0.5579
-0.8513E-01 0.6811E-01
80.00 0.1533E-01
0.5174 -0.5633
-0.3377E-01 0.8245E-01
81.00 0.1497E-01
0.5113 -0.5563
0.1697E-01 0.9064E-01
82.00 0.1456E-01
0.5085 -0.5398
0.6451E-01 0.9273E-01
83.00 0.1407E-01
0.5090 -0.5164
0.1072 0.8927E-01
84.00 0.1349E-01
0.5124 -0.4882
0.1441 0.8109E-01
85.00 0.1283E-01
0.5183 -0.4567
0.1744 0.6912E-01
86.00 0.1211E-01
0.5265 -0.4234
0.1976 0.5443E-01
87.00 0.1138E-01
0.5365 -0.3895
0.2133 0.3814E-01
88.00 0.1065E-01
0.5478 -0.3560
0.2213 0.2143E-01
89.00 0.9953E-02
0.5598 -0.3242
0.2215 0.5453E-02
90.00 0.9295E-02
0.5718 -0.2952
0.2144 -0.8797E-02
91.00 0.8678E-02
0.5833 -0.2702
0.2005 -0.2056E-01
92.00 0.8097E-02
0.5937 -0.2498
0.1805 -0.2933E-01
93.00 0.7540E-02
0.6025 -0.2348
0.1554 -0.3484E-01
94.00 0.6999E-02
0.6092 -0.2250
0.1262 -0.3694E-01
95.00 0.6465E-02
0.6131 -0.2201
0.9350E-01 -0.3550E-01
96.00 0.5935E-02
0.6136 -0.2194
0.5810E-01 -0.3032E-01
97.00 0.5410E-02
0.6097 -0.2215
0.2053E-01 -0.2105E-01
98.00 0.4898E-02
0.6005 -0.2252
-0.1873E-01 -0.7142E-02
99.00 0.4407E-02
0.5846 -0.2286
-0.5909E-01 0.1225E-01
100.0 0.3952E-02
0.5605 -0.2301
-0.9961E-01 0.3820E-01
101.0 0.3546E-02
0.5268 -0.2283
-0.1387 0.7174E-01
102.0 0.3199E-02
0.4828 -0.2225
-0.1738 0.1134
103.0 0.2921E-02
0.4293 -0.2128
-0.2016 0.1623
104.0 0.2713E-02
0.3694 -0.2006
-0.2189 0.2160
105.0 0.2570E-02
0.3079 -0.1880
-0.2237 0.2704
106.0 0.2485E-02
0.2503 -0.1773
-0.2162 0.3206
107.0 0.2444E-02
0.2011 -0.1699
-0.1986 0.3633
108.0 0.2433E-02
0.1625 -0.1662
-0.1748 0.3967
109.0 0.2436E-02
0.1345 -0.1654
-0.1485 0.4210
110.0 0.2441E-02
0.1155 -0.1662
-0.1226 0.4376
111.0 0.2437E-02
0.1034 -0.1674
-0.9904E-01 0.4485
112.0 0.2416E-02
0.9625E-01 -0.1682
-0.7871E-01 0.4553
113.0 0.2377E-02
0.9231E-01 -0.1686
-0.6201E-01 0.4592
114.0 0.2321E-02
0.9039E-01 -0.1699
-0.4895E-01 0.4606
115.0 0.2256E-02
0.8961E-01 -0.1746
-0.3934E-01 0.4594
116.0 0.2191E-02
0.8931E-01 -0.1859
-0.3279E-01 0.4548
117.0 0.2137E-02
0.8886E-01 -0.2075
-0.2861E-01 0.4462
118.0 0.2107E-02
0.8761E-01 -0.2411
-0.2578E-01 0.4332
119.0 0.2106E-02
0.8502E-01 -0.2856
-0.2314E-01 0.4166
120.0 0.2136E-02
0.8080E-01 -0.3365
-0.1972E-01 0.3983
121.0 0.2192E-02
0.7510E-01 -0.3869
-0.1515E-01 0.3808
122.0 0.2265E-02
0.6837E-01 -0.4303
-0.9859E-02 0.3662
123.0 0.2338E-02
0.6115E-01 -0.4621
-0.4941E-02 0.3561
124.0 0.2395E-02
0.5382E-01 -0.4802
-0.1849E-02 0.3511
125.0 0.2419E-02
0.4642E-01 -0.4846
-0.2136E-02 0.3512
126.0 0.2399E-02
0.3862E-01 -0.4761
-0.7282E-02 0.3560
127.0 0.2328E-02
0.2968E-01 -0.4559
-0.1861E-01 0.3649
128.0 0.2206E-02
0.1841E-01 -0.4249
-0.3722E-01 0.3767
129.0 0.2039E-02
0.3181E-02 -0.3837
-0.6383E-01 0.3901
130.0 0.1842E-02
-0.1823E-01 -0.3325
-0.9846E-01 0.4023
131.0 0.1629E-02
-0.4859E-01 -0.2713
-0.1398 0.4093
132.0 0.1421E-02
-0.9097E-01 -0.2002
-0.1840 0.4043
133.0 0.1233E-02
-0.1477 -0.1206
-0.2236 0.3787
134.0 0.1081E-02
-0.2180 -0.3603E-01
-0.2469 0.3240
135.0 0.9734E-03
-0.2955 0.4691E-01
-0.2416 0.2377
136.0 0.9132E-03
-0.3675 0.1202
-0.2015 0.1299
137.0 0.8968E-03
-0.4207 0.1781
-0.1343 0.2276E-01
138.0 0.9151E-03
-0.4483 0.2206
-0.5824E-01 -0.6105E-01
139.0 0.9552E-03
-0.4528 0.2520
0.8804E-02 -0.1095
140.0 0.1003E-02
-0.4413 0.2772
0.5683E-01 -0.1227
141.0 0.1044E-02
-0.4205 0.2996
0.8367E-01 -0.1064
142.0 0.1069E-02
-0.3950 0.3208
0.9139E-01 -0.6758E-01
143.0 0.1069E-02
-0.3668 0.3412
0.8342E-01 -0.1186E-01
144.0 0.1045E-02
-0.3361 0.3614
0.6310E-01 0.5635E-01
145.0 0.9976E-03
-0.3019 0.3819
0.3345E-01 0.1327
146.0 0.9343E-03
-0.2633 0.4036
-0.2462E-02 0.2113
147.0 0.8646E-03
-0.2196 0.4283
-0.4068E-01 0.2826
148.0 0.7997E-03
-0.1725 0.4571
-0.7522E-01 0.3319
149.0 0.7511E-03
-0.1280 0.4901
-0.9753E-01 0.3408
150.0 0.7293E-03
-0.9609E-01 0.5239
-0.9820E-01 0.2940
151.0 0.7425E-03
-0.8698E-01 0.5520
-0.7188E-01 0.1921
152.0 0.7957E-03
-0.1044 0.5673
-0.2208E-01 0.5752E-01
153.0 0.8900E-03
-0.1422 0.5666
0.4025E-01 -0.7703E-01
154.0 0.1022E-02
-0.1896 0.5517
0.1037 -0.1870
155.0 0.1183E-02
-0.2369 0.5267
0.1612 -0.2637
156.0 0.1362E-02
-0.2787 0.4956
0.2109 -0.3093
157.0 0.1544E-02
-0.3129 0.4608
0.2534 -0.3302
158.0 0.1713E-02
-0.3396 0.4234
0.2900 -0.3325
159.0 0.1853E-02
-0.3594 0.3835
0.3218 -0.3204
160.0 0.1953E-02
-0.3730 0.3407
0.3495 -0.2960
161.0 0.2004E-02
-0.3811 0.2946
0.3724 -0.2597
162.0 0.2003E-02
-0.3839 0.2449
0.3890 -0.2104
163.0 0.1953E-02
-0.3812 0.1918
0.3962 -0.1454
164.0 0.1865E-02
-0.3724 0.1369
0.3889 -0.6165E-01
165.0 0.1757E-02
-0.3562 0.8489E-01
0.3601 0.4332E-01
166.0 0.1650E-02
-0.3313 0.4451E-01
0.3021 0.1679
167.0 0.1572E-02
-0.2971 0.2952E-01
0.2102 0.3015
168.0 0.1548E-02
-0.2549 0.5453E-01
0.9001E-01 0.4210
169.0 0.1602E-02
-0.2095 0.1250
-0.3796E-01 0.4966
170.0 0.1752E-02
-0.1675 0.2291
-0.1452 0.5098
171.0 0.2008E-02
-0.1334 0.3428
-0.2125 0.4664
172.0 0.2367E-02
-0.1077 0.4449
-0.2384 0.3894
173.0 0.2814E-02
-0.8859E-01 0.5260
-0.2335 0.3023
174.0 0.3322E-02
-0.7339E-01 0.5856
-0.2102 0.2203
175.0 0.3856E-02
-0.6021E-01 0.6275
-0.1779 0.1502
176.0 0.4373E-02
-0.4790E-01 0.6561
-0.1422 0.9420E-01
177.0 0.4832E-02
-0.3589E-01 0.6750
-0.1058 0.5202E-01
178.0 0.5192E-02
-0.2394E-01 0.6868
-0.6992E-01 0.2279E-01
179.0 0.5422E-02
-0.1198E-01 0.6933
-0.3473E-01 0.5647E-02
180.0 0.5501E-02
0.000 0.6953
0.000 0.000
