0.000 2.845
0.000 -0.8804E-01
0.000 0.000
1.000 2.826
-0.3698E-01 -0.8943E-01
-0.2611E-02 0.1369E-02
2.000 2.768
-0.7049E-01 -0.9366E-01
-0.4177E-02 0.5138E-02
3.000 2.678
-0.9750E-01 -0.1008
-0.3771E-02 0.1028E-01
4.000 2.562
-0.1156 -0.1109
-0.6848E-03 0.1501E-01
5.000 2.433
-0.1230 -0.1239
0.5466E-02 0.1690E-01
6.000 2.305
-0.1180 -0.1395
0.1457E-01 0.1325E-01
7.000 2.191
-0.9966E-01 -0.1574
0.2580E-01 0.1939E-02
8.000 2.100
-0.6763E-01 -0.1771
0.3742E-01 -0.1741E-01
9.000 2.034
-0.2339E-01 -0.1981
0.4698E-01 -0.4281E-01
10.00 1.986
0.2976E-01 -0.2199
0.5177E-01 -0.7050E-01
11.00 1.947
0.8712E-01 -0.2417
0.4943E-01 -0.9637E-01
12.00 1.906
0.1434 -0.2623
0.3833E-01 -0.1174
13.00 1.851
0.1933 -0.2806
0.1777E-01 -0.1323
14.00 1.777
0.2321 -0.2953
-0.1206E-01 -0.1413
15.00 1.682
0.2555 -0.3059
-0.5002E-01 -0.1453
16.00 1.565
0.2605 -0.3130
-0.9413E-01 -0.1461
17.00 1.432
0.2451 -0.3180
-0.1416 -0.1453
18.00 1.287
0.2084 -0.3236
-0.1892 -0.1444
19.00 1.139
0.1510 -0.3326
-0.2330 -0.1446
20.00 0.9950
0.7502E-01 -0.3479
-0.2688 -0.1468
21.00 0.8611
-0.1552E-01 -0.3713
-0.2921 -0.1515
22.00 0.7429
-0.1138 -0.4030
-0.2984 -0.1584
23.00 0.6432
-0.2101 -0.4408
-0.2845 -0.1669
24.00 0.5629
-0.2923 -0.4809
-0.2495 -0.1756
25.00 0.5009
-0.3484 -0.5182
-0.1960 -0.1832
26.00 0.4552
-0.3703 -0.5485
-0.1306 -0.1887
27.00 0.4230
-0.3564 -0.5693
-0.6205E-01 -0.1916
28.00 0.4013
-0.3132 -0.5809
0.4616E-03 -0.1922
29.00 0.3872
-0.2524 -0.5856
0.5015E-01 -0.1908
30.00 0.3775
-0.1877 -0.5870
0.8378E-01 -0.1877
31.00 0.3694
-0.1303 -0.5884
0.1014 -0.1828
32.00 0.3606
-0.8787E-01 -0.5925
0.1050 -0.1758
33.00 0.3494
-0.6418E-01 -0.6009
0.9741E-01 -0.1666
34.00 0.3353
-0.5999E-01 -0.6145
0.8117E-01 -0.1551
35.00 0.3180
-0.7411E-01 -0.6334
0.5827E-01 -0.1419
36.00 0.2983
-0.1040 -0.6571
0.3008E-01 -0.1273
37.00 0.2768
-0.1463 -0.6846
-0.2534E-02 -0.1120
38.00 0.2546
-0.1970 -0.7146
-0.3911E-01 -0.9701E-01
39.00 0.2325
-0.2514 -0.7450
-0.7937E-01 -0.8320E-01
40.00 0.2115
-0.3049 -0.7731
-0.1230 -0.7199E-01
41.00 0.1924
-0.3523 -0.7953
-0.1693 -0.6514E-01
42.00 0.1760
-0.3891 -0.8073
-0.2166 -0.6477E-01
43.00 0.1627
-0.4119 -0.8052
-0.2622 -0.7268E-01
44.00 0.1527
-0.4197 -0.7874
-0.3023 -0.8943E-01
45.00 0.1458
-0.4152 -0.7555
-0.3334 -0.1137
46.00 0.1412
-0.4034 -0.7146
-0.3533 -0.1423
47.00 0.1381
-0.3902 -0.6715
-0.3620 -0.1714
48.00 0.1357
-0.3803 -0.6322
-0.3607 -0.1980
49.00 0.1331
-0.3762 -0.6010
-0.3514 -0.2200
50.00 0.1298
-0.3780 -0.5796
-0.3361 -0.2367
51.00 0.1258
-0.3845 -0.5683
-0.3164 -0.2482
52.00 0.1209
-0.3934 -0.5667
-0.2933 -0.2550
53.00 0.1155
-0.4019 -0.5734
-0.2678 -0.2578
54.00 0.1098
-0.4075 -0.5871
-0.2406 -0.2574
55.00 0.1040
-0.4077 -0.6066
-0.2125 -0.2545
56.00 0.9836E-01
-0.4011 -0.6304
-0.1846 -0.2498
57.00 0.9291E-01
-0.3871 -0.6573
-0.1579 -0.2439
58.00 0.8779E-01
-0.3663 -0.6860
-0.1335 -0.2373
59.00 0.8300E-01
-0.3406 -0.7154
-0.1126 -0.2303
60.00 0.7854E-01
-0.3125 -0.7447
-0.9561E-01 -0.2233
61.00 0.7436E-01
-0.2848 -0.7730
-0.8260E-01 -0.2162
62.00 0.7042E-01
-0.2598 -0.7999
-0.7299E-01 -0.2090
63.00 0.6665E-01
-0.2391 -0.8254
-0.6574E-01 -0.2017
64.00 0.6304E-01
-0.2228 -0.8496
-0.5966E-01 -0.1941
65.00 0.5957E-01
-0.2104 -0.8723
-0.5368E-01 -0.1863
66.00 0.5625E-01
-0.2009 -0.8935
-0.4702E-01 -0.1783
67.00 0.5310E-01
-0.1935 -0.9130
-0.3923E-01 -0.1703
68.00 0.5012E-01
-0.1876 -0.9303
-0.3004E-01 -0.1624
69.00 0.4730E-01
-0.1834 -0.9452
-0.1924E-01 -0.1546
70.00 0.4461E-01
-0.1810 -0.9571
-0.6573E-02 -0.1472
71.00 0.4206E-01
-0.1807 -0.9657
0.8250E-02 -0.1402
72.00 0.3963E-01
-0.1823 -0.9705
0.2538E-01 -0.1339
73.00 0.3732E-01
-0.1850 -0.9712
0.4466E-01 -0.1283
74.00 0.3514E-01
-0.1884 -0.9677
0.6560E-01 -0.1235
75.00 0.3306E-01
-0.1921 -0.9603
0.8742E-01 -0.1195
76.00 0.3109E-01
-0.1959 -0.9499
0.1094 -0.1162
77.00 0.2921E-01
-0.2005 -0.9373
0.1310 -0.1133
78.00 0.2741E-01
-0.2063 -0.9238
0.1524 -0.1107
79.00 0.2569E-01
-0.2133 -0.9103
0.1738 -0.1084
80.00 0.2405E-01
-0.2212 -0.8974
0.1958 -0.1066
81.00 0.2251E-01
-0.2285 -0.8854
0.2189 -0.1055
82.00 0.2107E-01
-0.2336 -0.8742
0.2428 -0.1052
83.00 0.1974E-01
-0.2350 -0.8636
0.2671 -0.1058
84.00 0.1849E-01
-0.2317 -0.8530
0.2907 -0.1068
85.00 0.1732E-01
-0.2238 -0.8423
0.3128 -0.1080
86.00 0.1619E-01
-0.2121 -0.8311
0.3325 -0.1089
87.00 0.1507E-01
-0.1978 -0.8191
0.3497 -0.1088
88.00 0.1396E-01
-0.1822 -0.8064
0.3642 -0.1073
89.00 0.1284E-01
-0.1665 -0.7926
0.3765 -0.1040
90.00 0.1172E-01
-0.1513 -0.7777
0.3867 -0.9837E-01
91.00 0.1062E-01
-0.1370 -0.7614
0.3950 -0.9004E-01
92.00 0.9564E-02
-0.1239 -0.7440
0.4015 -0.7858E-01
93.00 0.8566E-02
-0.1120 -0.7260
0.4066 -0.6369E-01
94.00 0.7648E-02
-0.1014 -0.7079
0.4106 -0.4540E-01
95.00 0.6824E-02
-0.9166E-01 -0.6907
0.4142 -0.2434E-01
96.00 0.6108E-02
-0.8158E-01 -0.6755
0.4183 -0.1968E-02
97.00 0.5505E-02
-0.6915E-01 -0.6635
0.4236 0.1940E-01
98.00 0.5015E-02
-0.5169E-01 -0.6558
0.4305 0.3691E-01
99.00 0.4631E-02
-0.2661E-01 -0.6530
0.4381 0.4791E-01
100.0 0.4340E-02
0.7423E-02 -0.6549
0.4449 0.5084E-01
101.0 0.4121E-02
0.4974E-01 -0.6605
0.4482 0.4584E-01
102.0 0.3953E-02
0.9759E-01 -0.6683
0.4454 0.3467E-01
103.0 0.3810E-02
0.1470 -0.6767
0.4350 0.2009E-01
104.0 0.3669E-02
0.1936 -0.6843
0.4159 0.4910E-02
105.0 0.3511E-02
0.2339 -0.6897
0.3881 -0.8672E-02
106.0 0.3326E-02
0.2651 -0.6916
0.3521 -0.1943E-01
107.0 0.3110E-02
0.2851 -0.6883
0.3081 -0.2709E-01
108.0 0.2869E-02
0.2926 -0.6772
0.2566 -0.3223E-01
109.0 0.2617E-02
0.2858 -0.6559
0.1979 -0.3612E-01
110.0 0.2371E-02
0.2628 -0.6214
0.1332 -0.4067E-01
111.0 0.2150E-02
0.2216 -0.5719
0.6517E-01 -0.4830E-01
112.0 0.1974E-02
0.1613 -0.5080
-0.6581E-03 -0.6148E-01
113.0 0.1853E-02
0.8447E-01 -0.4349
-0.5629E-01 -0.8175E-01
114.0 0.1795E-02
-0.1861E-02 -0.3622
-0.9363E-01 -0.1086
115.0 0.1797E-02
-0.8747E-01 -0.3009
-0.1087 -0.1393
116.0 0.1849E-02
-0.1636 -0.2578
-0.1040 -0.1700
117.0 0.1936E-02
-0.2261 -0.2338
-0.8698E-01 -0.1975
118.0 0.2040E-02
-0.2759 -0.2247
-0.6602E-01 -0.2201
119.0 0.2143E-02
-0.3164 -0.2248
-0.4801E-01 -0.2376
120.0 0.2232E-02
-0.3520 -0.2289
-0.3728E-01 -0.2503
121.0 0.2296E-02
-0.3863 -0.2332
-0.3583E-01 -0.2593
122.0 0.2331E-02
-0.4219 -0.2349
-0.4380E-01 -0.2657
123.0 0.2340E-02
-0.4595 -0.2325
-0.5971E-01 -0.2710
124.0 0.2331E-02
-0.4981 -0.2251
-0.8070E-01 -0.2770
125.0 0.2316E-02
-0.5348 -0.2129
-0.1027 -0.2852
126.0 0.2307E-02
-0.5653 -0.1972
-0.1209 -0.2970
127.0 0.2312E-02
-0.5856 -0.1802
-0.1311 -0.3125
128.0 0.2338E-02
-0.5928 -0.1646
-0.1305 -0.3311
129.0 0.2384E-02
-0.5861 -0.1522
-0.1187 -0.3510
130.0 0.2445E-02
-0.5670 -0.1440
-0.9776E-01 -0.3703
131.0 0.2510E-02
-0.5378 -0.1399
-0.7092E-01 -0.3875
132.0 0.2569E-02
-0.5017 -0.1391
-0.4182E-01 -0.4016
133.0 0.2610E-02
-0.4611 -0.1409
-0.1370E-01 -0.4127
134.0 0.2624E-02
-0.4187 -0.1442
0.1082E-01 -0.4208
135.0 0.2608E-02
-0.3770 -0.1481
0.2962E-01 -0.4265
136.0 0.2566E-02
-0.3387 -0.1515
0.4098E-01 -0.4304
137.0 0.2502E-02
-0.3078 -0.1529
0.4354E-01 -0.4333
138.0 0.2429E-02
-0.2885 -0.1507
0.3653E-01 -0.4360
139.0 0.2355E-02
-0.2853 -0.1431
0.2011E-01 -0.4394
140.0 0.2292E-02
-0.3014 -0.1281
-0.4314E-02 -0.4445
141.0 0.2250E-02
-0.3372 -0.1046
-0.3401E-01 -0.4515
142.0 0.2234E-02
-0.3889 -0.7264E-01
-0.6528E-01 -0.4603
143.0 0.2245E-02
-0.4494 -0.3407E-01
-0.9434E-01 -0.4699
144.0 0.2284E-02
-0.5098 0.7864E-02
-0.1183 -0.4787
145.0 0.2345E-02
-0.5620 0.4949E-01
-0.1354 -0.4852
146.0 0.2422E-02
-0.6002 0.8761E-01
-0.1456 -0.4881
147.0 0.2511E-02
-0.6213 0.1200
-0.1491 -0.4865
148.0 0.2606E-02
-0.6249 0.1453
-0.1465 -0.4802
149.0 0.2704E-02
-0.6125 0.1629
-0.1385 -0.4694
150.0 0.2805E-02
-0.5872 0.1725
-0.1251 -0.4545
151.0 0.2909E-02
-0.5527 0.1743
-0.1068 -0.4363
152.0 0.3019E-02
-0.5134 0.1683
-0.8388E-01 -0.4155
153.0 0.3140E-02
-0.4735 0.1550
-0.5717E-01 -0.3933
154.0 0.3275E-02
-0.4369 0.1346
-0.2797E-01 -0.3707
155.0 0.3427E-02
-0.4065 0.1075
0.2093E-02 -0.3487
156.0 0.3596E-02
-0.3839 0.7416E-01
0.3137E-01 -0.3282
157.0 0.3780E-02
-0.3690 0.3494E-01
0.5854E-01 -0.3094
158.0 0.3973E-02
-0.3604 -0.9500E-02
0.8275E-01 -0.2924
159.0 0.4171E-02
-0.3553 -0.5830E-01
0.1037 -0.2768
160.0 0.4364E-02
-0.3508 -0.1104
0.1214 -0.2620
161.0 0.4544E-02
-0.3439 -0.1648
0.1362 -0.2477
162.0 0.4702E-02
-0.3327 -0.2201
0.1484 -0.2334
163.0 0.4831E-02
-0.3159 -0.2750
0.1581 -0.2188
164.0 0.4924E-02
-0.2933 -0.3279
0.1653 -0.2039
165.0 0.4980E-02
-0.2654 -0.3774
0.1698 -0.1889
166.0 0.4998E-02
-0.2334 -0.4219
0.1710 -0.1737
167.0 0.4981E-02
-0.1988 -0.4602
0.1686 -0.1586
168.0 0.4931E-02
-0.1637 -0.4912
0.1622 -0.1435
169.0 0.4853E-02
-0.1300 -0.5144
0.1518 -0.1286
170.0 0.4752E-02
-0.9928E-01 -0.5290
0.1375 -0.1137
171.0 0.4635E-02
-0.7292E-01 -0.5349
0.1200 -0.9894E-01
172.0 0.4507E-02
-0.5158E-01 -0.5326
0.1002 -0.8416E-01
173.0 0.4372E-02
-0.3534E-01 -0.5233
0.7951E-01 -0.6943E-01
174.0 0.4235E-02
-0.2380E-01 -0.5085
0.5935E-01 -0.5485E-01
175.0 0.4101E-02
-0.1615E-01 -0.4903
0.4113E-01 -0.4073E-01
176.0 0.3978E-02
-0.1132E-01 -0.4705
0.2600E-01 -0.2763E-01
177.0 0.3873E-02
-0.8138E-02 -0.4516
0.1464E-01 -0.1628E-01
178.0 0.3794E-02
-0.5548E-02 -0.4356
0.7097E-02 -0.7481E-02
179.0 0.3745E-02
-0.2885E-02 -0.4249
0.2670E-02 -0.1907E-02
180.0 0.3728E-02
0.000 -0.4211
0.000 0.000
