0.000 1.478
0.000 -0.3174E-01
0.000 0.000
1.000 1.466
-0.8262E-01 -0.2927E-01
-0.2460E-01 -0.1225E-02
2.000 1.433
-0.1611 -0.2153E-01
-0.5041E-01 -0.5032E-02
3.000 1.389
-0.2298 -0.7703E-02
-0.7810E-01 -0.1172E-01
4.000 1.347
-0.2810 0.1308E-01
-0.1072 -0.2147E-01
5.000 1.322
-0.3068 0.4083E-01
-0.1356 -0.3388E-01
6.000 1.323
-0.3027 0.7392E-01
-0.1603 -0.4772E-01
7.000 1.358
-0.2717 0.1091
-0.1788 -0.6108E-01
8.000 1.426
-0.2240 0.1426
-0.1899 -0.7220E-01
9.000 1.522
-0.1722 0.1718
-0.1948 -0.8016E-01
10.00 1.635
-0.1260 0.1957
-0.1954 -0.8504E-01
11.00 1.755
-0.9025E-01 0.2147
-0.1935 -0.8756E-01
12.00 1.870
-0.6559E-01 0.2298
-0.1903 -0.8860E-01
13.00 1.970
-0.5015E-01 0.2420
-0.1862 -0.8894E-01
14.00 2.043
-0.4100E-01 0.2526
-0.1811 -0.8914E-01
15.00 2.079
-0.3515E-01 0.2622
-0.1748 -0.8951E-01
16.00 2.069
-0.2997E-01 0.2718
-0.1671 -0.9021E-01
17.00 2.008
-0.2341E-01 0.2818
-0.1576 -0.9124E-01
18.00 1.899
-0.1388E-01 0.2926
-0.1460 -0.9254E-01
19.00 1.747
-0.2111E-03 0.3047
-0.1321 -0.9399E-01
20.00 1.564
0.1847E-01 0.3180
-0.1154 -0.9535E-01
21.00 1.365
0.4271E-01 0.3326
-0.9555E-01 -0.9622E-01
22.00 1.164
0.7265E-01 0.3481
-0.7224E-01 -0.9597E-01
23.00 0.9737
0.1079 0.3639
-0.4537E-01 -0.9358E-01
24.00 0.8025
0.1470 0.3790
-0.1525E-01 -0.8764E-01
25.00 0.6551
0.1878 0.3915
0.1712E-01 -0.7624E-01
26.00 0.5332
0.2265 0.3993
0.4974E-01 -0.5724E-01
27.00 0.4361
0.2575 0.3994
0.7932E-01 -0.2876E-01
28.00 0.3618
0.2747 0.3887
0.1013 0.9849E-02
29.00 0.3075
0.2720 0.3652
0.1108 0.5666E-01
30.00 0.2704
0.2473 0.3296
0.1043 0.1064
31.00 0.2472
0.2048 0.2866
0.8192E-01 0.1512
32.00 0.2347
0.1548 0.2439
0.4866E-01 0.1844
33.00 0.2296
0.1095 0.2085
0.1172E-01 0.2029
34.00 0.2287
0.7754E-01 0.1847
-0.2253E-01 0.2079
35.00 0.2291
0.6230E-01 0.1729
-0.5054E-01 0.2033
36.00 0.2285
0.6279E-01 0.1710
-0.7136E-01 0.1926
37.00 0.2257
0.7582E-01 0.1760
-0.8552E-01 0.1788
38.00 0.2202
0.9741E-01 0.1845
-0.9404E-01 0.1633
39.00 0.2122
0.1236 0.1934
-0.9791E-01 0.1471
40.00 0.2026
0.1507 0.1999
-0.9787E-01 0.1307
41.00 0.1918
0.1758 0.2020
-0.9445E-01 0.1149
42.00 0.1805
0.1971 0.1987
-0.8812E-01 0.1006
43.00 0.1689
0.2138 0.1897
-0.7932E-01 0.8868E-01
44.00 0.1572
0.2260 0.1757
-0.6858E-01 0.8012E-01
45.00 0.1455
0.2342 0.1574
-0.5649E-01 0.7538E-01
46.00 0.1339
0.2389 0.1356
-0.4369E-01 0.7456E-01
47.00 0.1227
0.2405 0.1108
-0.3087E-01 0.7736E-01
48.00 0.1119
0.2391 0.8387E-01
-0.1867E-01 0.8316E-01
49.00 0.1020
0.2348 0.5557E-01
-0.7609E-02 0.9115E-01
50.00 0.9285E-01
0.2278 0.2717E-01
0.1942E-02 0.1005
51.00 0.8460E-01
0.2188 0.4967E-04
0.9853E-02 0.1104
52.00 0.7716E-01
0.2086 -0.2460E-01
0.1621E-01 0.1202
53.00 0.7046E-01
0.1980 -0.4610E-01
0.2122E-01 0.1294
54.00 0.6442E-01
0.1874 -0.6446E-01
0.2518E-01 0.1376
55.00 0.5898E-01
0.1772 -0.8016E-01
0.2836E-01 0.1445
56.00 0.5409E-01
0.1674 -0.9392E-01
0.3099E-01 0.1500
57.00 0.4969E-01
0.1584 -0.1063
0.3333E-01 0.1543
58.00 0.4568E-01
0.1510 -0.1175
0.3562E-01 0.1579
59.00 0.4198E-01
0.1462 -0.1274
0.3813E-01 0.1616
60.00 0.3850E-01
0.1451 -0.1355
0.4113E-01 0.1661
61.00 0.3519E-01
0.1485 -0.1415
0.4482E-01 0.1720
62.00 0.3204E-01
0.1566 -0.1450
0.4929E-01 0.1794
63.00 0.2907E-01
0.1690 -0.1460
0.5456E-01 0.1878
64.00 0.2630E-01
0.1844 -0.1448
0.6050E-01 0.1967
65.00 0.2377E-01
0.2013 -0.1415
0.6687E-01 0.2051
66.00 0.2151E-01
0.2178 -0.1365
0.7337E-01 0.2122
67.00 0.1950E-01
0.2322 -0.1299
0.7967E-01 0.2173
68.00 0.1773E-01
0.2432 -0.1219
0.8556E-01 0.2201
69.00 0.1617E-01
0.2500 -0.1128
0.9097E-01 0.2206
70.00 0.1478E-01
0.2525 -0.1031
0.9600E-01 0.2189
71.00 0.1354E-01
0.2510 -0.9333E-01
0.1009 0.2153
72.00 0.1241E-01
0.2461 -0.8394E-01
0.1057 0.2098
73.00 0.1140E-01
0.2385 -0.7524E-01
0.1103 0.2025
74.00 0.1048E-01
0.2289 -0.6725E-01
0.1145 0.1934
75.00 0.9660E-02
0.2178 -0.5981E-01
0.1179 0.1827
76.00 0.8914E-02
0.2060 -0.5258E-01
0.1200 0.1711
77.00 0.8232E-02
0.1942 -0.4517E-01
0.1208 0.1593
78.00 0.7595E-02
0.1832 -0.3710E-01
0.1205 0.1480
79.00 0.6989E-02
0.1733 -0.2787E-01
0.1193 0.1378
80.00 0.6401E-02
0.1649 -0.1697E-01
0.1175 0.1291
81.00 0.5825E-02
0.1578 -0.3903E-02
0.1152 0.1223
82.00 0.5258E-02
0.1512 0.1179E-01
0.1124 0.1174
83.00 0.4706E-02
0.1438 0.3056E-01
0.1087 0.1145
84.00 0.4177E-02
0.1335 0.5273E-01
0.1036 0.1131
85.00 0.3681E-02
0.1182 0.7848E-01
0.9636E-01 0.1126
86.00 0.3225E-02
0.9549E-01 0.1076
0.8673E-01 0.1123
87.00 0.2815E-02
0.6370E-01 0.1395
0.7468E-01 0.1109
88.00 0.2455E-02
0.2206E-01 0.1733
0.6065E-01 0.1072
89.00 0.2150E-02
-0.2888E-01 0.2074
0.4553E-01 0.9968E-01
90.00 0.1902E-02
-0.8680E-01 0.2399
0.3056E-01 0.8722E-01
91.00 0.1712E-02
-0.1475 0.2686
0.1717E-01 0.6945E-01
92.00 0.1578E-02
-0.2052 0.2913
0.6641E-02 0.4748E-01
93.00 0.1494E-02
-0.2544 0.3067
-0.2905E-03 0.2374E-01
94.00 0.1448E-02
-0.2916 0.3148
-0.3694E-02 0.9821E-03
95.00 0.1432E-02
-0.3156 0.3166
-0.4297E-02 -0.1884E-01
96.00 0.1435E-02
-0.3279 0.3138
-0.3123E-02 -0.3503E-01
97.00 0.1445E-02
-0.3306 0.3077
-0.1125E-02 -0.4789E-01
98.00 0.1454E-02
-0.3265 0.2992
0.1033E-02 -0.5828E-01
99.00 0.1454E-02
-0.3175 0.2887
0.3010E-02 -0.6725E-01
100.0 0.1441E-02
-0.3047 0.2760
0.4698E-02 -0.7581E-01
101.0 0.1416E-02
-0.2886 0.2611
0.6078E-02 -0.8491E-01
102.0 0.1380E-02
-0.2696 0.2436
0.7113E-02 -0.9525E-01
103.0 0.1337E-02
-0.2475 0.2241
0.7709E-02 -0.1072
104.0 0.1290E-02
-0.2224 0.2033
0.7748E-02 -0.1204
105.0 0.1239E-02
-0.1940 0.1823
0.7145E-02 -0.1340
106.0 0.1187E-02
-0.1621 0.1626
0.5874E-02 -0.1464
107.0 0.1136E-02
-0.1268 0.1459
0.3944E-02 -0.1555
108.0 0.1087E-02
-0.8974E-01 0.1342
0.1374E-02 -0.1591
109.0 0.1042E-02
-0.5354E-01 0.1287
-0.1808E-02 -0.1558
110.0 0.1001E-02
-0.2160E-01 0.1303
-0.5524E-02 -0.1452
111.0 0.9627E-03
0.3063E-02 0.1383
-0.9565E-02 -0.1287
112.0 0.9265E-03
0.1879E-01 0.1512
-0.1352E-01 -0.1083
113.0 0.8911E-03
0.2561E-01 0.1668
-0.1676E-01 -0.8649E-01
114.0 0.8555E-03
0.2515E-01 0.1827
-0.1845E-01 -0.6551E-01
115.0 0.8184E-03
0.2024E-01 0.1969
-0.1764E-01 -0.4664E-01
116.0 0.7790E-03
0.1432E-01 0.2079
-0.1342E-01 -0.3042E-01
117.0 0.7382E-03
0.1086E-01 0.2150
-0.5079E-02 -0.1708E-01
118.0 0.6985E-03
0.1297E-01 0.2179
0.7555E-02 -0.7036E-02
119.0 0.6631E-03
0.2289E-01 0.2168
0.2378E-01 -0.1175E-02
120.0 0.6350E-03
0.4160E-01 0.2121
0.4189E-01 -0.4604E-03
121.0 0.6152E-03
0.6851E-01 0.2048
0.5956E-01 -0.5264E-02
122.0 0.6027E-03
0.1016 0.1960
0.7461E-01 -0.1486E-01
123.0 0.5958E-03
0.1376 0.1872
0.8562E-01 -0.2748E-01
124.0 0.5922E-03
0.1728 0.1803
0.9183E-01 -0.4069E-01
125.0 0.5898E-03
0.2034 0.1774
0.9298E-01 -0.5197E-01
126.0 0.5864E-03
0.2263 0.1803
0.8903E-01 -0.5911E-01
127.0 0.5801E-03
0.2398 0.1896
0.8024E-01 -0.6076E-01
128.0 0.5699E-03
0.2435 0.2044
0.6724E-01 -0.5673E-01
129.0 0.5560E-03
0.2379 0.2218
0.5114E-01 -0.4815E-01
130.0 0.5401E-03
0.2236 0.2382
0.3368E-01 -0.3744E-01
131.0 0.5242E-03
0.2016 0.2491
0.1705E-01 -0.2793E-01
132.0 0.5097E-03
0.1741 0.2515
0.3453E-02 -0.2305E-01
133.0 0.4967E-03
0.1442 0.2440
-0.5557E-02 -0.2540E-01
134.0 0.4845E-03
0.1158 0.2269
-0.9451E-02 -0.3618E-01
135.0 0.4724E-03
0.9315E-01 0.2020
-0.8629E-02 -0.5524E-01
136.0 0.4602E-03
0.7973E-01 0.1715
-0.4021E-02 -0.8132E-01
137.0 0.4477E-03
0.7838E-01 0.1378
0.3292E-02 -0.1124
138.0 0.4349E-03
0.9090E-01 0.1032
0.1230E-01 -0.1460
139.0 0.4215E-03
0.1180 0.6920E-01
0.2214E-01 -0.1797
140.0 0.4074E-03
0.1591 0.3707E-01
0.3190E-01 -0.2110
141.0 0.3933E-03
0.2114 0.7939E-02
0.4042E-01 -0.2369
142.0 0.3798E-03
0.2701 -0.1670E-01
0.4617E-01 -0.2540
143.0 0.3672E-03
0.3283 -0.3529E-01
0.4753E-01 -0.2589
144.0 0.3551E-03
0.3792 -0.4720E-01
0.4343E-01 -0.2490
145.0 0.3428E-03
0.4169 -0.5350E-01
0.3375E-01 -0.2238
146.0 0.3300E-03
0.4373 -0.5683E-01
0.1946E-01 -0.1851
147.0 0.3173E-03
0.4364 -0.6054E-01
0.2374E-02 -0.1377
148.0 0.3061E-03
0.4110 -0.6762E-01
-0.1524E-01 -0.8876E-01
149.0 0.2979E-03
0.3606 -0.7986E-01
-0.3126E-01 -0.4771E-01
150.0 0.2938E-03
0.2892 -0.9747E-01
-0.4449E-01 -0.2338E-01
151.0 0.2948E-03
0.2061 -0.1193
-0.5492E-01 -0.2139E-01
152.0 0.3019E-03
0.1243 -0.1432
-0.6339E-01 -0.4213E-01
153.0 0.3163E-03
0.5770E-01 -0.1664
-0.7082E-01 -0.8046E-01
154.0 0.3389E-03
0.1727E-01 -0.1864
-0.7765E-01 -0.1272
155.0 0.3693E-03
0.8288E-02 -0.2018
-0.8378E-01 -0.1728
156.0 0.4060E-03
0.2969E-01 -0.2123
-0.8886E-01 -0.2102
157.0 0.4467E-03
0.7607E-01 -0.2182
-0.9258E-01 -0.2366
158.0 0.4887E-03
0.1398 -0.2196
-0.9482E-01 -0.2516
159.0 0.5299E-03
0.2124 -0.2164
-0.9575E-01 -0.2565
160.0 0.5680E-03
0.2854 -0.2079
-0.9591E-01 -0.2529
161.0 0.6013E-03
0.3509 -0.1940
-0.9611E-01 -0.2422
162.0 0.6287E-03
0.4023 -0.1749
-0.9722E-01 -0.2258
163.0 0.6512E-03
0.4331 -0.1514
-0.9999E-01 -0.2047
164.0 0.6717E-03
0.4369 -0.1250
-0.1048 -0.1800
165.0 0.6948E-03
0.4090 -0.9839E-01
-0.1114 -0.1532
166.0 0.7252E-03
0.3483 -0.7512E-01
-0.1192 -0.1263
167.0 0.7661E-03
0.2603 -0.5897E-01
-0.1270 -0.1015
168.0 0.8184E-03
0.1558 -0.5254E-01
-0.1336 -0.8035E-01
169.0 0.8807E-03
0.4709E-01 -0.5643E-01
-0.1378 -0.6371E-01
170.0 0.9498E-03
-0.5478E-01 -0.6924E-01
-0.1388 -0.5137E-01
171.0 0.1021E-02
-0.1424 -0.8834E-01
-0.1364 -0.4255E-01
172.0 0.1086E-02
-0.2118 -0.1109
-0.1308 -0.3609E-01
173.0 0.1140E-02
-0.2614 -0.1345
-0.1224 -0.3078E-01
174.0 0.1178E-02
-0.2901 -0.1578
-0.1117 -0.2567E-01
175.0 0.1196E-02
-0.2970 -0.1800
-0.9886E-01 -0.2025E-01
176.0 0.1198E-02
-0.2805 -0.2003
-0.8365E-01 -0.1452E-01
177.0 0.1189E-02
-0.2395 -0.2181
-0.6591E-01 -0.8950E-02
178.0 0.1178E-02
-0.1754 -0.2321
-0.4568E-01 -0.4242E-02
179.0 0.1168E-02
-0.9281E-01 -0.2412
-0.2341E-01 -0.1101E-02
180.0 0.1165E-02
0.000 -0.2444
0.000 0.000
