0.000 0.4050E-02
0.000 0.7071
0.000 0.000
1.000 0.4206E-02
-0.4475E-01 0.7039
0.8904E-02 0.1968E-02
2.000 0.4643E-02
-0.7352E-01 0.6955
0.2314E-01 0.6647E-02
3.000 0.5279E-02
-0.8260E-01 0.6846
0.4413E-01 0.1170E-01
4.000 0.5995E-02
-0.7783E-01 0.6728
0.7016E-01 0.1557E-01
5.000 0.6670E-02
-0.6676E-01 0.6608
0.9886E-01 0.1781E-01
6.000 0.7202E-02
-0.5482E-01 0.6483
0.1284 0.1872E-01
7.000 0.7524E-02
-0.4504E-01 0.6349
0.1574 0.1894E-01
8.000 0.7609E-02
-0.3868E-01 0.6198
0.1853 0.1927E-01
9.000 0.7464E-02
-0.3576E-01 0.6019
0.2118 0.2046E-01
10.00 0.7121E-02
-0.3554E-01 0.5800
0.2369 0.2310E-01
11.00 0.6622E-02
-0.3681E-01 0.5528
0.2611 0.2749E-01
12.00 0.6015E-02
-0.3820E-01 0.5185
0.2846 0.3371E-01
13.00 0.5350E-02
-0.3848E-01 0.4751
0.3072 0.4179E-01
14.00 0.4674E-02
-0.3685E-01 0.4205
0.3273 0.5218E-01
15.00 0.4034E-02
-0.3328E-01 0.3529
0.3407 0.6619E-01
16.00 0.3469E-02
-0.2881E-01 0.2727
0.3406 0.8624E-01
17.00 0.3008E-02
-0.2572E-01 0.1847
0.3185 0.1154
18.00 0.2666E-02
-0.2684E-01 0.1006
0.2683 0.1555
19.00 0.2441E-02
-0.3404E-01 0.3670E-01
0.1916 0.2053
20.00 0.2315E-02
-0.4663E-01 0.6151E-02
0.1005 0.2594
21.00 0.2262E-02
-0.6160E-01 0.1187E-01
0.1153E-01 0.3112
22.00 0.2249E-02
-0.7563E-01 0.4595E-01
-0.6207E-01 0.3554
23.00 0.2244E-02
-0.8695E-01 0.9554E-01
-0.1149 0.3901
24.00 0.2219E-02
-0.9584E-01 0.1487
-0.1477 0.4154
25.00 0.2156E-02
-0.1039 0.1969
-0.1644 0.4323
26.00 0.2047E-02
-0.1135 0.2346
-0.1694 0.4417
27.00 0.1892E-02
-0.1266 0.2589
-0.1662 0.4443
28.00 0.1704E-02
-0.1446 0.2675
-0.1573 0.4404
29.00 0.1496E-02
-0.1682 0.2586
-0.1445 0.4300
30.00 0.1286E-02
-0.1963 0.2305
-0.1286 0.4132
31.00 0.1090E-02
-0.2258 0.1817
-0.1108 0.3902
32.00 0.9191E-03
-0.2517 0.1127
-0.9221E-01 0.3609
33.00 0.7782E-03
-0.2672 0.2752E-01
-0.7510E-01 0.3259
34.00 0.6682E-03
-0.2666 -0.6500E-01
-0.6233E-01 0.2862
35.00 0.5856E-03
-0.2479 -0.1524
-0.5649E-01 0.2435
36.00 0.5243E-03
-0.2146 -0.2232
-0.5855E-01 0.2003
37.00 0.4775E-03
-0.1747 -0.2714
-0.6709E-01 0.1591
38.00 0.4390E-03
-0.1367 -0.2982
-0.7878E-01 0.1217
39.00 0.4047E-03
-0.1069 -0.3094
-0.8933E-01 0.8945E-01
40.00 0.3726E-03
-0.8805E-01 -0.3121
-0.9431E-01 0.6350E-01
41.00 0.3427E-03
-0.8055E-01 -0.3126
-0.8952E-01 0.4516E-01
42.00 0.3162E-03
-0.8295E-01 -0.3152
-0.7169E-01 0.3546E-01
43.00 0.2939E-03
-0.9280E-01 -0.3219
-0.3963E-01 0.3403E-01
44.00 0.2760E-03
-0.1072 -0.3327
0.4710E-02 0.3826E-01
45.00 0.2618E-03
-0.1233 -0.3458
0.5647E-01 0.4351E-01
46.00 0.2498E-03
-0.1389 -0.3586
0.1096 0.4486E-01
47.00 0.2383E-03
-0.1523 -0.3688
0.1585 0.3900E-01
48.00 0.2267E-03
-0.1620 -0.3743
0.1994 0.2527E-01
49.00 0.2149E-03
-0.1668 -0.3734
0.2299 0.5760E-02
50.00 0.2034E-03
-0.1657 -0.3646
0.2488 -0.1524E-01
51.00 0.1930E-03
-0.1586 -0.3474
0.2565 -0.3241E-01
52.00 0.1842E-03
-0.1465 -0.3222
0.2550 -0.4108E-01
53.00 0.1772E-03
-0.1316 -0.2909
0.2475 -0.3879E-01
54.00 0.1715E-03
-0.1163 -0.2561
0.2376 -0.2589E-01
55.00 0.1665E-03
-0.1027 -0.2205
0.2282 -0.4733E-02
56.00 0.1614E-03
-0.9184E-01 -0.1862
0.2206 0.2173E-01
57.00 0.1558E-03
-0.8418E-01 -0.1547
0.2150 0.5099E-01
58.00 0.1493E-03
-0.7989E-01 -0.1271
0.2106 0.8116E-01
59.00 0.1419E-03
-0.7916E-01 -0.1035
0.2066 0.1107
60.00 0.1337E-03
-0.8221E-01 -0.8400E-01
0.2024 0.1381
61.00 0.1248E-03
-0.8919E-01 -0.6782E-01
0.1975 0.1618
62.00 0.1155E-03
-0.9988E-01 -0.5354E-01
0.1921 0.1802
63.00 0.1061E-03
-0.1135 -0.3911E-01
0.1861 0.1925
64.00 0.9702E-04
-0.1288 -0.2215E-01
0.1798 0.1988
65.00 0.8868E-04
-0.1437 -0.6488E-03
0.1734 0.2001
66.00 0.8132E-04
-0.1565 0.2634E-01
0.1670 0.1985
67.00 0.7503E-04
-0.1657 0.5814E-01
0.1612 0.1961
68.00 0.6969E-04
-0.1712 0.9260E-01
0.1567 0.1944
69.00 0.6506E-04
-0.1737 0.1269
0.1539 0.1936
70.00 0.6084E-04
-0.1748 0.1588
0.1533 0.1933
71.00 0.5681E-04
-0.1756 0.1868
0.1547 0.1925
72.00 0.5283E-04
-0.1771 0.2106
0.1580 0.1908
73.00 0.4889E-04
-0.1794 0.2304
0.1622 0.1886
74.00 0.4505E-04
-0.1824 0.2464
0.1667 0.1867
75.00 0.4140E-04
-0.1856 0.2590
0.1705 0.1864
76.00 0.3799E-04
-0.1891 0.2683
0.1730 0.1888
77.00 0.3485E-04
-0.1928 0.2747
0.1735 0.1940
78.00 0.3196E-04
-0.1972 0.2789
0.1721 0.2014
79.00 0.2929E-04
-0.2023 0.2819
0.1686 0.2104
80.00 0.2681E-04
-0.2080 0.2853
0.1634 0.2200
81.00 0.2450E-04
-0.2136 0.2910
0.1567 0.2302
82.00 0.2236E-04
-0.2182 0.3001
0.1487 0.2412
83.00 0.2038E-04
-0.2207 0.3134
0.1396 0.2536
84.00 0.1855E-04
-0.2205 0.3303
0.1295 0.2674
85.00 0.1687E-04
-0.2170 0.3498
0.1187 0.2829
86.00 0.1532E-04
-0.2104 0.3707
0.1071 0.2996
87.00 0.1390E-04
-0.2009 0.3916
0.9480E-01 0.3172
88.00 0.1261E-04
-0.1892 0.4117
0.8184E-01 0.3353
89.00 0.1144E-04
-0.1758 0.4303
0.6845E-01 0.3533
90.00 0.1037E-04
-0.1614 0.4470
0.5497E-01 0.3700
91.00 0.9365E-05
-0.1466 0.4617
0.4164E-01 0.3845
92.00 0.8390E-05
-0.1316 0.4738
0.2845E-01 0.3955
93.00 0.7426E-05
-0.1163 0.4824
0.1505E-01 0.4020
94.00 0.6473E-05
-0.1005 0.4858
0.8833E-03 0.4028
95.00 0.5547E-05
-0.8377E-01 0.4807
-0.1451E-01 0.3966
96.00 0.4680E-05
-0.6550E-01 0.4621
-0.3090E-01 0.3817
97.00 0.3912E-05
-0.4499E-01 0.4229
-0.4657E-01 0.3564
98.00 0.3280E-05
-0.2154E-01 0.3557
-0.5736E-01 0.3203
99.00 0.2810E-05
0.4945E-02 0.2566
-0.5656E-01 0.2767
100.0 0.2512E-05
0.3322E-01 0.1314
-0.3736E-01 0.2332
101.0 0.2379E-05
0.6037E-01 -0.9356E-03
0.1891E-02 0.1997
102.0 0.2386E-05
0.8311E-01 -0.1179
0.5473E-01 0.1822
103.0 0.2495E-05
0.9972E-01 -0.2073
0.1108 0.1790
104.0 0.2663E-05
0.1106 -0.2709
0.1628 0.1835
105.0 0.2843E-05
0.1176 -0.3180
0.2080 0.1891
106.0 0.2995E-05
0.1229 -0.3580
0.2475 0.1911
107.0 0.3093E-05
0.1286 -0.3980
0.2827 0.1871
108.0 0.3125E-05
0.1364 -0.4415
0.3146 0.1766
109.0 0.3098E-05
0.1472 -0.4892
0.3432 0.1610
110.0 0.3032E-05
0.1605 -0.5389
0.3670 0.1432
111.0 0.2953E-05
0.1745 -0.5863
0.3839 0.1269
112.0 0.2883E-05
0.1856 -0.6262
0.3925 0.1159
113.0 0.2841E-05
0.1901 -0.6537
0.3928 0.1124
114.0 0.2835E-05
0.1853 -0.6662
0.3867 0.1169
115.0 0.2867E-05
0.1702 -0.6638
0.3775 0.1280
116.0 0.2933E-05
0.1458 -0.6493
0.3687 0.1427
117.0 0.3024E-05
0.1143 -0.6273
0.3634 0.1573
118.0 0.3127E-05
0.7852E-01 -0.6024
0.3634 0.1680
119.0 0.3229E-05
0.4096E-01 -0.5772
0.3691 0.1719
120.0 0.3317E-05
0.3932E-02 -0.5519
0.3796 0.1680
121.0 0.3382E-05
-0.3044E-01 -0.5241
0.3930 0.1567
122.0 0.3420E-05
-0.6014E-01 -0.4902
0.4067 0.1402
123.0 0.3427E-05
-0.8340E-01 -0.4473
0.4176 0.1217
124.0 0.3401E-05
-0.9910E-01 -0.3941
0.4234 0.1048
125.0 0.3340E-05
-0.1072 -0.3312
0.4224 0.9336E-01
126.0 0.3246E-05
-0.1093 -0.2607
0.4145 0.9065E-01
127.0 0.3119E-05
-0.1082 -0.1851
0.4005 0.9890E-01
128.0 0.2964E-05
-0.1079 -0.1070
0.3818 0.1185
129.0 0.2789E-05
-0.1128 -0.2886E-01
0.3603 0.1474
130.0 0.2603E-05
-0.1265 0.4693E-01
0.3369 0.1818
131.0 0.2422E-05
-0.1507 0.1176
0.3125 0.2164
132.0 0.2264E-05
-0.1843 0.1797
0.2869 0.2459
133.0 0.2143E-05
-0.2225 0.2286
0.2606 0.2656
134.0 0.2068E-05
-0.2578 0.2601
0.2348 0.2729
135.0 0.2038E-05
-0.2827 0.2724
0.2115 0.2673
136.0 0.2042E-05
-0.2930 0.2677
0.1928 0.2511
137.0 0.2060E-05
-0.2887 0.2518
0.1794 0.2280
138.0 0.2072E-05
-0.2728 0.2317
0.1710 0.2027
139.0 0.2057E-05
-0.2488 0.2143
0.1666 0.1794
140.0 0.2002E-05
-0.2197 0.2048
0.1651 0.1618
141.0 0.1902E-05
-0.1874 0.2075
0.1657 0.1530
142.0 0.1765E-05
-0.1526 0.2255
0.1676 0.1571
143.0 0.1612E-05
-0.1162 0.2612
0.1699 0.1795
144.0 0.1470E-05
-0.8082E-01 0.3142
0.1707 0.2262
145.0 0.1371E-05
-0.5265E-01 0.3765
0.1673 0.2993
146.0 0.1343E-05
-0.4025E-01 0.4305
0.1576 0.3890
147.0 0.1404E-05
-0.4838E-01 0.4562
0.1432 0.4727
148.0 0.1560E-05
-0.7264E-01 0.4463
0.1294 0.5293
149.0 0.1802E-05
-0.1030 0.4108
0.1219 0.5530
150.0 0.2109E-05
-0.1313 0.3651
0.1235 0.5508
151.0 0.2450E-05
-0.1538 0.3202
0.1339 0.5319
152.0 0.2788E-05
-0.1701 0.2811
0.1519 0.5020
153.0 0.3083E-05
-0.1806 0.2489
0.1755 0.4633
154.0 0.3306E-05
-0.1854 0.2233
0.2031 0.4161
155.0 0.3438E-05
-0.1843 0.2042
0.2328 0.3596
156.0 0.3477E-05
-0.1760 0.1918
0.2623 0.2937
157.0 0.3435E-05
-0.1587 0.1874
0.2888 0.2188
158.0 0.3337E-05
-0.1303 0.1931
0.3084 0.1375
159.0 0.3214E-05
-0.8881E-01 0.2113
0.3164 0.5575E-01
160.0 0.3105E-05
-0.3388E-01 0.2446
0.3073 -0.1448E-01
161.0 0.3050E-05
0.3055E-01 0.2936
0.2774 -0.5580E-01
162.0 0.3086E-05
0.9493E-01 0.3557
0.2274 -0.5073E-01
163.0 0.3242E-05
0.1463 0.4237
0.1647 0.7474E-02
164.0 0.3538E-05
0.1746 0.4883
0.1013 0.1079
165.0 0.3974E-05
0.1778 0.5424
0.4774E-01 0.2270
166.0 0.4538E-05
0.1609 0.5834
0.9343E-02 0.3413
167.0 0.5201E-05
0.1317 0.6125
-0.1383E-01 0.4356
168.0 0.5918E-05
0.9723E-01 0.6323
-0.2452E-01 0.5032
169.0 0.6637E-05
0.6211E-01 0.6457
-0.2616E-01 0.5430
170.0 0.7300E-05
0.2913E-01 0.6549
-0.2181E-01 0.5564
171.0 0.7855E-05
-0.2114E-03 0.6615
-0.1391E-01 0.5458
172.0 0.8266E-05
-0.2504E-01 0.6668
-0.4335E-02 0.5133
173.0 0.8517E-05
-0.4474E-01 0.6715
0.5410E-02 0.4614
174.0 0.8614E-05
-0.5870E-01 0.6763
0.1403E-01 0.3933
175.0 0.8581E-05
-0.6629E-01 0.6811
0.2038E-01 0.3129
176.0 0.8458E-05
-0.6680E-01 0.6860
0.2352E-01 0.2262
177.0 0.8289E-05
-0.5975E-01 0.6905
0.2280E-01 0.1411
178.0 0.8123E-05
-0.4522E-01 0.6943
0.1809E-01 0.6794E-01
179.0 0.8003E-05
-0.2443E-01 0.6967
0.1002E-01 0.1787E-01
180.0 0.7959E-05
0.000 0.6976
0.000 0.000
