0.000 18.23
0.000 0.7071
0.000 0.000
1.000 18.71
-0.6704E-01 0.6547
0.1756 0.1905E-01
2.000 20.06
-0.1185 0.5201
0.3101 0.6791E-01
3.000 21.93
-0.1484 0.3507
0.3874 0.1293
4.000 23.88
-0.1595 0.1847
0.4151 0.1892
5.000 25.39
-0.1578 0.4075E-01
0.4089 0.2408
6.000 26.00
-0.1486 -0.7744E-01
0.3826 0.2827
7.000 25.43
-0.1351 -0.1725
0.3449 0.3159
8.000 23.59
-0.1192 -0.2490
0.3003 0.3419
9.000 20.63
-0.1015 -0.3111
0.2507 0.3623
10.00 16.88
-0.8187E-01 -0.3619
0.1954 0.3782
11.00 12.80
-0.5961E-01 -0.4025
0.1315 0.3900
12.00 8.886
-0.3321E-01 -0.4305
0.5345E-01 0.3973
13.00 5.545
-0.6538E-03 -0.4344
-0.4920E-01 0.3974
14.00 3.059
0.3834E-01 -0.3741
-0.1915 0.3814
15.00 1.524
0.6512E-01 -0.1276
-0.3635 0.3250
16.00 0.8680
-0.1140E-01 0.4269
-0.3496 0.2163
17.00 0.8843
-0.1784 0.6430
0.3957E-01 0.1992
18.00 1.300
-0.2289 0.3708
0.2694 0.2731
19.00 1.843
-0.2148 0.1233
0.3084 0.3311
20.00 2.295
-0.1900 -0.3419E-01
0.2867 0.3678
21.00 2.523
-0.1656 -0.1349
0.2477 0.3930
22.00 2.488
-0.1425 -0.2015
0.2023 0.4125
23.00 2.224
-0.1193 -0.2445
0.1518 0.4294
24.00 1.811
-0.9468E-01 -0.2666
0.9457E-01 0.4458
25.00 1.346
-0.6706E-01 -0.2633
0.2765E-01 0.4630
26.00 0.9114
-0.3531E-01 -0.2199
-0.5249E-01 0.4820
27.00 0.5640
-0.7884E-03 -0.1039
-0.1457 0.5025
28.00 0.3284
0.2434E-01 0.1388
-0.2295 0.5186
29.00 0.2013
0.8201E-03 0.5006
-0.2136 0.5092
30.00 0.1607
-0.9640E-01 0.6760
-0.9442E-02 0.4566
31.00 0.1760
-0.1780 0.4546
0.2022 0.4059
32.00 0.2171
-0.1935 0.1398
0.2755 0.3874
33.00 0.2595
-0.1734 -0.9525E-01
0.2616 0.3867
34.00 0.2875
-0.1403 -0.2516
0.2120 0.3910
35.00 0.2942
-0.1023 -0.3541
0.1466 0.3950
36.00 0.2796
-0.6175E-01 -0.4178
0.7054E-01 0.3964
37.00 0.2486
-0.2016E-01 -0.4476
-0.1590E-01 0.3931
38.00 0.2083
0.1988E-01 -0.4401
-0.1138 0.3826
39.00 0.1659
0.5228E-01 -0.3844
-0.2222 0.3609
40.00 0.1275
0.6439E-01 -0.2648
-0.3328 0.3230
41.00 0.9710E-01
0.3502E-01 -0.7212E-01
-0.4212 0.2646
42.00 0.7652E-01
-0.5709E-01 0.1660
-0.4418 0.1906
43.00 0.6546E-01
-0.2042 0.3580
-0.3549 0.1229
44.00 0.6222E-01
-0.3519 0.4035
-0.1832 0.8895E-01
45.00 0.6428E-01
-0.4446 0.2967
-0.3672E-02 0.9414E-01
46.00 0.6893E-01
-0.4722 0.1106
0.1278 0.1216
47.00 0.7379E-01
-0.4543 -0.8885E-01
0.2022 0.1541
48.00 0.7707E-01
-0.4115 -0.2715
0.2317 0.1825
49.00 0.7776E-01
-0.3571 -0.4299
0.2298 0.2036
50.00 0.7552E-01
-0.2981 -0.5654
0.2058 0.2167
51.00 0.7063E-01
-0.2388 -0.6814
0.1649 0.2215
52.00 0.6375E-01
-0.1826 -0.7811
0.1095 0.2178
53.00 0.5577E-01
-0.1336 -0.8665
0.4105E-01 0.2048
54.00 0.4763E-01
-0.9780E-01 -0.9388
-0.3890E-01 0.1818
55.00 0.4017E-01
-0.8326E-01 -0.9981
-0.1255 0.1488
56.00 0.3409E-01
-0.9801E-01 -1.044
-0.2076 0.1086
57.00 0.2981E-01
-0.1435 -1.078
-0.2657 0.6838E-01
58.00 0.2753E-01
-0.2059 -1.100
-0.2793 0.3947E-01
59.00 0.2720E-01
-0.2569 -1.117
-0.2425 0.3056E-01
60.00 0.2857E-01
-0.2714 -1.130
-0.1715 0.4087E-01
61.00 0.3127E-01
-0.2431 -1.140
-0.9213E-01 0.6168E-01
62.00 0.3487E-01
-0.1808 -1.144
-0.2274E-01 0.8372E-01
63.00 0.3894E-01
-0.9777E-01 -1.139
0.2957E-01 0.1013
64.00 0.4310E-01
-0.4633E-02 -1.124
0.6484E-01 0.1121
65.00 0.4704E-01
0.9146E-01 -1.096
0.8576E-01 0.1160
66.00 0.5055E-01
0.1859 -1.055
0.9533E-01 0.1136
67.00 0.5348E-01
0.2755 -0.9990
0.9611E-01 0.1057
68.00 0.5578E-01
0.3577 -0.9293
0.9001E-01 0.9354E-01
69.00 0.5744E-01
0.4306 -0.8467
0.7848E-01 0.7810E-01
70.00 0.5848E-01
0.4925 -0.7530
0.6257E-01 0.6059E-01
71.00 0.5895E-01
0.5421 -0.6509
0.4308E-01 0.4223E-01
72.00 0.5891E-01
0.5786 -0.5437
0.2067E-01 0.2425E-01
73.00 0.5844E-01
0.6021 -0.4351
-0.4028E-02 0.7872E-02
74.00 0.5760E-01
0.6131 -0.3289
-0.3038E-01 -0.5742E-02
75.00 0.5645E-01
0.6128 -0.2285
-0.5763E-01 -0.1553E-01
76.00 0.5506E-01
0.6030 -0.1369
-0.8493E-01 -0.2062E-01
77.00 0.5350E-01
0.5858 -0.5618E-01
-0.1113 -0.2037E-01
78.00 0.5180E-01
0.5634 0.1252E-01
-0.1357 -0.1443E-01
79.00 0.5003E-01
0.5382 0.6898E-01
-0.1571 -0.2779E-02
80.00 0.4824E-01
0.5122 0.1138
-0.1744 0.1423E-01
81.00 0.4650E-01
0.4871 0.1484
-0.1868 0.3589E-01
82.00 0.4487E-01
0.4642 0.1746
-0.1936 0.6115E-01
83.00 0.4340E-01
0.4445 0.1948
-0.1944 0.8864E-01
84.00 0.4214E-01
0.4282 0.2112
-0.1893 0.1168
85.00 0.4113E-01
0.4151 0.2264
-0.1788 0.1438
86.00 0.4035E-01
0.4047 0.2423
-0.1641 0.1684
87.00 0.3980E-01
0.3961 0.2601
-0.1467 0.1891
88.00 0.3941E-01
0.3886 0.2805
-0.1283 0.2055
89.00 0.3913E-01
0.3814 0.3031
-0.1108 0.2173
90.00 0.3887E-01
0.3740 0.3272
-0.9539E-01 0.2249
91.00 0.3855E-01
0.3663 0.3517
-0.8302E-01 0.2288
92.00 0.3810E-01
0.3583 0.3755
-0.7416E-01 0.2300
93.00 0.3748E-01
0.3501 0.3978
-0.6888E-01 0.2291
94.00 0.3663E-01
0.3420 0.4179
-0.6703E-01 0.2267
95.00 0.3556E-01
0.3341 0.4354
-0.6836E-01 0.2235
96.00 0.3427E-01
0.3268 0.4498
-0.7258E-01 0.2196
97.00 0.3278E-01
0.3202 0.4609
-0.7946E-01 0.2153
98.00 0.3114E-01
0.3147 0.4683
-0.8883E-01 0.2105
99.00 0.2941E-01
0.3106 0.4717
-0.1005 0.2053
100.0 0.2762E-01
0.3080 0.4705
-0.1143 0.1999
101.0 0.2585E-01
0.3072 0.4644
-0.1298 0.1945
102.0 0.2413E-01
0.3081 0.4530
-0.1464 0.1896
103.0 0.2251E-01
0.3108 0.4362
-0.1635 0.1861
104.0 0.2099E-01
0.3149 0.4144
-0.1799 0.1846
105.0 0.1960E-01
0.3199 0.3880
-0.1948 0.1861
106.0 0.1832E-01
0.3252 0.3581
-0.2071 0.1913
107.0 0.1714E-01
0.3300 0.3258
-0.2158 0.2008
108.0 0.1604E-01
0.3336 0.2924
-0.2204 0.2149
109.0 0.1502E-01
0.3354 0.2594
-0.2203 0.2335
110.0 0.1404E-01
0.3350 0.2281
-0.2153 0.2562
111.0 0.1309E-01
0.3320 0.1996
-0.2056 0.2823
112.0 0.1217E-01
0.3264 0.1749
-0.1915 0.3110
113.0 0.1125E-01
0.3181 0.1547
-0.1735 0.3412
114.0 0.1035E-01
0.3075 0.1396
-0.1525 0.3718
115.0 0.9448E-02
0.2949 0.1297
-0.1292 0.4020
116.0 0.8560E-02
0.2804 0.1250
-0.1046 0.4309
117.0 0.7690E-02
0.2645 0.1256
-0.7975E-01 0.4583
118.0 0.6852E-02
0.2470 0.1313
-0.5542E-01 0.4840
119.0 0.6058E-02
0.2280 0.1424
-0.3239E-01 0.5086
120.0 0.5324E-02
0.2069 0.1594
-0.1133E-01 0.5329
121.0 0.4664E-02
0.1834 0.1833
0.7178E-02 0.5578
122.0 0.4090E-02
0.1571 0.2150
0.2265E-01 0.5844
123.0 0.3610E-02
0.1283 0.2555
0.3473E-01 0.6132
124.0 0.3226E-02
0.9796E-01 0.3042
0.4332E-01 0.6433
125.0 0.2937E-02
0.6836E-01 0.3586
0.4878E-01 0.6728
126.0 0.2734E-02
0.4258E-01 0.4137
0.5211E-01 0.6981
127.0 0.2603E-02
0.2358E-01 0.4631
0.5483E-01 0.7154
128.0 0.2526E-02
0.1320E-01 0.5009
0.5872E-01 0.7217
129.0 0.2482E-02
0.1159E-01 0.5232
0.6544E-01 0.7160
130.0 0.2451E-02
0.1747E-01 0.5286
0.7634E-01 0.6983
131.0 0.2414E-02
0.2872E-01 0.5171
0.9250E-01 0.6698
132.0 0.2355E-02
0.4295E-01 0.4896
0.1150 0.6313
133.0 0.2267E-02
0.5771E-01 0.4467
0.1451 0.5830
134.0 0.2149E-02
0.7029E-01 0.3886
0.1843 0.5245
135.0 0.2007E-02
0.7747E-01 0.3153
0.2341 0.4544
136.0 0.1857E-02
0.7524E-01 0.2283
0.2950 0.3716
137.0 0.1716E-02
0.5901E-01 0.1320
0.3655 0.2765
138.0 0.1602E-02
0.2491E-01 0.3616E-01
0.4396 0.1737
139.0 0.1531E-02
-0.2753E-01 -0.4431E-01
0.5065 0.7299E-01
140.0 0.1514E-02
-0.9303E-01 -0.9439E-01
0.5535 -0.1209E-01
141.0 0.1553E-02
-0.1615 -0.1073
0.5729 -0.7084E-01
142.0 0.1640E-02
-0.2230 -0.8863E-01
0.5658 -0.1010
143.0 0.1762E-02
-0.2719 -0.5214E-01
0.5407 -0.1084
144.0 0.1898E-02
-0.3080 -0.1197E-01
0.5080 -0.1022
145.0 0.2028E-02
-0.3339 0.2175E-01
0.4756 -0.9032E-01
146.0 0.2129E-02
-0.3527 0.4330E-01
0.4482 -0.7795E-01
147.0 0.2187E-02
-0.3673 0.4993E-01
0.4279 -0.6746E-01
148.0 0.2194E-02
-0.3789 0.4051E-01
0.4150 -0.5920E-01
149.0 0.2147E-02
-0.3880 0.1475E-01
0.4087 -0.5202E-01
150.0 0.2056E-02
-0.3935 -0.2674E-01
0.4073 -0.4346E-01
151.0 0.1933E-02
-0.3930 -0.8186E-01
0.4076 -0.2982E-01
152.0 0.1796E-02
-0.3829 -0.1458
0.4053 -0.6527E-02
153.0 0.1662E-02
-0.3594 -0.2101
0.3950 0.3100E-01
154.0 0.1546E-02
-0.3196 -0.2625
0.3716 0.8539E-01
155.0 0.1457E-02
-0.2642 -0.2900
0.3320 0.1551
156.0 0.1397E-02
-0.1981 -0.2842
0.2775 0.2333
157.0 0.1360E-02
-0.1294 -0.2450
0.2138 0.3099
158.0 0.1336E-02
-0.6585E-01 -0.1810
0.1484 0.3755
159.0 0.1314E-02
-0.1245E-01 -0.1040
0.8711E-01 0.4240
160.0 0.1282E-02
0.2925E-01 -0.2517E-01
0.3301E-01 0.4528
161.0 0.1237E-02
0.5981E-01 0.4739E-01
-0.1416E-01 0.4611
162.0 0.1182E-02
0.8027E-01 0.1085
-0.5703E-01 0.4486
163.0 0.1129E-02
0.9081E-01 0.1551
-0.9975E-01 0.4147
164.0 0.1096E-02
0.9034E-01 0.1860
-0.1464 0.3604
165.0 0.1107E-02
0.7759E-01 0.2037
-0.1984 0.2920
166.0 0.1185E-02
0.5379E-01 0.2156
-0.2514 0.2224
167.0 0.1348E-02
0.2412E-01 0.2313
-0.2970 0.1654
168.0 0.1610E-02
-0.4813E-02 0.2571
-0.3283 0.1272
169.0 0.1970E-02
-0.2865E-01 0.2932
-0.3440 0.1048
170.0 0.2421E-02
-0.4610E-01 0.3368
-0.3462 0.9159E-01
171.0 0.2943E-02
-0.5760E-01 0.3843
-0.3380 0.8204E-01
172.0 0.3511E-02
-0.6401E-01 0.4331
-0.3216 0.7287E-01
173.0 0.4093E-02
-0.6613E-01 0.4812
-0.2984 0.6268E-01
174.0 0.4660E-02
-0.6450E-01 0.5269
-0.2691 0.5127E-01
175.0 0.5183E-02
-0.5955E-01 0.5687
-0.2344 0.3912E-01
176.0 0.5639E-02
-0.5165E-01 0.6053
-0.1946 0.2710E-01
177.0 0.6009E-02
-0.4120E-01 0.6354
-0.1503 0.1623E-01
178.0 0.6281E-02
-0.2869E-01 0.6578
-0.1024 0.7546E-02
179.0 0.6447E-02
-0.1472E-01 0.6717
-0.5190E-01 0.1939E-02
180.0 0.6502E-02
0.000 0.6764
0.000 0.000
