0.000 1.144
0.000 0.7071
0.000 0.000
1.000 1.115
0.2422E-01 0.7060
0.7686E-02 0.9346E-03
2.000 1.035
0.4805E-01 0.7013
0.1701E-01 0.4595E-02
3.000 0.9236
0.6991E-01 0.6868
0.3132E-01 0.1392E-01
4.000 0.8080
0.8553E-01 0.6487
0.5721E-01 0.3449E-01
5.000 0.7200
0.8732E-01 0.5654
0.1036 0.7286E-01
6.000 0.6871
0.6923E-01 0.4251
0.1729 0.1283
7.000 0.7256
0.3731E-01 0.2540
0.2495 0.1846
8.000 0.8342
0.7939E-02 0.1034
0.3105 0.2222
9.000 0.9922
-0.8465E-02 -0.7526E-03
0.3480 0.2361
10.00 1.163
-0.1193E-01 -0.6413E-01
0.3681 0.2327
11.00 1.305
-0.6147E-02 -0.1009
0.3788 0.2186
12.00 1.381
0.5920E-02 -0.1212
0.3855 0.1976
13.00 1.368
0.2292E-01 -0.1302
0.3912 0.1714
14.00 1.269
0.4484E-01 -0.1288
0.3969 0.1403
15.00 1.103
0.7255E-01 -0.1150
0.4021 0.1049
16.00 0.9041
0.1074 -0.8380E-01
0.4047 0.6772E-01
17.00 0.7093
0.1497 -0.2911E-01
0.3992 0.3556E-01
18.00 0.5470
0.1960 0.5172E-01
0.3763 0.2265E-01
19.00 0.4316
0.2351 0.1465
0.3266 0.4744E-01
20.00 0.3626
0.2511 0.2218
0.2516 0.1150
21.00 0.3284
0.2376 0.2461
0.1696 0.2003
22.00 0.3129
0.2050 0.2205
0.1003 0.2664
23.00 0.3017
0.1676 0.1710
0.4872E-01 0.2943
24.00 0.2862
0.1322 0.1237
0.8739E-02 0.2834
25.00 0.2645
0.9945E-01 0.9726E-01
-0.2757E-01 0.2402
26.00 0.2394
0.6740E-01 0.1063
-0.6575E-01 0.1733
27.00 0.2162
0.3532E-01 0.1609
-0.1071 0.9608E-01
28.00 0.1993
0.6081E-02 0.2600
-0.1474 0.2768E-01
29.00 0.1910
-0.1413E-01 0.3829
-0.1786 -0.1258E-01
30.00 0.1912
-0.1976E-01 0.4968
-0.1935 -0.1773E-01
31.00 0.1978
-0.9900E-02 0.5760
-0.1912 0.2914E-02
32.00 0.2077
0.1201E-01 0.6134
-0.1753 0.3317E-01
33.00 0.2180
0.4126E-01 0.6149
-0.1507 0.6019E-01
34.00 0.2266
0.7381E-01 0.5901
-0.1208 0.7743E-01
35.00 0.2324
0.1066 0.5473
-0.8808E-01 0.8311E-01
36.00 0.2350
0.1370 0.4928
-0.5400E-01 0.7808E-01
37.00 0.2346
0.1631 0.4311
-0.2014E-01 0.6444E-01
38.00 0.2318
0.1828 0.3657
0.1175E-01 0.4478E-01
39.00 0.2273
0.1946 0.2998
0.3968E-01 0.2178E-01
40.00 0.2214
0.1976 0.2363
0.6168E-01 -0.2146E-02
41.00 0.2147
0.1916 0.1774
0.7605E-01 -0.2509E-01
42.00 0.2072
0.1772 0.1249
0.8167E-01 -0.4585E-01
43.00 0.1992
0.1556 0.7964E-01
0.7811E-01 -0.6395E-01
44.00 0.1908
0.1286 0.4170E-01
0.6574E-01 -0.7958E-01
45.00 0.1821
0.9785E-01 0.1050E-01
0.4558E-01 -0.9338E-01
46.00 0.1733
0.6534E-01 -0.1498E-01
0.1915E-01 -0.1062
47.00 0.1645
0.3275E-01 -0.3579E-01
-0.1166E-01 -0.1187
48.00 0.1559
0.1592E-02 -0.5278E-01
-0.4485E-01 -0.1313
49.00 0.1477
-0.2686E-01 -0.6634E-01
-0.7839E-01 -0.1440
50.00 0.1400
-0.5158E-01 -0.7629E-01
-0.1104 -0.1565
51.00 0.1329
-0.7182E-01 -0.8211E-01
-0.1393 -0.1678
52.00 0.1266
-0.8705E-01 -0.8316E-01
-0.1636 -0.1770
53.00 0.1211
-0.9701E-01 -0.7906E-01
-0.1824 -0.1832
54.00 0.1163
-0.1018 -0.6994E-01
-0.1950 -0.1858
55.00 0.1123
-0.1016 -0.5655E-01
-0.2015 -0.1842
56.00 0.1090
-0.9706E-01 -0.4013E-01
-0.2021 -0.1784
57.00 0.1062
-0.8900E-01 -0.2213E-01
-0.1975 -0.1685
58.00 0.1039
-0.7830E-01 -0.3940E-02
-0.1890 -0.1550
59.00 0.1020
-0.6589E-01 0.1339E-01
-0.1777 -0.1385
60.00 0.1001
-0.5256E-01 0.2919E-01
-0.1648 -0.1198
61.00 0.9820E-01
-0.3892E-01 0.4315E-01
-0.1511 -0.9966E-01
62.00 0.9618E-01
-0.2534E-01 0.5523E-01
-0.1374 -0.7872E-01
63.00 0.9393E-01
-0.1200E-01 0.6556E-01
-0.1242 -0.5748E-01
64.00 0.9144E-01
0.1105E-02 0.7443E-01
-0.1114 -0.3629E-01
65.00 0.8872E-01
0.1404E-01 0.8221E-01
-0.9930E-01 -0.1536E-01
66.00 0.8581E-01
0.2688E-01 0.8941E-01
-0.8776E-01 0.5165E-02
67.00 0.8275E-01
0.3965E-01 0.9671E-01
-0.7677E-01 0.2515E-01
68.00 0.7960E-01
0.5227E-01 0.1049
-0.6634E-01 0.4443E-01
69.00 0.7638E-01
0.6457E-01 0.1146
-0.5650E-01 0.6281E-01
70.00 0.7314E-01
0.7628E-01 0.1267
-0.4737E-01 0.8005E-01
71.00 0.6990E-01
0.8712E-01 0.1416
-0.3909E-01 0.9590E-01
72.00 0.6667E-01
0.9685E-01 0.1594
-0.3183E-01 0.1102
73.00 0.6349E-01
0.1053 0.1799
-0.2580E-01 0.1228
74.00 0.6040E-01
0.1124 0.2026
-0.2115E-01 0.1339
75.00 0.5743E-01
0.1182 0.2268
-0.1799E-01 0.1435
76.00 0.5460E-01
0.1230 0.2518
-0.1630E-01 0.1520
77.00 0.5195E-01
0.1268 0.2767
-0.1597E-01 0.1598
78.00 0.4948E-01
0.1300 0.3008
-0.1675E-01 0.1673
79.00 0.4719E-01
0.1327 0.3237
-0.1833E-01 0.1748
80.00 0.4508E-01
0.1352 0.3448
-0.2034E-01 0.1825
81.00 0.4310E-01
0.1376 0.3640
-0.2245E-01 0.1906
82.00 0.4125E-01
0.1402 0.3811
-0.2432E-01 0.1990
83.00 0.3949E-01
0.1430 0.3961
-0.2563E-01 0.2077
84.00 0.3780E-01
0.1462 0.4092
-0.2609E-01 0.2164
85.00 0.3615E-01
0.1499 0.4210
-0.2544E-01 0.2251
86.00 0.3452E-01
0.1538 0.4318
-0.2351E-01 0.2337
87.00 0.3288E-01
0.1576 0.4424
-0.2022E-01 0.2420
88.00 0.3123E-01
0.1610 0.4535
-0.1565E-01 0.2500
89.00 0.2955E-01
0.1634 0.4654
-0.1002E-01 0.2579
90.00 0.2783E-01
0.1644 0.4787
-0.3702E-02 0.2657
91.00 0.2610E-01
0.1634 0.4933
0.2833E-02 0.2739
92.00 0.2436E-01
0.1602 0.5094
0.9044E-02 0.2828
93.00 0.2264E-01
0.1546 0.5266
0.1437E-01 0.2927
94.00 0.2097E-01
0.1465 0.5446
0.1825E-01 0.3039
95.00 0.1937E-01
0.1363 0.5630
0.2016E-01 0.3165
96.00 0.1785E-01
0.1243 0.5810
0.1961E-01 0.3302
97.00 0.1643E-01
0.1111 0.5981
0.1619E-01 0.3447
98.00 0.1511E-01
0.9728E-01 0.6135
0.9606E-02 0.3593
99.00 0.1390E-01
0.8372E-01 0.6266
-0.2340E-03 0.3733
100.0 0.1278E-01
0.7106E-01 0.6368
-0.1319E-01 0.3860
101.0 0.1176E-01
0.5983E-01 0.6435
-0.2887E-01 0.3970
102.0 0.1081E-01
0.5034E-01 0.6461
-0.4662E-01 0.4062
103.0 0.9951E-02
0.4262E-01 0.6443
-0.6557E-01 0.4140
104.0 0.9166E-02
0.3649E-01 0.6377
-0.8461E-01 0.4208
105.0 0.8458E-02
0.3159E-01 0.6260
-0.1025 0.4276
106.0 0.7827E-02
0.2750E-01 0.6091
-0.1178 0.4355
107.0 0.7273E-02
0.2382E-01 0.5872
-0.1293 0.4456
108.0 0.6790E-02
0.2028E-01 0.5605
-0.1360 0.4589
109.0 0.6373E-02
0.1686E-01 0.5298
-0.1373 0.4758
110.0 0.6010E-02
0.1382E-01 0.4961
-0.1335 0.4959
111.0 0.5691E-02
0.1170E-01 0.4602
-0.1251 0.5184
112.0 0.5404E-02
0.1123E-01 0.4228
-0.1134 0.5415
113.0 0.5143E-02
0.1317E-01 0.3848
-0.9976E-01 0.5633
114.0 0.4898E-02
0.1812E-01 0.3466
-0.8562E-01 0.5815
115.0 0.4667E-02
0.2623E-01 0.3088
-0.7217E-01 0.5941
116.0 0.4446E-02
0.3704E-01 0.2719
-0.6027E-01 0.5996
117.0 0.4233E-02
0.4935E-01 0.2366
-0.5033E-01 0.5972
118.0 0.4027E-02
0.6131E-01 0.2032
-0.4230E-01 0.5868
119.0 0.3829E-02
0.7056E-01 0.1722
-0.3570E-01 0.5689
120.0 0.3639E-02
0.7458E-01 0.1436
-0.2971E-01 0.5447
121.0 0.3463E-02
0.7108E-01 0.1177
-0.2324E-01 0.5157
122.0 0.3306E-02
0.5846E-01 0.9445E-01
-0.1510E-01 0.4839
123.0 0.3172E-02
0.3624E-01 0.7406E-01
-0.4229E-02 0.4515
124.0 0.3064E-02
0.5417E-02 0.5665E-01
0.9938E-02 0.4209
125.0 0.2984E-02
-0.3157E-01 0.4228E-01
0.2723E-01 0.3942
126.0 0.2925E-02
-0.7133E-01 0.3087E-01
0.4670E-01 0.3728
127.0 0.2881E-02
-0.1103 0.2218E-01
0.6694E-01 0.3571
128.0 0.2840E-02
-0.1456 0.1596E-01
0.8641E-01 0.3466
129.0 0.2794E-02
-0.1751 0.1200E-01
0.1038 0.3401
130.0 0.2734E-02
-0.1977 0.1022E-01
0.1184 0.3363
131.0 0.2654E-02
-0.2133 0.1071E-01
0.1296 0.3337
132.0 0.2552E-02
-0.2224 0.1365E-01
0.1376 0.3309
133.0 0.2430E-02
-0.2261 0.1917E-01
0.1430 0.3266
134.0 0.2292E-02
-0.2262 0.2724E-01
0.1466 0.3192
135.0 0.2142E-02
-0.2248 0.3767E-01
0.1500 0.3072
136.0 0.1991E-02
-0.2244 0.5023E-01
0.1546 0.2890
137.0 0.1848E-02
-0.2270 0.6493E-01
0.1621 0.2639
138.0 0.1726E-02
-0.2341 0.8225E-01
0.1738 0.2322
139.0 0.1634E-02
-0.2452 0.1030
0.1896 0.1969
140.0 0.1582E-02
-0.2577 0.1277
0.2079 0.1637
141.0 0.1576E-02
-0.2672 0.1555
0.2255 0.1393
142.0 0.1615E-02
-0.2692 0.1839
0.2385 0.1291
143.0 0.1695E-02
-0.2614 0.2094
0.2441 0.1340
144.0 0.1805E-02
-0.2441 0.2290
0.2414 0.1514
145.0 0.1930E-02
-0.2191 0.2409
0.2312 0.1766
146.0 0.2055E-02
-0.1888 0.2445
0.2149 0.2055
147.0 0.2167E-02
-0.1554 0.2405
0.1939 0.2349
148.0 0.2253E-02
-0.1204 0.2301
0.1690 0.2630
149.0 0.2307E-02
-0.8523E-01 0.2151
0.1407 0.2887
150.0 0.2327E-02
-0.5101E-01 0.1975
0.1093 0.3116
151.0 0.2314E-02
-0.1884E-01 0.1800
0.7463E-01 0.3311
152.0 0.2275E-02
0.1015E-01 0.1657
0.3670E-01 0.3468
153.0 0.2221E-02
0.3475E-01 0.1581
-0.4342E-02 0.3580
154.0 0.2165E-02
0.5382E-01 0.1614
-0.4770E-01 0.3641
155.0 0.2122E-02
0.6650E-01 0.1791
-0.9151E-01 0.3647
156.0 0.2106E-02
0.7262E-01 0.2131
-0.1327 0.3599
157.0 0.2128E-02
0.7303E-01 0.2620
-0.1673 0.3507
158.0 0.2195E-02
0.6963E-01 0.3201
-0.1918 0.3384
159.0 0.2305E-02
0.6482E-01 0.3793
-0.2046 0.3247
160.0 0.2451E-02
0.6077E-01 0.4319
-0.2061 0.3103
161.0 0.2619E-02
0.5892E-01 0.4724
-0.1983 0.2954
162.0 0.2787E-02
0.5988E-01 0.4985
-0.1835 0.2792
163.0 0.2937E-02
0.6373E-01 0.5103
-0.1638 0.2608
164.0 0.3046E-02
0.7029E-01 0.5089
-0.1402 0.2392
165.0 0.3101E-02
0.7926E-01 0.4959
-0.1132 0.2137
166.0 0.3091E-02
0.9034E-01 0.4732
-0.8257E-01 0.1835
167.0 0.3016E-02
0.1032 0.4425
-0.4771E-01 0.1482
168.0 0.2882E-02
0.1173 0.4060
-0.7836E-02 0.1079
169.0 0.2700E-02
0.1321 0.3665
0.3779E-01 0.6314E-01
170.0 0.2489E-02
0.1465 0.3279
0.8934E-01 0.1546E-01
171.0 0.2267E-02
0.1590 0.2956
0.1457 -0.3219E-01
172.0 0.2054E-02
0.1676 0.2768
0.2035 -0.7521E-01
173.0 0.1863E-02
0.1700 0.2791
0.2566 -0.1077
174.0 0.1706E-02
0.1643 0.3083
0.2963 -0.1238
175.0 0.1588E-02
0.1497 0.3645
0.3131 -0.1202
176.0 0.1507E-02
0.1269 0.4402
0.3004 -0.9869E-01
177.0 0.1458E-02
0.9820E-01 0.5214
0.2567 -0.6628E-01
178.0 0.1432E-02
0.6631E-01 0.5922
0.1865 -0.3311E-01
179.0 0.1421E-02
0.3325E-01 0.6398
0.9785E-01 -0.8841E-02
180.0 0.1419E-02
0.000 0.6564
0.000 0.000
