0.000 5.649
0.000 -0.2791E-01
0.000 0.000
1.000 5.554
-0.6663E-01 -0.2717E-01
-0.1035E-01 0.1575E-03
2.000 5.285
-0.1319 -0.2489E-01
-0.2111E-01 0.5536E-03
3.000 4.881
-0.1933 -0.2094E-01
-0.3277E-01 0.9292E-03
4.000 4.402
-0.2461 -0.1502E-01
-0.4592E-01 0.7619E-03
5.000 3.918
-0.2818 -0.6572E-02
-0.6112E-01 -0.8062E-03
6.000 3.498
-0.2889 0.5126E-02
-0.7855E-01 -0.4864E-02
7.000 3.194
-0.2572 0.2053E-01
-0.9731E-01 -0.1219E-01
8.000 3.031
-0.1871 0.3917E-01
-0.1153 -0.2239E-01
9.000 3.003
-0.9461E-01 0.5946E-01
-0.1299 -0.3357E-01
10.00 3.074
-0.2694E-02 0.7953E-01
-0.1400 -0.4341E-01
11.00 3.188
0.7211E-01 0.9834E-01
-0.1462 -0.5055E-01
12.00 3.284
0.1249 0.1158
-0.1497 -0.5492E-01
13.00 3.310
0.1580 0.1324
-0.1519 -0.5722E-01
14.00 3.237
0.1763 0.1485
-0.1534 -0.5842E-01
15.00 3.061
0.1838 0.1644
-0.1546 -0.5960E-01
16.00 2.802
0.1832 0.1800
-0.1549 -0.6187E-01
17.00 2.494
0.1759 0.1945
-0.1538 -0.6642E-01
18.00 2.170
0.1625 0.2070
-0.1498 -0.7434E-01
19.00 1.862
0.1439 0.2163
-0.1416 -0.8636E-01
20.00 1.585
0.1219 0.2209
-0.1276 -0.1024
21.00 1.347
0.9967E-01 0.2201
-0.1068 -0.1212
22.00 1.147
0.8243E-01 0.2135
-0.7874E-01 -0.1404
23.00 0.9777
0.7615E-01 0.2012
-0.4382E-01 -0.1568
24.00 0.8361
0.8655E-01 0.1825
-0.2921E-02 -0.1672
25.00 0.7188
0.1175 0.1564
0.4230E-01 -0.1683
26.00 0.6248
0.1689 0.1218
0.8889E-01 -0.1572
27.00 0.5535
0.2346 0.7844E-01
0.1320 -0.1327
28.00 0.5041
0.3022 0.2955E-01
0.1656 -0.9589E-01
29.00 0.4747
0.3564 -0.1838E-01
0.1841 -0.5126E-01
30.00 0.4624
0.3867 -0.5730E-01
0.1853 -0.5330E-02
31.00 0.4636
0.3912 -0.8103E-01
0.1711 0.3570E-01
32.00 0.4747
0.3766 -0.8730E-01
0.1461 0.6784E-01
33.00 0.4926
0.3525 -0.7760E-01
0.1157 0.8964E-01
34.00 0.5142
0.3277 -0.5560E-01
0.8441E-01 0.1015
35.00 0.5373
0.3078 -0.2561E-01
0.5546E-01 0.1046
36.00 0.5596
0.2954 0.8435E-02
0.3082E-01 0.1008
37.00 0.5795
0.2904 0.4349E-01
0.1145E-01 0.9174E-01
38.00 0.5952
0.2915 0.7749E-01
-0.2366E-02 0.7909E-01
39.00 0.6056
0.2969 0.1093
-0.1082E-01 0.6434E-01
40.00 0.6097
0.3046 0.1383
-0.1436E-01 0.4880E-01
41.00 0.6070
0.3129 0.1645
-0.1352E-01 0.3361E-01
42.00 0.5974
0.3203 0.1881
-0.8899E-02 0.1974E-01
43.00 0.5813
0.3258 0.2092
-0.1010E-02 0.8042E-02
44.00 0.5594
0.3286 0.2283
0.9674E-02 -0.7442E-03
45.00 0.5331
0.3280 0.2454
0.2273E-01 -0.5989E-02
46.00 0.5034
0.3240 0.2608
0.3778E-01 -0.7175E-02
47.00 0.4718
0.3166 0.2747
0.5441E-01 -0.3932E-02
48.00 0.4396
0.3061 0.2871
0.7221E-01 0.3921E-02
49.00 0.4077
0.2931 0.2981
0.9071E-01 0.1632E-01
50.00 0.3770
0.2784 0.3076
0.1094 0.3294E-01
51.00 0.3479
0.2625 0.3156
0.1279 0.5318E-01
52.00 0.3208
0.2462 0.3220
0.1457 0.7622E-01
53.00 0.2956
0.2300 0.3269
0.1625 0.1011
54.00 0.2724
0.2142 0.3305
0.1781 0.1269
55.00 0.2510
0.1991 0.3329
0.1923 0.1526
56.00 0.2314
0.1844 0.3345
0.2048 0.1775
57.00 0.2136
0.1701 0.3355
0.2155 0.2006
58.00 0.1976
0.1556 0.3358
0.2241 0.2214
59.00 0.1832
0.1407 0.3354
0.2307 0.2394
60.00 0.1705
0.1252 0.3341
0.2350 0.2544
61.00 0.1594
0.1092 0.3316
0.2371 0.2661
62.00 0.1496
0.9325E-01 0.3278
0.2373 0.2749
63.00 0.1411
0.7811E-01 0.3228
0.2359 0.2809
64.00 0.1337
0.6476E-01 0.3169
0.2333 0.2847
65.00 0.1271
0.5412E-01 0.3102
0.2296 0.2867
66.00 0.1212
0.4689E-01 0.3030
0.2254 0.2872
67.00 0.1158
0.4347E-01 0.2953
0.2206 0.2864
68.00 0.1110
0.4393E-01 0.2869
0.2156 0.2845
69.00 0.1064
0.4807E-01 0.2777
0.2104 0.2817
70.00 0.1020
0.5551E-01 0.2674
0.2052 0.2781
71.00 0.9782E-01
0.6576E-01 0.2558
0.2000 0.2738
72.00 0.9366E-01
0.7827E-01 0.2427
0.1950 0.2689
73.00 0.8955E-01
0.9251E-01 0.2282
0.1901 0.2636
74.00 0.8547E-01
0.1079 0.2123
0.1853 0.2577
75.00 0.8147E-01
0.1238 0.1950
0.1807 0.2514
76.00 0.7759E-01
0.1397 0.1765
0.1762 0.2446
77.00 0.7390E-01
0.1549 0.1570
0.1718 0.2374
78.00 0.7046E-01
0.1689 0.1367
0.1676 0.2296
79.00 0.6729E-01
0.1813 0.1160
0.1637 0.2215
80.00 0.6441E-01
0.1918 0.9549E-01
0.1601 0.2130
81.00 0.6177E-01
0.2002 0.7560E-01
0.1569 0.2043
82.00 0.5934E-01
0.2066 0.5689E-01
0.1541 0.1957
83.00 0.5703E-01
0.2112 0.3975E-01
0.1518 0.1874
84.00 0.5476E-01
0.2142 0.2439E-01
0.1500 0.1796
85.00 0.5245E-01
0.2159 0.1079E-01
0.1485 0.1726
86.00 0.5004E-01
0.2166 -0.1285E-02
0.1474 0.1663
87.00 0.4748E-01
0.2163 -0.1222E-01
0.1466 0.1610
88.00 0.4474E-01
0.2153 -0.2251E-01
0.1460 0.1567
89.00 0.4183E-01
0.2136 -0.3266E-01
0.1458 0.1532
90.00 0.3878E-01
0.2113 -0.4315E-01
0.1460 0.1505
91.00 0.3563E-01
0.2084 -0.5436E-01
0.1469 0.1484
92.00 0.3247E-01
0.2051 -0.6651E-01
0.1486 0.1466
93.00 0.2936E-01
0.2013 -0.7964E-01
0.1514 0.1448
94.00 0.2639E-01
0.1973 -0.9349E-01
0.1556 0.1426
95.00 0.2363E-01
0.1932 -0.1075
0.1615 0.1397
96.00 0.2113E-01
0.1892 -0.1208
0.1691 0.1358
97.00 0.1891E-01
0.1857 -0.1323
0.1783 0.1309
98.00 0.1697E-01
0.1829 -0.1410
0.1890 0.1249
99.00 0.1531E-01
0.1808 -0.1460
0.2006 0.1184
100.0 0.1390E-01
0.1793 -0.1469
0.2126 0.1116
101.0 0.1268E-01
0.1774 -0.1440
0.2243 0.1049
102.0 0.1164E-01
0.1738 -0.1379
0.2351 0.9836E-01
103.0 0.1074E-01
0.1671 -0.1297
0.2446 0.9162E-01
104.0 0.9949E-02
0.1557 -0.1202
0.2522 0.8412E-01
105.0 0.9248E-02
0.1384 -0.1104
0.2578 0.7516E-01
106.0 0.8623E-02
0.1148 -0.1006
0.2610 0.6424E-01
107.0 0.8063E-02
0.8554E-01 -0.9048E-01
0.2616 0.5122E-01
108.0 0.7558E-02
0.5193E-01 -0.7953E-01
0.2595 0.3656E-01
109.0 0.7101E-02
0.1611E-01 -0.6673E-01
0.2547 0.2129E-01
110.0 0.6681E-02
-0.1946E-01 -0.5111E-01
0.2474 0.6955E-02
111.0 0.6285E-02
-0.5242E-01 -0.3190E-01
0.2380 -0.4693E-02
112.0 0.5904E-02
-0.8087E-01 -0.8722E-02
0.2269 -0.1193E-01
113.0 0.5526E-02
-0.1036 0.1828E-01
0.2148 -0.1331E-01
114.0 0.5148E-02
-0.1202 0.4847E-01
0.2019 -0.7782E-02
115.0 0.4771E-02
-0.1311 0.8075E-01
0.1885 0.5135E-02
116.0 0.4400E-02
-0.1370 0.1136
0.1742 0.2520E-01
117.0 0.4047E-02
-0.1392 0.1452
0.1587 0.5120E-01
118.0 0.3725E-02
-0.1390 0.1736
0.1414 0.8068E-01
119.0 0.3445E-02
-0.1372 0.1970
0.1217 0.1100
120.0 0.3212E-02
-0.1340 0.2144
0.9941E-01 0.1351
121.0 0.3028E-02
-0.1285 0.2262
0.7467E-01 0.1521
122.0 0.2888E-02
-0.1196 0.2335
0.4825E-01 0.1593
123.0 0.2784E-02
-0.1062 0.2383
0.2137E-01 0.1570
124.0 0.2709E-02
-0.8840E-01 0.2423
-0.4397E-02 0.1477
125.0 0.2656E-02
-0.6807E-01 0.2465
-0.2713E-01 0.1347
126.0 0.2619E-02
-0.4854E-01 0.2510
-0.4475E-01 0.1214
127.0 0.2595E-02
-0.3410E-01 0.2553
-0.5524E-01 0.1105
128.0 0.2580E-02
-0.2875E-01 0.2583
-0.5708E-01 0.1032
129.0 0.2571E-02
-0.3510E-01 0.2593
-0.4955E-01 0.9998E-01
130.0 0.2565E-02
-0.5359E-01 0.2574
-0.3303E-01 0.1001
131.0 0.2558E-02
-0.8245E-01 0.2526
-0.8979E-02 0.1027
132.0 0.2544E-02
-0.1181 0.2449
0.2033E-01 0.1067
133.0 0.2521E-02
-0.1563 0.2348
0.5213E-01 0.1114
134.0 0.2485E-02
-0.1926 0.2226
0.8354E-01 0.1162
135.0 0.2434E-02
-0.2233 0.2091
0.1120 0.1209
136.0 0.2367E-02
-0.2462 0.1946
0.1353 0.1254
137.0 0.2285E-02
-0.2604 0.1793
0.1523 0.1298
138.0 0.2190E-02
-0.2665 0.1627
0.1622 0.1341
139.0 0.2090E-02
-0.2670 0.1437
0.1651 0.1380
140.0 0.1993E-02
-0.2656 0.1207
0.1615 0.1406
141.0 0.1914E-02
-0.2667 0.9238E-01
0.1529 0.1398
142.0 0.1865E-02
-0.2748 0.5923E-01
0.1411 0.1324
143.0 0.1855E-02
-0.2921 0.2448E-01
0.1286 0.1155
144.0 0.1889E-02
-0.3177 -0.6096E-02
0.1175 0.8794E-01
145.0 0.1959E-02
-0.3470 -0.2632E-01
0.1089 0.5121E-01
146.0 0.2052E-02
-0.3743 -0.3197E-01
0.1025 0.8764E-02
147.0 0.2147E-02
-0.3948 -0.2165E-01
0.9724E-01 -0.3553E-01
148.0 0.2223E-02
-0.4048 0.3901E-02
0.9166E-01 -0.7850E-01
149.0 0.2262E-02
-0.4021 0.4289E-01
0.8467E-01 -0.1180
150.0 0.2256E-02
-0.3847 0.9290E-01
0.7563E-01 -0.1524
151.0 0.2206E-02
-0.3506 0.1506
0.6454E-01 -0.1803
152.0 0.2129E-02
-0.2979 0.2106
0.5239E-01 -0.2004
153.0 0.2046E-02
-0.2264 0.2645
0.4141E-01 -0.2109
154.0 0.1986E-02
-0.1399 0.3012
0.3507E-01 -0.2109
155.0 0.1975E-02
-0.4791E-01 0.3098
0.3701E-01 -0.2016
156.0 0.2028E-02
0.3557E-01 0.2867
0.4890E-01 -0.1866
157.0 0.2152E-02
0.9870E-01 0.2388
0.6899E-01 -0.1710
158.0 0.2338E-02
0.1373 0.1802
0.9292E-01 -0.1593
159.0 0.2561E-02
0.1548 0.1246
0.1163 -0.1534
160.0 0.2788E-02
0.1583 0.8044E-01
0.1361 -0.1529
161.0 0.2977E-02
0.1542 0.5090E-01
0.1513 -0.1567
162.0 0.3091E-02
0.1472 0.3610E-01
0.1616 -0.1635
163.0 0.3097E-02
0.1402 0.3520E-01
0.1672 -0.1721
164.0 0.2979E-02
0.1347 0.4762E-01
0.1682 -0.1816
165.0 0.2742E-02
0.1315 0.7376E-01
0.1643 -0.1912
166.0 0.2408E-02
0.1308 0.1153
0.1541 -0.1995
167.0 0.2021E-02
0.1321 0.1752
0.1353 -0.2038
168.0 0.1632E-02
0.1329 0.2559
0.1038 -0.1990
169.0 0.1302E-02
0.1274 0.3520
0.5520E-01 -0.1757
170.0 0.1082E-02
0.1054 0.4346
-0.8339E-02 -0.1239
171.0 0.1012E-02
0.6181E-01 0.4485
-0.6573E-01 -0.5026E-01
172.0 0.1112E-02
0.1202E-01 0.3727
-0.8863E-01 0.1217E-01
173.0 0.1375E-02
-0.2234E-01 0.2609
-0.7794E-01 0.4018E-01
174.0 0.1776E-02
-0.3729E-01 0.1670
-0.5521E-01 0.4184E-01
175.0 0.2267E-02
-0.3959E-01 0.1039
-0.3456E-01 0.3268E-01
176.0 0.2791E-02
-0.3538E-01 0.6524E-01
-0.1980E-01 0.2164E-01
177.0 0.3283E-02
-0.2806E-01 0.4247E-01
-0.1042E-01 0.1221E-01
178.0 0.3685E-02
-0.1926E-01 0.2961E-01
-0.4947E-02 0.5389E-02
179.0 0.3947E-02
-0.9771E-02 0.2312E-01
-0.1898E-02 0.1338E-02
180.0 0.4038E-02
0.000 0.2114E-01
0.000 0.000
