0.000 3.779
0.000 -1.414
0.000 0.000
1.000 3.888
-0.1009 -1.310
-0.3606 -0.4258E-01
2.000 4.171
-0.1740 -1.051
-0.6289 -0.1483
3.000 4.516
-0.2113 -0.7411
-0.7779 -0.2748
4.000 4.777
-0.2208 -0.4527
-0.8335 -0.3925
5.000 4.819
-0.2136 -0.2115
-0.8312 -0.4910
6.000 4.566
-0.1980 -0.1610E-01
-0.7968 -0.5708
7.000 4.016
-0.1794 0.1443
-0.7433 -0.6363
8.000 3.244
-0.1617 0.2819
-0.6742 -0.6924
9.000 2.376
-0.1497 0.4077
-0.5840 -0.7438
10.00 1.554
-0.1540 0.5280
-0.4561 -0.7929
11.00 0.8943
-0.2045 0.6283
-0.2550 -0.8338
12.00 0.4657
-0.3827 0.5949
0.5531E-01 -0.8202
13.00 0.2780
-0.7418 0.9331E-01
0.2559 -0.6154
14.00 0.2909
-0.8397 -0.5486
-0.1363 -0.3533
15.00 0.4326
-0.6292 -0.6303
-0.5499 -0.3200
16.00 0.6233
-0.4439 -0.5179
-0.7310 -0.3659
17.00 0.7950
-0.3187 -0.4107
-0.8036 -0.4097
18.00 0.9039
-0.2274 -0.3325
-0.8352 -0.4416
19.00 0.9330
-0.1522 -0.2761
-0.8500 -0.4646
20.00 0.8880
-0.8308E-01 -0.2316
-0.8560 -0.4828
21.00 0.7893
-0.1453E-01 -0.1893
-0.8552 -0.5000
22.00 0.6627
0.5557E-01 -0.1386
-0.8459 -0.5208
23.00 0.5320
0.1248 -0.6738E-01
-0.8241 -0.5498
24.00 0.4150
0.1833 0.3634E-01
-0.7837 -0.5921
25.00 0.3218
0.2101 0.1779
-0.7187 -0.6499
26.00 0.2552
0.1757 0.3426
-0.6283 -0.7171
27.00 0.2130
0.6051E-01 0.4865
-0.5238 -0.7759
28.00 0.1899
-0.1208 0.5564
-0.4262 -0.8044
29.00 0.1794
-0.3219 0.5305
-0.3515 -0.7938
30.00 0.1754
-0.4996 0.4291
-0.3003 -0.7525
31.00 0.1729
-0.6360 0.2885
-0.2626 -0.6950
32.00 0.1686
-0.7323 0.1367
-0.2275 -0.6331
33.00 0.1608
-0.7969 -0.1102E-01
-0.1868 -0.5728
34.00 0.1491
-0.8378 -0.1492
-0.1355 -0.5164
35.00 0.1340
-0.8598 -0.2773
-0.7008E-01 -0.4641
36.00 0.1169
-0.8640 -0.3975
0.1129E-01 -0.4150
37.00 0.9941E-01
-0.8479 -0.5131
0.1088 -0.3678
38.00 0.8283E-01
-0.8057 -0.6278
0.2196 -0.3209
39.00 0.6829E-01
-0.7299 -0.7446
0.3355 -0.2732
40.00 0.5646E-01
-0.6151 -0.8642
0.4414 -0.2243
41.00 0.4755E-01
-0.4645 -0.9835
0.5164 -0.1756
42.00 0.4136E-01
-0.2949 -1.095
0.5420 -0.1302
43.00 0.3746E-01
-0.1342 -1.189
0.5137 -0.9176E-01
44.00 0.3529E-01
-0.7597E-02 -1.260
0.4468 -0.6279E-01
45.00 0.3425E-01
0.7484E-01 -1.308
0.3667 -0.4315E-01
46.00 0.3384E-01
0.1185 -1.338
0.2961 -0.3103E-01
47.00 0.3363E-01
0.1368 -1.354
0.2477 -0.2434E-01
48.00 0.3337E-01
0.1435 -1.361
0.2250 -0.2161E-01
49.00 0.3290E-01
0.1493 -1.359
0.2257 -0.2220E-01
50.00 0.3219E-01
0.1616 -1.350
0.2450 -0.2613E-01
51.00 0.3127E-01
0.1849 -1.331
0.2769 -0.3377E-01
52.00 0.3022E-01
0.2211 -1.302
0.3147 -0.4554E-01
53.00 0.2914E-01
0.2704 -1.263
0.3516 -0.6158E-01
54.00 0.2811E-01
0.3305 -1.214
0.3809 -0.8148E-01
55.00 0.2716E-01
0.3976 -1.159
0.3975 -0.1041
56.00 0.2633E-01
0.4667 -1.100
0.3980 -0.1279
57.00 0.2556E-01
0.5328 -1.045
0.3820 -0.1507
58.00 0.2482E-01
0.5916 -0.9955
0.3513 -0.1707
59.00 0.2405E-01
0.6403 -0.9565
0.3093 -0.1866
60.00 0.2318E-01
0.6777 -0.9297
0.2598 -0.1976
61.00 0.2218E-01
0.7033 -0.9158
0.2065 -0.2032
62.00 0.2102E-01
0.7176 -0.9144
0.1524 -0.2038
63.00 0.1971E-01
0.7213 -0.9247
0.9984E-01 -0.1996
64.00 0.1826E-01
0.7151 -0.9455
0.5067E-01 -0.1911
65.00 0.1670E-01
0.6995 -0.9755
0.6306E-02 -0.1788
66.00 0.1506E-01
0.6749 -1.013
-0.3195E-01 -0.1633
67.00 0.1341E-01
0.6416 -1.058
-0.6272E-01 -0.1451
68.00 0.1176E-01
0.5999 -1.107
-0.8442E-01 -0.1249
69.00 0.1018E-01
0.5503 -1.159
-0.9514E-01 -0.1036
70.00 0.8702E-02
0.4938 -1.212
-0.9273E-01 -0.8204E-01
71.00 0.7352E-02
0.4324 -1.262
-0.7501E-01 -0.6167E-01
72.00 0.6155E-02
0.3693 -1.304
-0.4026E-01 -0.4412E-01
73.00 0.5119E-02
0.3092 -1.335
0.1209E-01 -0.3125E-01
74.00 0.4241E-02
0.2582 -1.350
0.8056E-01 -0.2487E-01
75.00 0.3511E-02
0.2230 -1.346
0.1609 -0.2637E-01
76.00 0.2909E-02
0.2100 -1.321
0.2461 -0.3626E-01
77.00 0.2416E-02
0.2236 -1.277
0.3264 -0.5399E-01
78.00 0.2011E-02
0.2651 -1.217
0.3910 -0.7786E-01
79.00 0.1677E-02
0.3322 -1.148
0.4290 -0.1054
80.00 0.1402E-02
0.4186 -1.077
0.4309 -0.1335
81.00 0.1174E-02
0.5138 -1.012
0.3892 -0.1592
82.00 0.9872E-03
0.6038 -0.9592
0.3007 -0.1796
83.00 0.8362E-03
0.6713 -0.9245
0.1675 -0.1924
84.00 0.7172E-03
0.6979 -0.9109
-0.1499E-03 -0.1965
85.00 0.6272E-03
0.6691 -0.9178
-0.1827 -0.1920
86.00 0.5631E-03
0.5802 -0.9412
-0.3538 -0.1808
87.00 0.5214E-03
0.4405 -0.9738
-0.4879 -0.1661
88.00 0.4985E-03
0.2724 -1.007
-0.5694 -0.1513
89.00 0.4903E-03
0.1019 -1.035
-0.5983 -0.1392
90.00 0.4929E-03
-0.5075E-01 -1.054
-0.5874 -0.1312
91.00 0.5021E-03
-0.1761 -1.062
-0.5544 -0.1276
92.00 0.5143E-03
-0.2739 -1.060
-0.5145 -0.1281
93.00 0.5261E-03
-0.3493 -1.049
-0.4778 -0.1325
94.00 0.5354E-03
-0.4090 -1.029
-0.4489 -0.1405
95.00 0.5407E-03
-0.4593 -0.9987
-0.4288 -0.1526
96.00 0.5415E-03
-0.5049 -0.9572
-0.4154 -0.1690
97.00 0.5383E-03
-0.5494 -0.9038
-0.4053 -0.1903
98.00 0.5323E-03
-0.5944 -0.8378
-0.3938 -0.2165
99.00 0.5246E-03
-0.6402 -0.7600
-0.3762 -0.2475
100.0 0.5168E-03
-0.6853 -0.6720
-0.3478 -0.2826
101.0 0.5100E-03
-0.7266 -0.5767
-0.3053 -0.3208
102.0 0.5054E-03
-0.7604 -0.4780
-0.2468 -0.3604
103.0 0.5035E-03
-0.7827 -0.3800
-0.1731 -0.3999
104.0 0.5047E-03
-0.7903 -0.2865
-0.8675E-01 -0.4377
105.0 0.5091E-03
-0.7813 -0.2004
0.7723E-02 -0.4727
106.0 0.5165E-03
-0.7556 -0.1233
0.1049 -0.5042
107.0 0.5265E-03
-0.7149 -0.5560E-01
0.1995 -0.5319
108.0 0.5385E-03
-0.6621 0.3318E-02
0.2867 -0.5562
109.0 0.5514E-03
-0.6008 0.5479E-01
0.3633 -0.5775
110.0 0.5645E-03
-0.5344 0.1005
0.4274 -0.5964
111.0 0.5770E-03
-0.4653 0.1421
0.4783 -0.6137
112.0 0.5887E-03
-0.3951 0.1809
0.5166 -0.6299
113.0 0.6004E-03
-0.3243 0.2175
0.5434 -0.6451
114.0 0.6136E-03
-0.2529 0.2518
0.5607 -0.6595
115.0 0.6303E-03
-0.1809 0.2828
0.5704 -0.6727
116.0 0.6532E-03
-0.1086 0.3089
0.5748 -0.6840
117.0 0.6842E-03
-0.3723E-01 0.3285
0.5757 -0.6929
118.0 0.7241E-03
0.3167E-01 0.3407
0.5747 -0.6989
119.0 0.7723E-03
0.9636E-01 0.3454
0.5729 -0.7019
120.0 0.8261E-03
0.1557 0.3432
0.5709 -0.7022
121.0 0.8812E-03
0.2094 0.3350
0.5689 -0.6998
122.0 0.9323E-03
0.2578 0.3214
0.5672 -0.6951
123.0 0.9739E-03
0.3014 0.3029
0.5662 -0.6882
124.0 0.1001E-02
0.3408 0.2794
0.5662 -0.6790
125.0 0.1009E-02
0.3763 0.2508
0.5679 -0.6675
126.0 0.9962E-03
0.4074 0.2171
0.5719 -0.6536
127.0 0.9615E-03
0.4336 0.1781
0.5791 -0.6373
128.0 0.9058E-03
0.4535 0.1340
0.5901 -0.6187
129.0 0.8320E-03
0.4653 0.8574E-01
0.6057 -0.5978
130.0 0.7441E-03
0.4663 0.3449E-01
0.6266 -0.5753
131.0 0.6476E-03
0.4531 -0.1732E-01
0.6530 -0.5518
132.0 0.5485E-03
0.4212 -0.6555E-01
0.6843 -0.5288
133.0 0.4530E-03
0.3653 -0.1032
0.7181 -0.5089
134.0 0.3666E-03
0.2804 -0.1190
0.7479 -0.4964
135.0 0.2938E-03
0.1658 -0.9650E-01
0.7605 -0.4976
136.0 0.2377E-03
0.3234E-01 -0.1765E-01
0.7337 -0.5203
137.0 0.1994E-03
-0.8749E-01 0.1239
0.6421 -0.5685
138.0 0.1789E-03
-0.1443 0.3019
0.4783 -0.6342
139.0 0.1744E-03
-0.1058 0.4577
0.2737 -0.6958
140.0 0.1834E-03
0.1077E-01 0.5425
0.8302E-01 -0.7334
141.0 0.2024E-03
0.1559 0.5520
-0.5780E-01 -0.7431
142.0 0.2276E-03
0.2885 0.5138
-0.1462 -0.7336
143.0 0.2547E-03
0.3906 0.4582
-0.1972 -0.7162
144.0 0.2797E-03
0.4593 0.4052
-0.2284 -0.6985
145.0 0.2992E-03
0.4977 0.3652
-0.2535 -0.6846
146.0 0.3112E-03
0.5089 0.3408
-0.2827 -0.6758
147.0 0.3150E-03
0.4943 0.3294
-0.3238 -0.6711
148.0 0.3122E-03
0.4535 0.3219
-0.3824 -0.6671
149.0 0.3064E-03
0.3864 0.3018
-0.4613 -0.6575
150.0 0.3027E-03
0.2975 0.2457
-0.5571 -0.6333
151.0 0.3072E-03
0.2011 0.1315
-0.6568 -0.5865
152.0 0.3262E-03
0.1214 -0.4437E-01
-0.7391 -0.5164
153.0 0.3650E-03
0.8089E-01 -0.2555
-0.7852 -0.4340
154.0 0.4270E-03
0.8610E-01 -0.4586
-0.7920 -0.3562
155.0 0.5125E-03
0.1267 -0.6206
-0.7710 -0.2952
156.0 0.6189E-03
0.1865 -0.7301
-0.7377 -0.2551
157.0 0.7399E-03
0.2524 -0.7909
-0.7039 -0.2340
158.0 0.8661E-03
0.3166 -0.8118
-0.6759 -0.2282
159.0 0.9859E-03
0.3757 -0.8009
-0.6559 -0.2346
160.0 0.1086E-02
0.4279 -0.7634
-0.6442 -0.2511
161.0 0.1155E-02
0.4725 -0.7013
-0.6401 -0.2771
162.0 0.1183E-02
0.5081 -0.6139
-0.6419 -0.3130
163.0 0.1165E-02
0.5318 -0.4976
-0.6474 -0.3601
164.0 0.1101E-02
0.5375 -0.3462
-0.6527 -0.4209
165.0 0.1001E-02
0.5127 -0.1531
-0.6509 -0.4980
166.0 0.8812E-03
0.4351 0.8284E-01
-0.6284 -0.5919
167.0 0.7643E-03
0.2709 0.3391
-0.5623 -0.6936
168.0 0.6774E-03
-0.8269E-02 0.5370
-0.4241 -0.7716
169.0 0.6487E-03
-0.3695 0.5357
-0.2105 -0.7701
170.0 0.7029E-03
-0.6783 0.2539
0.1593E-01 -0.6571
171.0 0.8573E-03
-0.8126 -0.1889
0.1690 -0.4807
172.0 0.1119E-02
-0.7861 -0.6031
0.2279 -0.3161
173.0 0.1480E-02
-0.6805 -0.9061
0.2257 -0.1960
174.0 0.1920E-02
-0.5552 -1.105
0.1968 -0.1175
175.0 0.2406E-02
-0.4359 -1.230
0.1600 -0.6813E-01
176.0 0.2895E-02
-0.3295 -1.308
0.1232 -0.3753E-01
177.0 0.3341E-02
-0.2357 -1.355
0.8904E-01 -0.1877E-01
178.0 0.3699E-02
-0.1517 -1.384
0.5761E-01 -0.7667E-02
179.0 0.3930E-02
-0.7422E-01 -1.398
0.2826E-01 -0.1822E-02
180.0 0.4010E-02
0.000 -1.403
0.000 0.000
