0.000 3.802
0.000 -1.414
0.000 0.000
1.000 3.911
-0.9604E-01 -1.311
-0.3609 -0.4233E-01
2.000 4.193
-0.1654 -1.053
-0.6297 -0.1475
3.000 4.537
-0.2004 -0.7442
-0.7798 -0.2735
4.000 4.796
-0.2083 -0.4566
-0.8364 -0.3909
5.000 4.836
-0.2000 -0.2157
-0.8351 -0.4893
6.000 4.580
-0.1832 -0.2044E-01
-0.8015 -0.5690
7.000 4.028
-0.1631 0.1400
-0.7490 -0.6345
8.000 3.253
-0.1432 0.2779
-0.6809 -0.6908
9.000 2.383
-0.1277 0.4045
-0.5921 -0.7425
10.00 1.558
-0.1266 0.5270
-0.4658 -0.7925
11.00 0.8956
-0.1689 0.6343
-0.2662 -0.8363
12.00 0.4645
-0.3387 0.6209
0.4723E-01 -0.8308
13.00 0.2747
-0.7126 0.1527
0.2669 -0.6396
14.00 0.2856
-0.8513 -0.4894
-0.1135 -0.3775
15.00 0.4256
-0.6555 -0.5874
-0.5327 -0.3375
16.00 0.6149
-0.4714 -0.4852
-0.7185 -0.3792
17.00 0.7856
-0.3452 -0.3838
-0.7938 -0.4206
18.00 0.8938
-0.2534 -0.3089
-0.8273 -0.4512
19.00 0.9224
-0.1785 -0.2544
-0.8435 -0.4735
20.00 0.8774
-0.1105 -0.2110
-0.8510 -0.4912
21.00 0.7789
-0.4395E-01 -0.1694
-0.8517 -0.5082
22.00 0.6526
0.2327E-01 -0.1194
-0.8443 -0.5286
23.00 0.5225
0.8875E-01 -0.4920E-01
-0.8248 -0.5572
24.00 0.4064
0.1426 0.5257E-01
-0.7872 -0.5988
25.00 0.3141
0.1641 0.1904
-0.7250 -0.6551
26.00 0.2485
0.1246 0.3482
-0.6372 -0.7195
27.00 0.2074
0.5502E-02 0.4809
-0.5344 -0.7736
28.00 0.1853
-0.1759 0.5356
-0.4380 -0.7960
29.00 0.1758
-0.3722 0.4939
-0.3640 -0.7789
30.00 0.1727
-0.5415 0.3798
-0.3132 -0.7324
31.00 0.1709
-0.6680 0.2308
-0.2756 -0.6715
32.00 0.1672
-0.7549 0.7435E-01
-0.2406 -0.6077
33.00 0.1598
-0.8113 -0.7571E-01
-0.2002 -0.5464
34.00 0.1482
-0.8453 -0.2148
-0.1496 -0.4896
35.00 0.1332
-0.8616 -0.3430
-0.8536E-01 -0.4373
36.00 0.1160
-0.8612 -0.4627
-0.5790E-02 -0.3884
37.00 0.9830E-01
-0.8416 -0.5774
0.8941E-01 -0.3416
38.00 0.8143E-01
-0.7968 -0.6904
0.1976 -0.2954
39.00 0.6659E-01
-0.7191 -0.8046
0.3112 -0.2488
40.00 0.5446E-01
-0.6022 -0.9207
0.4152 -0.2014
41.00 0.4527E-01
-0.4483 -1.036
0.4882 -0.1544
42.00 0.3888E-01
-0.2743 -1.142
0.5098 -0.1111
43.00 0.3484E-01
-0.1098 -1.230
0.4742 -0.7497E-01
44.00 0.3260E-01
0.1695E-01 -1.295
0.3968 -0.4834E-01
45.00 0.3158E-01
0.9394E-01 -1.338
0.3060 -0.3081E-01
46.00 0.3125E-01
0.1275 -1.364
0.2276 -0.2027E-01
47.00 0.3119E-01
0.1333 -1.378
0.1754 -0.1440E-01
48.00 0.3113E-01
0.1270 -1.385
0.1528 -0.1171E-01
49.00 0.3089E-01
0.1207 -1.385
0.1570 -0.1162E-01
50.00 0.3042E-01
0.1223 -1.379
0.1823 -0.1428E-01
51.00 0.2974E-01
0.1367 -1.364
0.2221 -0.2022E-01
52.00 0.2894E-01
0.1660 -1.340
0.2693 -0.3003E-01
53.00 0.2808E-01
0.2101 -1.306
0.3166 -0.4403E-01
54.00 0.2725E-01
0.2670 -1.262
0.3573 -0.6198E-01
55.00 0.2649E-01
0.3326 -1.211
0.3858 -0.8295E-01
56.00 0.2581E-01
0.4018 -1.156
0.3985 -0.1054
57.00 0.2518E-01
0.4693 -1.101
0.3948 -0.1275
58.00 0.2456E-01
0.5308 -1.053
0.3760 -0.1474
59.00 0.2388E-01
0.5830 -1.013
0.3455 -0.1637
60.00 0.2310E-01
0.6247 -0.9834
0.3071 -0.1757
61.00 0.2216E-01
0.6552 -0.9656
0.2642 -0.1829
62.00 0.2107E-01
0.6751 -0.9593
0.2201 -0.1855
63.00 0.1981E-01
0.6851 -0.9635
0.1771 -0.1837
64.00 0.1840E-01
0.6860 -0.9772
0.1371 -0.1781
65.00 0.1687E-01
0.6785 -0.9991
0.1015 -0.1691
66.00 0.1527E-01
0.6634 -1.028
0.7166E-01 -0.1574
67.00 0.1363E-01
0.6413 -1.062
0.4874E-01 -0.1434
68.00 0.1200E-01
0.6128 -1.100
0.3415E-01 -0.1280
69.00 0.1043E-01
0.5790 -1.139
0.2931E-01 -0.1118
70.00 0.8957E-02
0.5413 -1.177
0.3566E-01 -0.9605E-01
71.00 0.7610E-02
0.5022 -1.212
0.5426E-01 -0.8189E-01
72.00 0.6411E-02
0.4649 -1.239
0.8537E-01 -0.7082E-01
73.00 0.5371E-02
0.4338 -1.254
0.1278 -0.6438E-01
74.00 0.4488E-02
0.4137 -1.255
0.1781 -0.6388E-01
75.00 0.3751E-02
0.4093 -1.239
0.2307 -0.7007E-01
76.00 0.3142E-02
0.4239 -1.207
0.2777 -0.8287E-01
77.00 0.2640E-02
0.4584 -1.162
0.3100 -0.1012
78.00 0.2227E-02
0.5103 -1.107
0.3184 -0.1232
79.00 0.1885E-02
0.5736 -1.049
0.2954 -0.1466
80.00 0.1600E-02
0.6392 -0.9931
0.2356 -0.1691
81.00 0.1363E-02
0.6951 -0.9443
0.1375 -0.1886
82.00 0.1164E-02
0.7276 -0.9057
0.4001E-02 -0.2039
83.00 0.9995E-03
0.7232 -0.8783
-0.1567 -0.2146
84.00 0.8645E-03
0.6707 -0.8605
-0.3303 -0.2213
85.00 0.7554E-03
0.5648 -0.8487
-0.4978 -0.2256
86.00 0.6689E-03
0.4088 -0.8383
-0.6379 -0.2293
87.00 0.6018E-03
0.2158 -0.8251
-0.7324 -0.2342
88.00 0.5507E-03
0.6346E-02 -0.8066
-0.7714 -0.2414
89.00 0.5122E-03
-0.1973 -0.7827
-0.7553 -0.2508
90.00 0.4834E-03
-0.3768 -0.7551
-0.6948 -0.2619
91.00 0.4611E-03
-0.5220 -0.7261
-0.6054 -0.2736
92.00 0.4430E-03
-0.6310 -0.6976
-0.5033 -0.2851
93.00 0.4270E-03
-0.7080 -0.6700
-0.4010 -0.2964
94.00 0.4118E-03
-0.7600 -0.6424
-0.3062 -0.3075
95.00 0.3970E-03
-0.7943 -0.6130
-0.2218 -0.3195
96.00 0.3830E-03
-0.8168 -0.5795
-0.1467 -0.3331
97.00 0.3706E-03
-0.8314 -0.5404
-0.7758E-01 -0.3489
98.00 0.3610E-03
-0.8397 -0.4956
-0.9782E-02 -0.3672
99.00 0.3555E-03
-0.8413 -0.4470
0.6114E-01 -0.3870
100.0 0.3551E-03
-0.8345 -0.3984
0.1380 -0.4070
101.0 0.3607E-03
-0.8172 -0.3545
0.2210 -0.4251
102.0 0.3723E-03
-0.7883 -0.3196
0.3076 -0.4397
103.0 0.3898E-03
-0.7484 -0.2960
0.3937 -0.4498
104.0 0.4122E-03
-0.6997 -0.2840
0.4747 -0.4552
105.0 0.4386E-03
-0.6453 -0.2814
0.5473 -0.4566
106.0 0.4675E-03
-0.5888 -0.2854
0.6092 -0.4554
107.0 0.4969E-03
-0.5335 -0.2925
0.6598 -0.4529
108.0 0.5249E-03
-0.4822 -0.2997
0.6998 -0.4502
109.0 0.5491E-03
-0.4371 -0.3045
0.7302 -0.4485
110.0 0.5676E-03
-0.3996 -0.3050
0.7524 -0.4484
111.0 0.5786E-03
-0.3706 -0.2994
0.7678 -0.4508
112.0 0.5815E-03
-0.3501 -0.2862
0.7773 -0.4561
113.0 0.5766E-03
-0.3379 -0.2633
0.7815 -0.4654
114.0 0.5657E-03
-0.3327 -0.2287
0.7806 -0.4794
115.0 0.5518E-03
-0.3319 -0.1802
0.7747 -0.4990
116.0 0.5386E-03
-0.3314 -0.1168
0.7637 -0.5247
117.0 0.5296E-03
-0.3259 -0.3961E-01
0.7474 -0.5561
118.0 0.5279E-03
-0.3101 0.4698E-01
0.7267 -0.5913
119.0 0.5349E-03
-0.2807 0.1356
0.7029 -0.6274
120.0 0.5503E-03
-0.2376 0.2181
0.6779 -0.6611
121.0 0.5719E-03
-0.1841 0.2878
0.6539 -0.6897
122.0 0.5964E-03
-0.1247 0.3415
0.6323 -0.7117
123.0 0.6196E-03
-0.6386E-01 0.3788
0.6142 -0.7270
124.0 0.6374E-03
-0.5299E-02 0.4012
0.6001 -0.7362
125.0 0.6464E-03
0.4823E-01 0.4113
0.5902 -0.7402
126.0 0.6438E-03
0.9455E-01 0.4116
0.5847 -0.7402
127.0 0.6284E-03
0.1318 0.4051
0.5833 -0.7373
128.0 0.6002E-03
0.1581 0.3951
0.5855 -0.7327
129.0 0.5607E-03
0.1717 0.3852
0.5898 -0.7281
130.0 0.5128E-03
0.1709 0.3800
0.5940 -0.7252
131.0 0.4605E-03
0.1547 0.3849
0.5938 -0.7261
132.0 0.4083E-03
0.1239 0.4058
0.5828 -0.7334
133.0 0.3607E-03
0.8333E-01 0.4473
0.5514 -0.7488
134.0 0.3219E-03
0.4418E-01 0.5096
0.4893 -0.7726
135.0 0.2947E-03
0.2389E-01 0.5833
0.3898 -0.8011
136.0 0.2810E-03
0.4031E-01 0.6484
0.2581 -0.8266
137.0 0.2807E-03
0.1008 0.6817
0.1133 -0.8398
138.0 0.2928E-03
0.1962 0.6702
-0.1991E-01 -0.8353
139.0 0.3150E-03
0.3070 0.6172
-0.1238 -0.8144
140.0 0.3441E-03
0.4144 0.5369
-0.1935 -0.7825
141.0 0.3767E-03
0.5068 0.4461
-0.2334 -0.7463
142.0 0.4085E-03
0.5797 0.3584
-0.2518 -0.7112
143.0 0.4355E-03
0.6328 0.2832
-0.2572 -0.6810
144.0 0.4537E-03
0.6680 0.2263
-0.2565 -0.6580
145.0 0.4599E-03
0.6872 0.1911
-0.2557 -0.6435
146.0 0.4521E-03
0.6912 0.1795
-0.2596 -0.6382
147.0 0.4302E-03
0.6788 0.1920
-0.2730 -0.6424
148.0 0.3963E-03
0.6460 0.2270
-0.3011 -0.6551
149.0 0.3548E-03
0.5857 0.2778
-0.3501 -0.6736
150.0 0.3116E-03
0.4883 0.3269
-0.4269 -0.6906
151.0 0.2742E-03
0.3477 0.3384
-0.5343 -0.6918
152.0 0.2498E-03
0.1772 0.2594
-0.6610 -0.6565
153.0 0.2450E-03
0.2403E-01 0.5558E-01
-0.7724 -0.5719
154.0 0.2642E-03
-0.5219E-01 -0.2340
-0.8292 -0.4550
155.0 0.3088E-03
-0.3381E-01 -0.5130
-0.8239 -0.3444
156.0 0.3771E-03
0.4711E-01 -0.7128
-0.7823 -0.2666
157.0 0.4638E-03
0.1502 -0.8230
-0.7330 -0.2249
158.0 0.5604E-03
0.2510 -0.8615
-0.6917 -0.2117
159.0 0.6565E-03
0.3397 -0.8484
-0.6637 -0.2187
160.0 0.7402E-03
0.4135 -0.7965
-0.6492 -0.2410
161.0 0.8008E-03
0.4712 -0.7120
-0.6468 -0.2760
162.0 0.8301E-03
0.5108 -0.5953
-0.6540 -0.3237
163.0 0.8245E-03
0.5263 -0.4431
-0.6680 -0.3854
164.0 0.7870E-03
0.5055 -0.2512
-0.6831 -0.4629
165.0 0.7275E-03
0.4260 -0.2089E-01
-0.6892 -0.5556
166.0 0.6637E-03
0.2559 0.2240
-0.6668 -0.6540
167.0 0.6188E-03
-0.2787E-01 0.4103
-0.5882 -0.7288
168.0 0.6198E-03
-0.3882 0.4166
-0.4378 -0.7313
169.0 0.6935E-03
-0.6984 0.1765
-0.2478 -0.6349
170.0 0.8627E-03
-0.8448 -0.2131
-0.8519E-01 -0.4785
171.0 0.1142E-02
-0.8339 -0.5920
0.1407E-01 -0.3266
172.0 0.1534E-02
-0.7389 -0.8807
0.5901E-01 -0.2108
173.0 0.2027E-02
-0.6182 -1.077
0.7174E-01 -0.1321
174.0 0.2596E-02
-0.4996 -1.205
0.6873E-01 -0.8082E-01
175.0 0.3202E-02
-0.3925 -1.288
0.5909E-01 -0.4792E-01
176.0 0.3798E-02
-0.2979 -1.340
0.4718E-01 -0.2692E-01
177.0 0.4332E-02
-0.2141 -1.373
0.3489E-01 -0.1367E-01
178.0 0.4755E-02
-0.1383 -1.393
0.2291E-01 -0.5648E-02
179.0 0.5028E-02
-0.6784E-01 -1.404
0.1133E-01 -0.1351E-02
180.0 0.5121E-02
0.000 -1.407
0.000 0.000
