0.000 0.3998E-02
0.000 0.7071
0.000 0.000
1.000 0.4155E-02
-0.4530E-01 0.7038
0.8906E-02 0.2055E-02
2.000 0.4595E-02
-0.7430E-01 0.6953
0.2322E-01 0.6936E-02
3.000 0.5234E-02
-0.8333E-01 0.6842
0.4434E-01 0.1221E-01
4.000 0.5955E-02
-0.7843E-01 0.6723
0.7050E-01 0.1625E-01
5.000 0.6636E-02
-0.6724E-01 0.6602
0.9931E-01 0.1862E-01
6.000 0.7174E-02
-0.5525E-01 0.6477
0.1289 0.1962E-01
7.000 0.7501E-02
-0.4548E-01 0.6343
0.1581 0.1991E-01
8.000 0.7590E-02
-0.3916E-01 0.6192
0.1860 0.2028E-01
9.000 0.7450E-02
-0.3634E-01 0.6013
0.2126 0.2150E-01
10.00 0.7110E-02
-0.3623E-01 0.5796
0.2378 0.2415E-01
11.00 0.6614E-02
-0.3763E-01 0.5524
0.2621 0.2856E-01
12.00 0.6010E-02
-0.3916E-01 0.5183
0.2857 0.3480E-01
13.00 0.5347E-02
-0.3959E-01 0.4751
0.3083 0.4293E-01
14.00 0.4673E-02
-0.3813E-01 0.4207
0.3284 0.5342E-01
15.00 0.4035E-02
-0.3471E-01 0.3534
0.3417 0.6759E-01
16.00 0.3472E-02
-0.3039E-01 0.2736
0.3414 0.8788E-01
17.00 0.3013E-02
-0.2739E-01 0.1863
0.3192 0.1173
18.00 0.2672E-02
-0.2851E-01 0.1030
0.2689 0.1577
19.00 0.2447E-02
-0.3558E-01 0.3979E-01
0.1923 0.2076
20.00 0.2322E-02
-0.4792E-01 0.9817E-02
0.1014 0.2618
21.00 0.2268E-02
-0.6256E-01 0.1584E-01
0.1268E-01 0.3135
22.00 0.2254E-02
-0.7625E-01 0.5002E-01
-0.6071E-01 0.3577
23.00 0.2247E-02
-0.8727E-01 0.9965E-01
-0.1134 0.3923
24.00 0.2220E-02
-0.9589E-01 0.1529
-0.1462 0.4176
25.00 0.2155E-02
-0.1038 0.2012
-0.1630 0.4345
26.00 0.2044E-02
-0.1132 0.2394
-0.1680 0.4439
27.00 0.1887E-02
-0.1261 0.2641
-0.1648 0.4465
28.00 0.1696E-02
-0.1442 0.2733
-0.1559 0.4425
29.00 0.1487E-02
-0.1679 0.2651
-0.1431 0.4321
30.00 0.1277E-02
-0.1963 0.2375
-0.1272 0.4152
31.00 0.1080E-02
-0.2263 0.1890
-0.1093 0.3918
32.00 0.9088E-03
-0.2529 0.1198
-0.9075E-01 0.3619
33.00 0.7683E-03
-0.2693 0.3360E-01
-0.7384E-01 0.3260
34.00 0.6590E-03
-0.2693 -0.6059E-01
-0.6155E-01 0.2851
35.00 0.5775E-03
-0.2509 -0.1501
-0.5657E-01 0.2412
36.00 0.5176E-03
-0.2175 -0.2229
-0.5985E-01 0.1971
37.00 0.4724E-03
-0.1773 -0.2728
-0.6982E-01 0.1555
38.00 0.4357E-03
-0.1391 -0.3007
-0.8292E-01 0.1182
39.00 0.4032E-03
-0.1089 -0.3126
-0.9473E-01 0.8670E-01
40.00 0.3729E-03
-0.8960E-01 -0.3158
-0.1007 0.6211E-01
41.00 0.3446E-03
-0.8143E-01 -0.3164
-0.9672E-01 0.4561E-01
42.00 0.3194E-03
-0.8279E-01 -0.3188
-0.7951E-01 0.3795E-01
43.00 0.2982E-03
-0.9118E-01 -0.3249
-0.4803E-01 0.3848E-01
44.00 0.2811E-03
-0.1038 -0.3345
-0.4291E-02 0.4426E-01
45.00 0.2673E-03
-0.1179 -0.3461
0.4692E-01 0.5053E-01
46.00 0.2553E-03
-0.1317 -0.3573
0.9968E-01 0.5237E-01
47.00 0.2436E-03
-0.1434 -0.3660
0.1487 0.4654E-01
48.00 0.2315E-03
-0.1518 -0.3701
0.1902 0.3236E-01
49.00 0.2189E-03
-0.1558 -0.3682
0.2219 0.1185E-01
50.00 0.2065E-03
-0.1543 -0.3588
0.2425 -0.1083E-01
51.00 0.1952E-03
-0.1475 -0.3414
0.2523 -0.3041E-01
52.00 0.1855E-03
-0.1361 -0.3165
0.2531 -0.4208E-01
53.00 0.1776E-03
-0.1224 -0.2857
0.2479 -0.4307E-01
54.00 0.1710E-03
-0.1086 -0.2517
0.2399 -0.3333E-01
55.00 0.1652E-03
-0.9651E-01 -0.2169
0.2321 -0.1487E-01
56.00 0.1595E-03
-0.8731E-01 -0.1837
0.2257 0.9537E-02
57.00 0.1534E-03
-0.8139E-01 -0.1534
0.2210 0.3744E-01
58.00 0.1466E-03
-0.7888E-01 -0.1272
0.2173 0.6696E-01
59.00 0.1390E-03
-0.7994E-01 -0.1053
0.2137 0.9654E-01
60.00 0.1307E-03
-0.8480E-01 -0.8772E-01
0.2095 0.1246
61.00 0.1219E-03
-0.9358E-01 -0.7367E-01
0.2046 0.1494
62.00 0.1128E-03
-0.1060 -0.6162E-01
0.1987 0.1695
63.00 0.1037E-03
-0.1212 -0.4937E-01
0.1922 0.1839
64.00 0.9503E-04
-0.1377 -0.3436E-01
0.1851 0.1927
65.00 0.8715E-04
-0.1533 -0.1438E-01
0.1777 0.1970
66.00 0.8029E-04
-0.1661 0.1168E-01
0.1702 0.1987
67.00 0.7450E-04
-0.1745 0.4316E-01
0.1631 0.1999
68.00 0.6966E-04
-0.1786 0.7790E-01
0.1572 0.2017
69.00 0.6549E-04
-0.1792 0.1130
0.1531 0.2043
70.00 0.6168E-04
-0.1780 0.1462
0.1511 0.2069
71.00 0.5798E-04
-0.1765 0.1759
0.1512 0.2086
72.00 0.5426E-04
-0.1755 0.2019
0.1530 0.2090
73.00 0.5049E-04
-0.1755 0.2243
0.1558 0.2083
74.00 0.4672E-04
-0.1762 0.2435
0.1589 0.2073
75.00 0.4305E-04
-0.1777 0.2598
0.1614 0.2073
76.00 0.3955E-04
-0.1798 0.2733
0.1627 0.2090
77.00 0.3624E-04
-0.1829 0.2839
0.1624 0.2128
78.00 0.3312E-04
-0.1873 0.2921
0.1604 0.2181
79.00 0.3017E-04
-0.1934 0.2987
0.1568 0.2243
80.00 0.2740E-04
-0.2009 0.3049
0.1517 0.2307
81.00 0.2478E-04
-0.2092 0.3120
0.1454 0.2374
82.00 0.2235E-04
-0.2173 0.3212
0.1382 0.2448
83.00 0.2011E-04
-0.2240 0.3328
0.1302 0.2536
84.00 0.1806E-04
-0.2283 0.3465
0.1217 0.2642
85.00 0.1621E-04
-0.2291 0.3611
0.1129 0.2767
86.00 0.1455E-04
-0.2262 0.3755
0.1040 0.2911
87.00 0.1309E-04
-0.2194 0.3886
0.9514E-01 0.3071
88.00 0.1182E-04
-0.2087 0.3997
0.8638E-01 0.3242
89.00 0.1072E-04
-0.1946 0.4087
0.7797E-01 0.3416
90.00 0.9754E-05
-0.1777 0.4156
0.7016E-01 0.3581
91.00 0.8882E-05
-0.1587 0.4208
0.6307E-01 0.3723
92.00 0.8057E-05
-0.1379 0.4239
0.5656E-01 0.3830
93.00 0.7245E-05
-0.1155 0.4244
0.5012E-01 0.3892
94.00 0.6433E-05
-0.9111E-01 0.4204
0.4304E-01 0.3900
95.00 0.5626E-05
-0.6409E-01 0.4089
0.3458E-01 0.3845
96.00 0.4850E-05
-0.3362E-01 0.3855
0.2432E-01 0.3720
97.00 0.4142E-05
0.1066E-02 0.3446
0.1256E-01 0.3518
98.00 0.3538E-05
0.4018E-01 0.2805
0.8732E-03 0.3246
99.00 0.3066E-05
0.8239E-01 0.1898
-0.7586E-02 0.2936
100.0 0.2742E-05
0.1240 0.7570E-01
-0.8534E-02 0.2641
101.0 0.2563E-05
0.1594 -0.5011E-01
0.1431E-02 0.2423
102.0 0.2514E-05
0.1836 -0.1711
0.2246E-01 0.2314
103.0 0.2562E-05
0.1952 -0.2753
0.5131E-01 0.2300
104.0 0.2670E-05
0.1962 -0.3601
0.8381E-01 0.2332
105.0 0.2797E-05
0.1903 -0.4306
0.1171 0.2359
106.0 0.2907E-05
0.1810 -0.4939
0.1501 0.2340
107.0 0.2975E-05
0.1710 -0.5561
0.1827 0.2256
108.0 0.2989E-05
0.1623 -0.6200
0.2150 0.2102
109.0 0.2957E-05
0.1554 -0.6850
0.2467 0.1893
110.0 0.2893E-05
0.1498 -0.7465
0.2766 0.1662
111.0 0.2821E-05
0.1439 -0.7974
0.3033 0.1450
112.0 0.2760E-05
0.1353 -0.8300
0.3253 0.1296
113.0 0.2724E-05
0.1221 -0.8387
0.3423 0.1226
114.0 0.2719E-05
0.1033 -0.8221
0.3550 0.1244
115.0 0.2746E-05
0.7918E-01 -0.7835
0.3650 0.1334
116.0 0.2801E-05
0.5135E-01 -0.7300
0.3740 0.1465
117.0 0.2873E-05
0.2165E-01 -0.6700
0.3840 0.1599
118.0 0.2953E-05
-0.8198E-02 -0.6114
0.3959 0.1694
119.0 0.3029E-05
-0.3681E-01 -0.5589
0.4103 0.1723
120.0 0.3092E-05
-0.6293E-01 -0.5133
0.4268 0.1673
121.0 0.3134E-05
-0.8521E-01 -0.4720
0.4441 0.1550
122.0 0.3154E-05
-0.1022 -0.4305
0.4599 0.1378
123.0 0.3151E-05
-0.1124 -0.3846
0.4716 0.1194
124.0 0.3125E-05
-0.1149 -0.3319
0.4768 0.1037
125.0 0.3075E-05
-0.1102 -0.2720
0.4743 0.9499E-01
126.0 0.3002E-05
-0.1002 -0.2064
0.4641 0.9657E-01
127.0 0.2905E-05
-0.8815E-01 -0.1376
0.4473 0.1104
128.0 0.2788E-05
-0.7873E-01 -0.6842E-01
0.4260 0.1361
129.0 0.2655E-05
-0.7664E-01 -0.1847E-02
0.4020 0.1709
130.0 0.2514E-05
-0.8572E-01 0.5924E-01
0.3767 0.2098
131.0 0.2378E-05
-0.1078 0.1119
0.3508 0.2467
132.0 0.2260E-05
-0.1418 0.1532
0.3243 0.2761
133.0 0.2175E-05
-0.1829 0.1803
0.2973 0.2937
134.0 0.2130E-05
-0.2237 0.1915
0.2709 0.2977
135.0 0.2125E-05
-0.2567 0.1878
0.2469 0.2888
136.0 0.2149E-05
-0.2771 0.1724
0.2271 0.2697
137.0 0.2184E-05
-0.2838 0.1506
0.2125 0.2445
138.0 0.2208E-05
-0.2788 0.1279
0.2031 0.2174
139.0 0.2203E-05
-0.2652 0.1092
0.1980 0.1919
140.0 0.2154E-05
-0.2455 0.9824E-01
0.1965 0.1709
141.0 0.2056E-05
-0.2216 0.9787E-01
0.1980 0.1569
142.0 0.1916E-05
-0.1942 0.1109
0.2019 0.1525
143.0 0.1754E-05
-0.1635 0.1401
0.2071 0.1622
144.0 0.1595E-05
-0.1310 0.1875
0.2112 0.1916
145.0 0.1472E-05
-0.1008 0.2507
0.2101 0.2452
146.0 0.1411E-05
-0.8014E-01 0.3186
0.1993 0.3199
147.0 0.1431E-05
-0.7555E-01 0.3731
0.1783 0.4011
148.0 0.1537E-05
-0.8745E-01 0.3997
0.1524 0.4694
149.0 0.1721E-05
-0.1095 0.3978
0.1300 0.5132
150.0 0.1963E-05
-0.1341 0.3770
0.1168 0.5327
151.0 0.2231E-05
-0.1563 0.3481
0.1146 0.5334
152.0 0.2490E-05
-0.1744 0.3180
0.1223 0.5201
153.0 0.2703E-05
-0.1877 0.2898
0.1380 0.4951
154.0 0.2842E-05
-0.1960 0.2644
0.1595 0.4588
155.0 0.2891E-05
-0.1985 0.2426
0.1848 0.4106
156.0 0.2853E-05
-0.1935 0.2252
0.2113 0.3498
157.0 0.2743E-05
-0.1781 0.2141
0.2358 0.2759
158.0 0.2592E-05
-0.1487 0.2126
0.2537 0.1908
159.0 0.2434E-05
-0.1014 0.2250
0.2589 0.1014
160.0 0.2312E-05
-0.3525E-01 0.2559
0.2443 0.2348E-01
161.0 0.2268E-05
0.4338E-01 0.3074
0.2059 -0.1791E-01
162.0 0.2342E-05
0.1180 0.3750
0.1477 0.9846E-04
163.0 0.2562E-05
0.1691 0.4466
0.8345E-01 0.7943E-01
164.0 0.2948E-05
0.1867 0.5096
0.2872E-01 0.1958
165.0 0.3498E-05
0.1748 0.5575
-0.8099E-02 0.3165
166.0 0.4197E-05
0.1446 0.5907
-0.2703E-01 0.4183
167.0 0.5014E-05
0.1066 0.6130
-0.3230E-01 0.4919
168.0 0.5900E-05
0.6762E-01 0.6280
-0.2866E-01 0.5366
169.0 0.6799E-05
0.3129E-01 0.6387
-0.1982E-01 0.5551
170.0 0.7650E-05
-0.7353E-03 0.6469
-0.8384E-02 0.5504
171.0 0.8397E-05
-0.2777E-01 0.6538
0.3857E-02 0.5254
172.0 0.9000E-05
-0.4945E-01 0.6603
0.1560E-01 0.4827
173.0 0.9438E-05
-0.6545E-01 0.6667
0.2576E-01 0.4248
174.0 0.9712E-05
-0.7540E-01 0.6732
0.3339E-01 0.3548
175.0 0.9841E-05
-0.7888E-01 0.6800
0.3765E-01 0.2770
176.0 0.9859E-05
-0.7549E-01 0.6865
0.3787E-01 0.1967
177.0 0.9806E-05
-0.6506E-01 0.6925
0.3373E-01 0.1208
178.0 0.9727E-05
-0.4798E-01 0.6972
0.2538E-01 0.5740E-01
179.0 0.9660E-05
-0.2552E-01 0.7003
0.1364E-01 0.1498E-01
180.0 0.9635E-05
0.000 0.7013
0.000 0.000
