0.000 3.981
0.000 0.7071
0.000 0.000
1.000 4.036
-0.1339 0.6784
0.4138E-01 0.1615E-01
2.000 4.160
-0.2396 0.6066
0.7479E-01 0.5706E-01
3.000 4.250
-0.3070 0.5209
0.9776E-01 0.1073
4.000 4.191
-0.3417 0.4447
0.1129 0.1545
5.000 3.906
-0.3543 0.3888
0.1247 0.1931
6.000 3.393
-0.3531 0.3557
0.1380 0.2216
7.000 2.726
-0.3420 0.3433
0.1576 0.2401
8.000 2.020
-0.3202 0.3459
0.1895 0.2490
9.000 1.389
-0.2823 0.3497
0.2410 0.2479
10.00 0.9071
-0.2183 0.3224
0.3172 0.2369
11.00 0.5937
-0.1224 0.2081
0.4062 0.2205
12.00 0.4209
-0.1689E-01 -0.2552E-01
0.4605 0.2119
13.00 0.3364
0.5041E-01 -0.3009
0.4334 0.2231
14.00 0.2890
0.6551E-01 -0.5019
0.3439 0.2482
15.00 0.2450
0.5538E-01 -0.6042
0.2370 0.2753
16.00 0.1919
0.4562E-01 -0.6388
0.1313 0.2989
17.00 0.1337
0.4827E-01 -0.6287
0.2092E-01 0.3180
18.00 0.8091E-01
0.6456E-01 -0.5675
-0.1135 0.3290
19.00 0.4269E-01
0.6765E-01 -0.4006
-0.2961 0.3111
20.00 0.2282E-01
-0.7575E-01 -0.5208E-01
-0.4603 0.2025
21.00 0.1954E-01
-0.4242 0.1331
-0.2988 0.5295E-01
22.00 0.2766E-01
-0.5550 -0.8595E-01
-0.3957E-01 0.6210E-01
23.00 0.4115E-01
-0.5145 -0.2907
0.5369E-01 0.1292
24.00 0.5500E-01
-0.4437 -0.4085
0.6308E-01 0.1894
25.00 0.6599E-01
-0.3703 -0.4736
0.4174E-01 0.2395
26.00 0.7275E-01
-0.2946 -0.5068
0.7469E-02 0.2824
27.00 0.7531E-01
-0.2140 -0.5165
-0.3307E-01 0.3191
28.00 0.7455E-01
-0.1263 -0.5052
-0.7547E-01 0.3488
29.00 0.7180E-01
-0.3119E-01 -0.4741
-0.1142 0.3689
30.00 0.6855E-01
0.6952E-01 -0.4265
-0.1414 0.3760
31.00 0.6620E-01
0.1703 -0.3717
-0.1489 0.3670
32.00 0.6589E-01
0.2628 -0.3251
-0.1322 0.3415
33.00 0.6834E-01
0.3392 -0.3021
-0.9651E-01 0.3026
34.00 0.7375E-01
0.3978 -0.3087
-0.5520E-01 0.2564
35.00 0.8184E-01
0.4430 -0.3379
-0.2186E-01 0.2084
36.00 0.9200E-01
0.4817 -0.3768
-0.3927E-02 0.1609
37.00 0.1035
0.5186 -0.4133
-0.2332E-02 0.1143
38.00 0.1156
0.5552 -0.4393
-0.1436E-01 0.6818E-01
39.00 0.1279
0.5906 -0.4508
-0.3608E-01 0.2272E-01
40.00 0.1398
0.6229 -0.4467
-0.6355E-01 -0.2137E-01
41.00 0.1510
0.6500 -0.4278
-0.9336E-01 -0.6287E-01
42.00 0.1611
0.6705 -0.3963
-0.1229 -0.1005
43.00 0.1696
0.6839 -0.3545
-0.1505 -0.1332
44.00 0.1758
0.6900 -0.3051
-0.1754 -0.1606
45.00 0.1793
0.6892 -0.2502
-0.1978 -0.1827
46.00 0.1797
0.6818 -0.1918
-0.2186 -0.1998
47.00 0.1770
0.6684 -0.1320
-0.2391 -0.2123
48.00 0.1713
0.6490 -0.7298E-01
-0.2604 -0.2205
49.00 0.1630
0.6240 -0.1721E-01
-0.2837 -0.2245
50.00 0.1528
0.5940 0.3267E-01
-0.3092 -0.2239
51.00 0.1413
0.5597 0.7419E-01
-0.3368 -0.2183
52.00 0.1291
0.5223 0.1053
-0.3655 -0.2071
53.00 0.1167
0.4833 0.1248
-0.3943 -0.1903
54.00 0.1045
0.4442 0.1318
-0.4217 -0.1680
55.00 0.9293E-01
0.4067 0.1258
-0.4469 -0.1411
56.00 0.8223E-01
0.3725 0.1060
-0.4691 -0.1109
57.00 0.7267E-01
0.3435 0.7146E-01
-0.4873 -0.7888E-01
58.00 0.6447E-01
0.3220 0.2177E-01
-0.5003 -0.4702E-01
59.00 0.5771E-01
0.3100 -0.4176E-01
-0.5065 -0.1711E-01
60.00 0.5238E-01
0.3090 -0.1150
-0.5039 0.9313E-02
61.00 0.4834E-01
0.3185 -0.1911
-0.4914 0.3126E-01
62.00 0.4535E-01
0.3365 -0.2626
-0.4695 0.4832E-01
63.00 0.4314E-01
0.3598 -0.3242
-0.4403 0.6059E-01
64.00 0.4142E-01
0.3852 -0.3736
-0.4071 0.6844E-01
65.00 0.3997E-01
0.4102 -0.4118
-0.3728 0.7255E-01
66.00 0.3862E-01
0.4333 -0.4415
-0.3393 0.7381E-01
67.00 0.3727E-01
0.4536 -0.4653
-0.3075 0.7334E-01
68.00 0.3583E-01
0.4709 -0.4848
-0.2772 0.7226E-01
69.00 0.3426E-01
0.4852 -0.5009
-0.2480 0.7143E-01
70.00 0.3249E-01
0.4967 -0.5140
-0.2197 0.7126E-01
71.00 0.3052E-01
0.5059 -0.5245
-0.1919 0.7167E-01
72.00 0.2836E-01
0.5133 -0.5331
-0.1650 0.7227E-01
73.00 0.2608E-01
0.5192 -0.5411
-0.1390 0.7259E-01
74.00 0.2375E-01
0.5241 -0.5496
-0.1140 0.7230E-01
75.00 0.2148E-01
0.5278 -0.5596
-0.8940E-01 0.7141E-01
76.00 0.1935E-01
0.5303 -0.5711
-0.6449E-01 0.7024E-01
77.00 0.1741E-01
0.5314 -0.5830
-0.3815E-01 0.6931E-01
78.00 0.1567E-01
0.5310 -0.5930
-0.9498E-02 0.6901E-01
79.00 0.1413E-01
0.5291 -0.5987
0.2178E-01 0.6935E-01
80.00 0.1275E-01
0.5263 -0.5979
0.5516E-01 0.6983E-01
81.00 0.1151E-01
0.5234 -0.5896
0.8935E-01 0.6965E-01
82.00 0.1038E-01
0.5214 -0.5734
0.1226 0.6807E-01
83.00 0.9363E-02
0.5209 -0.5499
0.1528 0.6489E-01
84.00 0.8451E-02
0.5218 -0.5197
0.1781 0.6071E-01
85.00 0.7649E-02
0.5235 -0.4838
0.1970 0.5683E-01
86.00 0.6957E-02
0.5253 -0.4428
0.2086 0.5483E-01
87.00 0.6365E-02
0.5261 -0.3979
0.2128 0.5605E-01
88.00 0.5862E-02
0.5256 -0.3501
0.2099 0.6122E-01
89.00 0.5435E-02
0.5234 -0.3005
0.2005 0.7044E-01
90.00 0.5075E-02
0.5198 -0.2505
0.1853 0.8331E-01
91.00 0.4776E-02
0.5146 -0.2019
0.1647 0.9917E-01
92.00 0.4531E-02
0.5080 -0.1563
0.1393 0.1172
93.00 0.4334E-02
0.5001 -0.1151
0.1098 0.1367
94.00 0.4174E-02
0.4908 -0.7921E-01
0.7713E-01 0.1572
95.00 0.4042E-02
0.4795 -0.4891E-01
0.4219E-01 0.1784
96.00 0.3925E-02
0.4658 -0.2416E-01
0.5952E-02 0.2002
97.00 0.3813E-02
0.4491 -0.4753E-02
-0.3074E-01 0.2225
98.00 0.3694E-02
0.4292 0.9403E-02
-0.6719E-01 0.2451
99.00 0.3566E-02
0.4059 0.1803E-01
-0.1027 0.2678
100.0 0.3430E-02
0.3790 0.2045E-01
-0.1362 0.2906
101.0 0.3294E-02
0.3484 0.1595E-01
-0.1663 0.3136
102.0 0.3171E-02
0.3143 0.4480E-02
-0.1909 0.3370
103.0 0.3069E-02
0.2775 -0.1263E-01
-0.2077 0.3607
104.0 0.2994E-02
0.2397 -0.3263E-01
-0.2154 0.3846
105.0 0.2946E-02
0.2029 -0.5229E-01
-0.2139 0.4082
106.0 0.2921E-02
0.1692 -0.6928E-01
-0.2042 0.4307
107.0 0.2915E-02
0.1399 -0.8308E-01
-0.1884 0.4509
108.0 0.2920E-02
0.1157 -0.9500E-01
-0.1690 0.4676
109.0 0.2930E-02
0.9698E-01 -0.1072
-0.1481 0.4797
110.0 0.2934E-02
0.8319E-01 -0.1215
-0.1275 0.4867
111.0 0.2924E-02
0.7358E-01 -0.1387
-0.1083 0.4891
112.0 0.2892E-02
0.6703E-01 -0.1578
-0.9117E-01 0.4878
113.0 0.2832E-02
0.6222E-01 -0.1770
-0.7641E-01 0.4845
114.0 0.2737E-02
0.5775E-01 -0.1941
-0.6446E-01 0.4806
115.0 0.2606E-02
0.5221E-01 -0.2073
-0.5577E-01 0.4773
116.0 0.2442E-02
0.4413E-01 -0.2164
-0.5073E-01 0.4749
117.0 0.2256E-02
0.3189E-01 -0.2226
-0.4943E-01 0.4733
118.0 0.2063E-02
0.1362E-01 -0.2283
-0.5123E-01 0.4712
119.0 0.1881E-02
-0.1254E-01 -0.2356
-0.5434E-01 0.4671
120.0 0.1726E-02
-0.4764E-01 -0.2447
-0.5573E-01 0.4598
121.0 0.1604E-02
-0.9080E-01 -0.2527
-0.5189E-01 0.4488
122.0 0.1517E-02
-0.1387 -0.2539
-0.4028E-01 0.4350
123.0 0.1458E-02
-0.1866 -0.2427
-0.2057E-01 0.4200
124.0 0.1417E-02
-0.2294 -0.2167
0.5189E-02 0.4052
125.0 0.1382E-02
-0.2642 -0.1775
0.3361E-01 0.3915
126.0 0.1344E-02
-0.2903 -0.1294
0.6123E-01 0.3789
127.0 0.1293E-02
-0.3090 -0.7751E-01
0.8532E-01 0.3671
128.0 0.1226E-02
-0.3222 -0.2550E-01
0.1040 0.3554
129.0 0.1142E-02
-0.3323 0.2446E-01
0.1163 0.3433
130.0 0.1047E-02
-0.3410 0.7152E-01
0.1215 0.3298
131.0 0.9499E-03
-0.3497 0.1155
0.1203 0.3129
132.0 0.8579E-03
-0.3599 0.1564
0.1148 0.2890
133.0 0.7775E-03
-0.3731 0.1935
0.1086 0.2531
134.0 0.7134E-03
-0.3908 0.2248
0.1061 0.2001
135.0 0.6688E-03
-0.4138 0.2469
0.1099 0.1286
136.0 0.6441E-03
-0.4422 0.2564
0.1186 0.4361E-01
137.0 0.6363E-03
-0.4750 0.2526
0.1268 -0.4440E-01
138.0 0.6387E-03
-0.5111 0.2378
0.1278 -0.1249
139.0 0.6433E-03
-0.5485 0.2150
0.1175 -0.1910
140.0 0.6433E-03
-0.5846 0.1855
0.9498E-01 -0.2392
141.0 0.6347E-03
-0.6153 0.1489
0.6298E-01 -0.2672
142.0 0.6159E-03
-0.6368 0.1052
0.2653E-01 -0.2730
143.0 0.5863E-03
-0.6461 0.5677E-01
-0.8130E-02 -0.2561
144.0 0.5463E-03
-0.6421 0.8796E-02
-0.3557E-01 -0.2176
145.0 0.4970E-03
-0.6238 -0.3136E-01
-0.5281E-01 -0.1590
146.0 0.4423E-03
-0.5893 -0.5541E-01
-0.6013E-01 -0.8058E-01
147.0 0.3879E-03
-0.5355 -0.5497E-01
-0.6118E-01 0.1808E-01
148.0 0.3404E-03
-0.4620 -0.2317E-01
-0.6238E-01 0.1340
149.0 0.3045E-03
-0.3777 0.4119E-01
-0.7046E-01 0.2537
150.0 0.2826E-03
-0.3037 0.1285
-0.8711E-01 0.3520
151.0 0.2752E-03
-0.2637 0.2175
-0.1044 0.4008
152.0 0.2818E-03
-0.2692 0.2825
-0.1071 0.3850
153.0 0.3016E-03
-0.3126 0.3059
-0.8275E-01 0.3106
154.0 0.3323E-03
-0.3758 0.2875
-0.2984E-01 0.1980
155.0 0.3698E-03
-0.4425 0.2400
0.4402E-01 0.6859E-01
156.0 0.4088E-03
-0.5035 0.1791
0.1286 -0.6281E-01
157.0 0.4456E-03
-0.5537 0.1166
0.2148 -0.1853
158.0 0.4794E-03
-0.5886 0.6059E-01
0.2937 -0.2865
159.0 0.5114E-03
-0.6041 0.1738E-01
0.3568 -0.3520
160.0 0.5427E-03
-0.5989 -0.8105E-02
0.3971 -0.3704
161.0 0.5729E-03
-0.5759 -0.1318E-01
0.4116 -0.3384
162.0 0.6004E-03
-0.5401 0.1902E-02
0.4007 -0.2599
163.0 0.6247E-03
-0.4958 0.3456E-01
0.3658 -0.1423
164.0 0.6484E-03
-0.4452 0.8097E-01
0.3082 0.5165E-02
165.0 0.6765E-03
-0.3899 0.1373
0.2304 0.1685
166.0 0.7147E-03
-0.3316 0.2006
0.1388 0.3275
167.0 0.7680E-03
-0.2719 0.2694
0.4335E-01 0.4593
168.0 0.8408E-03
-0.2115 0.3417
-0.4466E-01 0.5458
169.0 0.9381E-03
-0.1510 0.4135
-0.1155 0.5786
170.0 0.1064E-02
-0.9217E-01 0.4786
-0.1630 0.5613
171.0 0.1222E-02
-0.3832E-01 0.5323
-0.1860 0.5062
172.0 0.1409E-02
0.6812E-02 0.5738
-0.1880 0.4297
173.0 0.1614E-02
0.4085E-01 0.6060
-0.1752 0.3455
174.0 0.1824E-02
0.6310E-01 0.6324
-0.1536 0.2629
175.0 0.2027E-02
0.7389E-01 0.6548
-0.1277 0.1870
176.0 0.2211E-02
0.7402E-01 0.6730
-0.1004 0.1214
177.0 0.2369E-02
0.6470E-01 0.6863
-0.7349E-01 0.6871E-01
178.0 0.2493E-02
0.4768E-01 0.6946
-0.4782E-01 0.3052E-01
179.0 0.2572E-02
0.2523E-01 0.6986
-0.2349E-01 0.7610E-02
180.0 0.2600E-02
0.000 0.6998
0.000 0.000
