0.000 1.668
0.000 0.7071
0.000 0.000
1.000 1.656
0.1503E-02 0.7071
0.2324E-02 -0.1529E-02
2.000 1.622
0.2079E-02 0.7068
0.7635E-02 -0.5815E-02
3.000 1.572
0.9302E-03 0.7055
0.1860E-01 -0.1194E-01
4.000 1.513
-0.2437E-02 0.7022
0.3715E-01 -0.1839E-01
5.000 1.455
-0.7985E-02 0.6956
0.6405E-01 -0.2315E-01
6.000 1.405
-0.1496E-01 0.6844
0.9851E-01 -0.2409E-01
7.000 1.368
-0.2192E-01 0.6677
0.1382 -0.1951E-01
8.000 1.346
-0.2708E-01 0.6454
0.1800 -0.8684E-02
9.000 1.338
-0.2896E-01 0.6174
0.2208 0.8017E-02
10.00 1.339
-0.2687E-01 0.5838
0.2582 0.2939E-01
11.00 1.345
-0.2119E-01 0.5446
0.2908 0.5394E-01
12.00 1.350
-0.1316E-01 0.4994
0.3178 0.8030E-01
13.00 1.346
-0.4498E-02 0.4483
0.3387 0.1074
14.00 1.330
0.3044E-02 0.3920
0.3531 0.1345
15.00 1.297
0.8036E-02 0.3315
0.3604 0.1612
16.00 1.244
0.9557E-02 0.2684
0.3603 0.1870
17.00 1.171
0.7257E-02 0.2039
0.3523 0.2118
18.00 1.081
0.1306E-02 0.1395
0.3358 0.2354
19.00 0.9801
-0.7684E-02 0.7622E-01
0.3104 0.2575
20.00 0.8734
-0.1875E-01 0.1507E-01
0.2756 0.2775
21.00 0.7679
-0.3068E-01 -0.4238E-01
0.2310 0.2946
22.00 0.6695
-0.4216E-01 -0.9378E-01
0.1771 0.3077
23.00 0.5819
-0.5204E-01 -0.1356
0.1152 0.3156
24.00 0.5072
-0.5962E-01 -0.1634
0.4824E-01 0.3175
25.00 0.4458
-0.6496E-01 -0.1724
-0.1964E-01 0.3134
26.00 0.3964
-0.6893E-01 -0.1592
-0.8332E-01 0.3040
27.00 0.3569
-0.7306E-01 -0.1228
-0.1379 0.2910
28.00 0.3251
-0.7899E-01 -0.6549E-01
-0.1800 0.2759
29.00 0.2983
-0.8808E-01 0.7994E-02
-0.2078 0.2600
30.00 0.2748
-0.1011 0.9112E-01
-0.2212 0.2434
31.00 0.2532
-0.1181 0.1767
-0.2211 0.2253
32.00 0.2327
-0.1384 0.2576
-0.2086 0.2048
33.00 0.2133
-0.1609 0.3262
-0.1846 0.1809
34.00 0.1952
-0.1835 0.3757
-0.1504 0.1532
35.00 0.1788
-0.2040 0.4003
-0.1077 0.1226
36.00 0.1643
-0.2196 0.3968
-0.5887E-01 0.9098E-01
37.00 0.1520
-0.2282 0.3654
-0.7598E-02 0.6109E-01
38.00 0.1417
-0.2285 0.3105
0.4198E-01 0.3606E-01
39.00 0.1332
-0.2206 0.2397
0.8570E-01 0.1842E-01
40.00 0.1263
-0.2062 0.1616
0.1201 0.9565E-02
41.00 0.1204
-0.1876 0.8450E-01
0.1432 0.9538E-02
42.00 0.1152
-0.1675 0.1478E-01
0.1541 0.1727E-01
43.00 0.1103
-0.1483 -0.4325E-01
0.1535 0.3108E-01
44.00 0.1055
-0.1319 -0.8711E-01
0.1427 0.4916E-01
45.00 0.1004
-0.1194 -0.1157
0.1237 0.6990E-01
46.00 0.9496E-01
-0.1114 -0.1288
0.9867E-01 0.9202E-01
47.00 0.8919E-01
-0.1078 -0.1273
0.6990E-01 0.1146
48.00 0.8314E-01
-0.1084 -0.1126
0.3949E-01 0.1369
49.00 0.7694E-01
-0.1130 -0.8698E-01
0.9389E-02 0.1583
50.00 0.7077E-01
-0.1209 -0.5334E-01
-0.1871E-01 0.1786
51.00 0.6479E-01
-0.1315 -0.1487E-01
-0.4342E-01 0.1972
52.00 0.5912E-01
-0.1439 0.2535E-01
-0.6373E-01 0.2141
53.00 0.5385E-01
-0.1571 0.6479E-01
-0.7900E-01 0.2292
54.00 0.4900E-01
-0.1704 0.1017
-0.8899E-01 0.2427
55.00 0.4458E-01
-0.1827 0.1350
-0.9369E-01 0.2551
56.00 0.4057E-01
-0.1937 0.1642
-0.9330E-01 0.2666
57.00 0.3694E-01
-0.2029 0.1887
-0.8819E-01 0.2774
58.00 0.3367E-01
-0.2104 0.2081
-0.7893E-01 0.2877
59.00 0.3072E-01
-0.2163 0.2220
-0.6633E-01 0.2976
60.00 0.2805E-01
-0.2209 0.2305
-0.5143E-01 0.3070
61.00 0.2563E-01
-0.2244 0.2341
-0.3545E-01 0.3161
62.00 0.2344E-01
-0.2266 0.2339
-0.1956E-01 0.3252
63.00 0.2146E-01
-0.2277 0.2319
-0.4742E-02 0.3344
64.00 0.1965E-01
-0.2274 0.2300
0.8367E-02 0.3442
65.00 0.1802E-01
-0.2257 0.2299
0.1953E-01 0.3544
66.00 0.1656E-01
-0.2227 0.2327
0.2879E-01 0.3649
67.00 0.1526E-01
-0.2187 0.2387
0.3629E-01 0.3751
68.00 0.1410E-01
-0.2141 0.2477
0.4213E-01 0.3842
69.00 0.1307E-01
-0.2092 0.2593
0.4626E-01 0.3918
70.00 0.1215E-01
-0.2044 0.2735
0.4857E-01 0.3972
71.00 0.1132E-01
-0.1996 0.2902
0.4900E-01 0.4005
72.00 0.1056E-01
-0.1946 0.3096
0.4778E-01 0.4018
73.00 0.9849E-02
-0.1888 0.3315
0.4542E-01 0.4015
74.00 0.9192E-02
-0.1821 0.3554
0.4266E-01 0.4000
75.00 0.8580E-02
-0.1745 0.3804
0.4027E-01 0.3978
76.00 0.8009E-02
-0.1664 0.4054
0.3879E-01 0.3949
77.00 0.7471E-02
-0.1584 0.4294
0.3835E-01 0.3916
78.00 0.6960E-02
-0.1513 0.4514
0.3866E-01 0.3878
79.00 0.6470E-02
-0.1452 0.4711
0.3913E-01 0.3837
80.00 0.5997E-02
-0.1404 0.4886
0.3912E-01 0.3794
81.00 0.5538E-02
-0.1366 0.5043
0.3811E-01 0.3749
82.00 0.5092E-02
-0.1336 0.5187
0.3580E-01 0.3705
83.00 0.4660E-02
-0.1312 0.5321
0.3206E-01 0.3660
84.00 0.4242E-02
-0.1292 0.5445
0.2682E-01 0.3617
85.00 0.3841E-02
-0.1277 0.5557
0.1994E-01 0.3572
86.00 0.3457E-02
-0.1268 0.5651
0.1117E-01 0.3525
87.00 0.3092E-02
-0.1264 0.5724
0.1953E-03 0.3477
88.00 0.2748E-02
-0.1262 0.5772
-0.1325E-01 0.3427
89.00 0.2431E-02
-0.1256 0.5787
-0.2911E-01 0.3381
90.00 0.2146E-02
-0.1237 0.5760
-0.4682E-01 0.3346
91.00 0.1899E-02
-0.1194 0.5676
-0.6511E-01 0.3334
92.00 0.1693E-02
-0.1116 0.5528
-0.8207E-01 0.3355
93.00 0.1528E-02
-0.1000 0.5311
-0.9551E-01 0.3420
94.00 0.1403E-02
-0.8461E-01 0.5028
-0.1036 0.3530
95.00 0.1312E-02
-0.6640E-01 0.4689
-0.1057 0.3677
96.00 0.1250E-02
-0.4684E-01 0.4306
-0.1020 0.3842
97.00 0.1208E-02
-0.2756E-01 0.3895
-0.9423E-01 0.4001
98.00 0.1177E-02
-0.9865E-02 0.3474
-0.8406E-01 0.4134
99.00 0.1149E-02
0.5420E-02 0.3049
-0.7288E-01 0.4228
100.0 0.1117E-02
0.1785E-01 0.2619
-0.6132E-01 0.4275
101.0 0.1076E-02
0.2714E-01 0.2170
-0.4934E-01 0.4273
102.0 0.1026E-02
0.3294E-01 0.1684
-0.3645E-01 0.4222
103.0 0.9677E-03
0.3487E-01 0.1144
-0.2201E-01 0.4128
104.0 0.9051E-03
0.3258E-01 0.5415E-01
-0.5474E-02 0.3998
105.0 0.8428E-03
0.2596E-01 -0.1150E-01
0.1345E-01 0.3852
106.0 0.7871E-03
0.1537E-01 -0.7966E-01
0.3450E-01 0.3716
107.0 0.7438E-03
0.1946E-02 -0.1449
0.5660E-01 0.3625
108.0 0.7176E-03
-0.1251E-01 -0.2003
0.7779E-01 0.3608
109.0 0.7103E-03
-0.2605E-01 -0.2399
0.9578E-01 0.3677
110.0 0.7206E-03
-0.3747E-01 -0.2622
0.1089 0.3812
111.0 0.7445E-03
-0.4683E-01 -0.2704
0.1166 0.3974
112.0 0.7767E-03
-0.5516E-01 -0.2705
0.1195 0.4123
113.0 0.8109E-03
-0.6378E-01 -0.2679
0.1186 0.4230
114.0 0.8412E-03
-0.7376E-01 -0.2656
0.1149 0.4281
115.0 0.8631E-03
-0.8568E-01 -0.2647
0.1095 0.4277
116.0 0.8736E-03
-0.9961E-01 -0.2643
0.1031 0.4227
117.0 0.8724E-03
-0.1152 -0.2630
0.9662E-01 0.4140
118.0 0.8616E-03
-0.1319 -0.2596
0.9093E-01 0.4027
119.0 0.8443E-03
-0.1492 -0.2531
0.8722E-01 0.3898
120.0 0.8240E-03
-0.1665 -0.2428
0.8679E-01 0.3762
121.0 0.8034E-03
-0.1839 -0.2288
0.9091E-01 0.3625
122.0 0.7847E-03
-0.2011 -0.2113
0.1005 0.3490
123.0 0.7697E-03
-0.2179 -0.1913
0.1161 0.3357
124.0 0.7601E-03
-0.2331 -0.1700
0.1374 0.3225
125.0 0.7571E-03
-0.2453 -0.1490
0.1633 0.3094
126.0 0.7605E-03
-0.2529 -0.1292
0.1919 0.2966
127.0 0.7686E-03
-0.2549 -0.1109
0.2210 0.2844
128.0 0.7786E-03
-0.2509 -0.9362E-01
0.2479 0.2737
129.0 0.7872E-03
-0.2410 -0.7652E-01
0.2705 0.2652
130.0 0.7910E-03
-0.2257 -0.5889E-01
0.2870 0.2597
131.0 0.7873E-03
-0.2058 -0.4020E-01
0.2964 0.2581
132.0 0.7741E-03
-0.1824 -0.1996E-01
0.2984 0.2608
133.0 0.7505E-03
-0.1567 0.2329E-02
0.2937 0.2682
134.0 0.7172E-03
-0.1308 0.2709E-01
0.2831 0.2808
135.0 0.6762E-03
-0.1069 0.5456E-01
0.2677 0.2984
136.0 0.6305E-03
-0.8809E-01 0.8462E-01
0.2482 0.3205
137.0 0.5831E-03
-0.7778E-01 0.1170
0.2254 0.3457
138.0 0.5369E-03
-0.7909E-01 0.1512
0.1997 0.3719
139.0 0.4941E-03
-0.9400E-01 0.1867
0.1719 0.3957
140.0 0.4571E-03
-0.1223 0.2217
0.1434 0.4134
141.0 0.4280E-03
-0.1610 0.2534
0.1165 0.4212
142.0 0.4084E-03
-0.2038 0.2775
0.9505E-01 0.4166
143.0 0.3984E-03
-0.2432 0.2910
0.8311E-01 0.3996
144.0 0.3966E-03
-0.2731 0.2931
0.8338E-01 0.3731
145.0 0.4002E-03
-0.2904 0.2853
0.9601E-01 0.3416
146.0 0.4061E-03
-0.2953 0.2698
0.1190 0.3093
147.0 0.4112E-03
-0.2894 0.2478
0.1492 0.2791
148.0 0.4135E-03
-0.2746 0.2198
0.1838 0.2529
149.0 0.4117E-03
-0.2525 0.1862
0.2200 0.2316
150.0 0.4056E-03
-0.2242 0.1486
0.2559 0.2161
151.0 0.3964E-03
-0.1903 0.1091
0.2887 0.2072
152.0 0.3867E-03
-0.1515 0.7118E-01
0.3149 0.2062
153.0 0.3801E-03
-0.1095 0.3883E-01
0.3299 0.2143
154.0 0.3799E-03
-0.6755E-01 0.1679E-01
0.3295 0.2315
155.0 0.3884E-03
-0.3033E-01 0.9075E-02
0.3124 0.2560
156.0 0.4062E-03
-0.2181E-02 0.1745E-01
0.2815 0.2839
157.0 0.4329E-03
0.1459E-01 0.4074E-01
0.2424 0.3114
158.0 0.4673E-03
0.2019E-01 0.7557E-01
0.2015 0.3355
159.0 0.5079E-03
0.1664E-01 0.1179
0.1634 0.3545
160.0 0.5526E-03
0.6879E-02 0.1645
0.1313 0.3678
161.0 0.5996E-03
-0.6005E-02 0.2130
0.1062 0.3753
162.0 0.6470E-03
-0.1917E-01 0.2625
0.8795E-01 0.3773
163.0 0.6937E-03
-0.3025E-01 0.3119
0.7553E-01 0.3740
164.0 0.7389E-03
-0.3751E-01 0.3599
0.6729E-01 0.3661
165.0 0.7821E-03
-0.3991E-01 0.4055
0.6144E-01 0.3541
166.0 0.8221E-03
-0.3726E-01 0.4475
0.5622E-01 0.3389
167.0 0.8563E-03
-0.3005E-01 0.4858
0.5018E-01 0.3213
168.0 0.8816E-03
-0.1923E-01 0.5205
0.4230E-01 0.3016
169.0 0.8952E-03
-0.5946E-02 0.5517
0.3201E-01 0.2803
170.0 0.8956E-03
0.8627E-02 0.5788
0.1925E-01 0.2573
171.0 0.8823E-03
0.2331E-01 0.6016
0.4393E-02 0.2327
172.0 0.8556E-03
0.3698E-01 0.6201
-0.1173E-01 0.2064
173.0 0.8169E-03
0.4860E-01 0.6354
-0.2795E-01 0.1783
174.0 0.7688E-03
0.5720E-01 0.6488
-0.4274E-01 0.1482
175.0 0.7153E-03
0.6179E-01 0.6610
-0.5421E-01 0.1161
176.0 0.6620E-03
0.6127E-01 0.6713
-0.6003E-01 0.8309E-01
177.0 0.6148E-03
0.5459E-01 0.6780
-0.5783E-01 0.5136E-01
178.0 0.5786E-03
0.4132E-01 0.6805
-0.4616E-01 0.2449E-01
179.0 0.5561E-03
0.2234E-01 0.6801
-0.2573E-01 0.6390E-02
180.0 0.5486E-03
0.000 0.6795
0.000 0.000
