0.000 2.212
0.000 -0.4933
0.000 0.000
1.000 2.191
0.1572E-01 -0.4937
0.2103E-01 0.1282E-02
2.000 2.128
0.3183E-01 -0.4947
0.4039E-01 0.4969E-02
3.000 2.033
0.4863E-01 -0.4968
0.5641E-01 0.1056E-01
4.000 1.914
0.6637E-01 -0.5000
0.6743E-01 0.1712E-01
5.000 1.783
0.8516E-01 -0.5046
0.7189E-01 0.2324E-01
6.000 1.654
0.1051 -0.5105
0.6855E-01 0.2704E-01
7.000 1.534
0.1263 -0.5171
0.5679E-01 0.2644E-01
8.000 1.432
0.1488 -0.5231
0.3687E-01 0.1959E-01
9.000 1.352
0.1723 -0.5269
0.1005E-01 0.5555E-02
10.00 1.291
0.1962 -0.5262
-0.2167E-01 -0.1527E-01
11.00 1.248
0.2188 -0.5196
-0.5599E-01 -0.4122E-01
12.00 1.215
0.2380 -0.5061
-0.9082E-01 -0.6990E-01
13.00 1.186
0.2513 -0.4864
-0.1245 -0.9900E-01
14.00 1.152
0.2564 -0.4618
-0.1561 -0.1268
15.00 1.107
0.2514 -0.4344
-0.1848 -0.1524
16.00 1.048
0.2349 -0.4061
-0.2101 -0.1753
17.00 0.9743
0.2060 -0.3789
-0.2315 -0.1956
18.00 0.8872
0.1637 -0.3545
-0.2482 -0.2136
19.00 0.7920
0.1079 -0.3344
-0.2594 -0.2296
20.00 0.6950
0.3876E-01 -0.3200
-0.2635 -0.2438
21.00 0.6024
-0.4178E-01 -0.3129
-0.2591 -0.2565
22.00 0.5194
-0.1295 -0.3151
-0.2443 -0.2679
23.00 0.4495
-0.2171 -0.3282
-0.2181 -0.2781
24.00 0.3940
-0.2946 -0.3532
-0.1812 -0.2868
25.00 0.3523
-0.3518 -0.3891
-0.1367 -0.2937
26.00 0.3226
-0.3825 -0.4326
-0.9002E-01 -0.2980
27.00 0.3018
-0.3873 -0.4792
-0.4739E-01 -0.2990
28.00 0.2865
-0.3728 -0.5247
-0.1361E-01 -0.2961
29.00 0.2736
-0.3483 -0.5667
0.8848E-02 -0.2893
30.00 0.2605
-0.3225 -0.6046
0.1952E-01 -0.2783
31.00 0.2454
-0.3021 -0.6391
0.1903E-01 -0.2637
32.00 0.2279
-0.2915 -0.6711
0.8296E-02 -0.2456
33.00 0.2082
-0.2932 -0.7013
-0.1180E-01 -0.2249
34.00 0.1874
-0.3087 -0.7293
-0.4033E-01 -0.2023
35.00 0.1668
-0.3379 -0.7539
-0.7599E-01 -0.1795
36.00 0.1476
-0.3789 -0.7732
-0.1167 -0.1583
37.00 0.1306
-0.4272 -0.7842
-0.1592 -0.1410
38.00 0.1164
-0.4760 -0.7847
-0.1993 -0.1301
39.00 0.1050
-0.5174 -0.7732
-0.2328 -0.1271
40.00 0.9621E-01
-0.5444 -0.7505
-0.2560 -0.1325
41.00 0.8949E-01
-0.5529 -0.7193
-0.2672 -0.1455
42.00 0.8439E-01
-0.5428 -0.6836
-0.2669 -0.1640
43.00 0.8039E-01
-0.5172 -0.6475
-0.2569 -0.1856
44.00 0.7705E-01
-0.4808 -0.6149
-0.2399 -0.2079
45.00 0.7400E-01
-0.4387 -0.5885
-0.2190 -0.2290
46.00 0.7096E-01
-0.3952 -0.5701
-0.1966 -0.2476
47.00 0.6775E-01
-0.3533 -0.5602
-0.1750 -0.2626
48.00 0.6429E-01
-0.3153 -0.5584
-0.1555 -0.2738
49.00 0.6060E-01
-0.2823 -0.5637
-0.1391 -0.2812
50.00 0.5676E-01
-0.2549 -0.5747
-0.1261 -0.2851
51.00 0.5285E-01
-0.2331 -0.5898
-0.1165 -0.2860
52.00 0.4899E-01
-0.2168 -0.6075
-0.1098 -0.2845
53.00 0.4525E-01
-0.2054 -0.6266
-0.1054 -0.2812
54.00 0.4170E-01
-0.1982 -0.6463
-0.1027 -0.2766
55.00 0.3834E-01
-0.1947 -0.6661
-0.1010 -0.2709
56.00 0.3520E-01
-0.1944 -0.6856
-0.9985E-01 -0.2644
57.00 0.3225E-01
-0.1970 -0.7047
-0.9905E-01 -0.2569
58.00 0.2949E-01
-0.2026 -0.7235
-0.9826E-01 -0.2485
59.00 0.2690E-01
-0.2115 -0.7421
-0.9710E-01 -0.2392
60.00 0.2447E-01
-0.2238 -0.7608
-0.9505E-01 -0.2288
61.00 0.2217E-01
-0.2394 -0.7802
-0.9152E-01 -0.2175
62.00 0.2001E-01
-0.2579 -0.8007
-0.8591E-01 -0.2052
63.00 0.1799E-01
-0.2785 -0.8228
-0.7774E-01 -0.1919
64.00 0.1614E-01
-0.3000 -0.8469
-0.6673E-01 -0.1778
65.00 0.1445E-01
-0.3214 -0.8728
-0.5275E-01 -0.1629
66.00 0.1294E-01
-0.3415 -0.8999
-0.3580E-01 -0.1477
67.00 0.1162E-01
-0.3592 -0.9275
-0.1580E-01 -0.1327
68.00 0.1049E-01
-0.3735 -0.9540
0.7438E-02 -0.1187
69.00 0.9515E-02
-0.3834 -0.9780
0.3417E-01 -0.1066
70.00 0.8695E-02
-0.3877 -0.9982
0.6446E-01 -0.9722E-01
71.00 0.8004E-02
-0.3853 -1.013
0.9788E-01 -0.9116E-01
72.00 0.7419E-02
-0.3754 -1.022
0.1333 -0.8854E-01
73.00 0.6918E-02
-0.3583 -1.023
0.1691 -0.8898E-01
74.00 0.6477E-02
-0.3353 -1.016
0.2034 -0.9167E-01
75.00 0.6076E-02
-0.3087 -1.004
0.2348 -0.9555E-01
76.00 0.5698E-02
-0.2816 -0.9859
0.2626 -0.9959E-01
77.00 0.5329E-02
-0.2564 -0.9647
0.2872 -0.1030
78.00 0.4964E-02
-0.2350 -0.9417
0.3095 -0.1054
79.00 0.4602E-02
-0.2178 -0.9179
0.3308 -0.1065
80.00 0.4246E-02
-0.2046 -0.8938
0.3521 -0.1065
81.00 0.3900E-02
-0.1943 -0.8694
0.3742 -0.1055
82.00 0.3568E-02
-0.1854 -0.8443
0.3974 -0.1036
83.00 0.3253E-02
-0.1764 -0.8174
0.4215 -0.1007
84.00 0.2955E-02
-0.1661 -0.7877
0.4456 -0.9682E-01
85.00 0.2674E-02
-0.1535 -0.7540
0.4689 -0.9189E-01
86.00 0.2410E-02
-0.1378 -0.7158
0.4903 -0.8564E-01
87.00 0.2161E-02
-0.1183 -0.6731
0.5086 -0.7767E-01
88.00 0.1928E-02
-0.9447E-01 -0.6266
0.5222 -0.6745E-01
89.00 0.1712E-02
-0.6604E-01 -0.5777
0.5296 -0.5443E-01
90.00 0.1515E-02
-0.3328E-01 -0.5284
0.5290 -0.3828E-01
91.00 0.1340E-02
0.2897E-02 -0.4819
0.5188 -0.1915E-01
92.00 0.1187E-02
0.4086E-01 -0.4417
0.4987 0.1994E-02
93.00 0.1057E-02
0.7853E-01 -0.4117
0.4691 0.2315E-01
94.00 0.9495E-03
0.1138 -0.3950
0.4320 0.4129E-01
95.00 0.8622E-03
0.1449 -0.3927
0.3903 0.5289E-01
96.00 0.7935E-03
0.1705 -0.4043
0.3470 0.5503E-01
97.00 0.7406E-03
0.1901 -0.4270
0.3048 0.4666E-01
98.00 0.7000E-03
0.2029 -0.4576
0.2644 0.2931E-01
99.00 0.6683E-03
0.2084 -0.4928
0.2252 0.6613E-02
100.0 0.6425E-03
0.2049 -0.5293
0.1850 -0.1702E-01
101.0 0.6204E-03
0.1906 -0.5643
0.1410 -0.3777E-01
102.0 0.6006E-03
0.1634 -0.5950
0.9099E-01 -0.5327E-01
103.0 0.5822E-03
0.1217 -0.6190
0.3408E-01 -0.6294E-01
104.0 0.5652E-03
0.6536E-01 -0.6341
-0.2905E-01 -0.6783E-01
105.0 0.5498E-03
-0.4595E-02 -0.6381
-0.9614E-01 -0.7034E-01
106.0 0.5370E-03
-0.8543E-01 -0.6288
-0.1635 -0.7358E-01
107.0 0.5283E-03
-0.1730 -0.6041
-0.2262 -0.8071E-01
108.0 0.5251E-03
-0.2621 -0.5639
-0.2789 -0.9419E-01
109.0 0.5287E-03
-0.3475 -0.5105
-0.3165 -0.1151
110.0 0.5404E-03
-0.4242 -0.4486
-0.3355 -0.1430
111.0 0.5607E-03
-0.4888 -0.3843
-0.3347 -0.1759
112.0 0.5900E-03
-0.5387 -0.3237
-0.3158 -0.2110
113.0 0.6275E-03
-0.5732 -0.2712
-0.2826 -0.2454
114.0 0.6712E-03
-0.5928 -0.2292
-0.2404 -0.2765
115.0 0.7177E-03
-0.5995 -0.1980
-0.1947 -0.3031
116.0 0.7630E-03
-0.5958 -0.1762
-0.1502 -0.3248
117.0 0.8029E-03
-0.5848 -0.1614
-0.1103 -0.3421
118.0 0.8339E-03
-0.5693 -0.1510
-0.7729E-01 -0.3557
119.0 0.8538E-03
-0.5525 -0.1430
-0.5249E-01 -0.3664
120.0 0.8617E-03
-0.5378 -0.1361
-0.3649E-01 -0.3749
121.0 0.8584E-03
-0.5281 -0.1301
-0.2915E-01 -0.3814
122.0 0.8463E-03
-0.5254 -0.1253
-0.2969E-01 -0.3862
123.0 0.8292E-03
-0.5303 -0.1223
-0.3663E-01 -0.3895
124.0 0.8116E-03
-0.5410 -0.1217
-0.4781E-01 -0.3914
125.0 0.7976E-03
-0.5535 -0.1234
-0.6049E-01 -0.3925
126.0 0.7898E-03
-0.5625 -0.1270
-0.7179E-01 -0.3935
127.0 0.7888E-03
-0.5629 -0.1309
-0.7938E-01 -0.3951
128.0 0.7934E-03
-0.5508 -0.1336
-0.8197E-01 -0.3980
129.0 0.8010E-03
-0.5245 -0.1335
-0.7948E-01 -0.4024
130.0 0.8081E-03
-0.4845 -0.1293
-0.7275E-01 -0.4079
131.0 0.8112E-03
-0.4330 -0.1208
-0.6325E-01 -0.4142
132.0 0.8068E-03
-0.3736 -0.1084
-0.5272E-01 -0.4208
133.0 0.7927E-03
-0.3112 -0.9315E-01
-0.4294E-01 -0.4273
134.0 0.7678E-03
-0.2516 -0.7590E-01
-0.3567E-01 -0.4332
135.0 0.7330E-03
-0.2015 -0.5734E-01
-0.3255E-01 -0.4386
136.0 0.6906E-03
-0.1681 -0.3794E-01
-0.3509E-01 -0.4435
137.0 0.6443E-03
-0.1585 -0.1815E-01
-0.4462E-01 -0.4482
138.0 0.5983E-03
-0.1784 0.1164E-02
-0.6215E-01 -0.4533
139.0 0.5571E-03
-0.2298 0.1863E-01
-0.8810E-01 -0.4589
140.0 0.5249E-03
-0.3078 0.3243E-01
-0.1217 -0.4650
141.0 0.5046E-03
-0.3996 0.4086E-01
-0.1607 -0.4708
142.0 0.4976E-03
-0.4872 0.4296E-01
-0.2010 -0.4751
143.0 0.5032E-03
-0.5543 0.3907E-01
-0.2388 -0.4766
144.0 0.5183E-03
-0.5928 0.3069E-01
-0.2712 -0.4750
145.0 0.5389E-03
-0.6039 0.1993E-01
-0.2976 -0.4704
146.0 0.5606E-03
-0.5939 0.8955E-02
-0.3182 -0.4633
147.0 0.5795E-03
-0.5701 -0.4814E-03
-0.3337 -0.4540
148.0 0.5932E-03
-0.5385 -0.7246E-02
-0.3446 -0.4429
149.0 0.6006E-03
-0.5033 -0.1092E-01
-0.3506 -0.4300
150.0 0.6019E-03
-0.4670 -0.1168E-01
-0.3515 -0.4153
151.0 0.5990E-03
-0.4315 -0.1001E-01
-0.3466 -0.3989
152.0 0.5948E-03
-0.3979 -0.6566E-02
-0.3350 -0.3813
153.0 0.5925E-03
-0.3678 -0.2191E-02
-0.3162 -0.3632
154.0 0.5949E-03
-0.3436 0.1784E-02
-0.2904 -0.3454
155.0 0.6040E-03
-0.3284 0.3414E-02
-0.2585 -0.3286
156.0 0.6205E-03
-0.3245 0.3876E-03
-0.2222 -0.3125
157.0 0.6449E-03
-0.3326 -0.9473E-02
-0.1827 -0.2963
158.0 0.6778E-03
-0.3507 -0.2782E-01
-0.1412 -0.2788
159.0 0.7202E-03
-0.3743 -0.5564E-01
-0.9852E-01 -0.2593
160.0 0.7736E-03
-0.3971 -0.9317E-01
-0.5579E-01 -0.2380
161.0 0.8398E-03
-0.4133 -0.1397
-0.1441E-01 -0.2161
162.0 0.9202E-03
-0.4180 -0.1933
0.2397E-01 -0.1956
163.0 0.1016E-02
-0.4092 -0.2508
0.5789E-01 -0.1785
164.0 0.1127E-02
-0.3873 -0.3081
0.8637E-01 -0.1660
165.0 0.1251E-02
-0.3549 -0.3617
0.1092 -0.1587
166.0 0.1383E-02
-0.3159 -0.4091
0.1268 -0.1560
167.0 0.1513E-02
-0.2740 -0.4494
0.1401 -0.1569
168.0 0.1632E-02
-0.2322 -0.4828
0.1502 -0.1599
169.0 0.1725E-02
-0.1925 -0.5104
0.1580 -0.1638
170.0 0.1780E-02
-0.1563 -0.5333
0.1644 -0.1673
171.0 0.1788E-02
-0.1239 -0.5532
0.1700 -0.1695
172.0 0.1742E-02
-0.9575E-01 -0.5717
0.1751 -0.1693
173.0 0.1643E-02
-0.7159E-01 -0.5910
0.1800 -0.1657
174.0 0.1495E-02
-0.5123E-01 -0.6139
0.1843 -0.1573
175.0 0.1315E-02
-0.3437E-01 -0.6431
0.1867 -0.1424
176.0 0.1121E-02
-0.2078E-01 -0.6811
0.1845 -0.1194
177.0 0.9381E-03
-0.1045E-01 -0.7287
0.1719 -0.8744E-01
178.0 0.7879E-03
-0.3625E-02 -0.7822
0.1400 -0.4913E-01
179.0 0.6896E-03
-0.4764E-03 -0.8287
0.8119E-01 -0.1454E-01
180.0 0.6554E-03
0.000 -0.8479
0.000 0.000
