0.000 0.2906
0.000 0.4214E-01
0.000 0.000
1.000 0.2839
0.1489E-01 0.2989E-01
0.6219E-02 0.1546E-01
2.000 0.2669
0.1137E-01 -0.1083E-01
0.9628E-02 0.6243E-01
3.000 0.2483
-0.3201E-01 -0.8839E-01
0.4878E-02 0.1378
4.000 0.2407
-0.1288 -0.1997
-0.1580E-01 0.2200
5.000 0.2581
-0.2542 -0.3080
-0.5432E-01 0.2636
6.000 0.3113
-0.3468 -0.3628
-0.9799E-01 0.2398
7.000 0.4039
-0.3753 -0.3573
-0.1318 0.1720
8.000 0.5289
-0.3567 -0.3207
-0.1525 0.9781E-01
9.000 0.6681
-0.3171 -0.2784
-0.1642 0.3529E-01
10.00 0.7956
-0.2717 -0.2420
-0.1713 -0.1283E-01
11.00 0.8843
-0.2269 -0.2152
-0.1769 -0.4936E-01
12.00 0.9141
-0.1839 -0.1987
-0.1829 -0.7816E-01
13.00 0.8779
-0.1423 -0.1922
-0.1914 -0.1033
14.00 0.7848
-0.1005 -0.1953
-0.2043 -0.1293
15.00 0.6570
-0.5721E-01 -0.2056
-0.2246 -0.1627
16.00 0.5233
-0.1263E-01 -0.2161
-0.2553 -0.2119
17.00 0.4100
0.2742E-01 -0.2091
-0.2967 -0.2851
18.00 0.3340
0.4830E-01 -0.1570
-0.3391 -0.3772
19.00 0.2992
0.3545E-01 -0.4870E-01
-0.3618 -0.4564
20.00 0.2971
-0.4727E-02 0.8331E-01
-0.3530 -0.4875
21.00 0.3120
-0.5020E-01 0.1954
-0.3236 -0.4699
22.00 0.3268
-0.8735E-01 0.2736
-0.2898 -0.4247
23.00 0.3285
-0.1145 0.3239
-0.2595 -0.3673
24.00 0.3115
-0.1340 0.3548
-0.2344 -0.3030
25.00 0.2772
-0.1478 0.3701
-0.2132 -0.2312
26.00 0.2322
-0.1556 0.3682
-0.1940 -0.1495
27.00 0.1850
-0.1531 0.3424
-0.1737 -0.5766E-01
28.00 0.1433
-0.1305 0.2814
-0.1483 0.3645E-01
29.00 0.1118
-0.7202E-01 0.1776
-0.1136 0.1088
30.00 0.9219E-01
0.3260E-01 0.4488E-01
-0.7013E-01 0.1212
31.00 0.8349E-01
0.1686 -0.7212E-01
-0.2777E-01 0.5363E-01
32.00 0.8301E-01
0.2992 -0.1324
-0.8851E-05 -0.6249E-01
33.00 0.8753E-01
0.3988 -0.1358
0.8062E-02 -0.1744
34.00 0.9409E-01
0.4661 -0.1085
-0.2146E-03 -0.2528
35.00 0.1005
0.5095 -0.7369E-01
-0.1982E-01 -0.2943
36.00 0.1052
0.5359 -0.4472E-01
-0.4719E-01 -0.3061
37.00 0.1076
0.5486 -0.2766E-01
-0.8015E-01 -0.2960
38.00 0.1076
0.5481 -0.2509E-01
-0.1171 -0.2706
39.00 0.1053
0.5339 -0.3792E-01
-0.1566 -0.2349
40.00 0.1012
0.5052 -0.6610E-01
-0.1971 -0.1930
41.00 0.9571E-01
0.4621 -0.1086
-0.2370 -0.1482
42.00 0.8940E-01
0.4059 -0.1635
-0.2747 -0.1033
43.00 0.8268E-01
0.3393 -0.2276
-0.3087 -0.6063E-01
44.00 0.7592E-01
0.2662 -0.2971
-0.3376 -0.2216E-01
45.00 0.6941E-01
0.1913 -0.3676
-0.3606 0.1075E-01
46.00 0.6334E-01
0.1197 -0.4353
-0.3774 0.3725E-01
47.00 0.5785E-01
0.5574E-01 -0.4971
-0.3883 0.5702E-01
48.00 0.5300E-01
0.2620E-02 -0.5516
-0.3943 0.7008E-01
49.00 0.4886E-01
-0.3796E-01 -0.5985
-0.3967 0.7668E-01
50.00 0.4546E-01
-0.6584E-01 -0.6390
-0.3968 0.7714E-01
51.00 0.4282E-01
-0.8223E-01 -0.6745
-0.3957 0.7183E-01
52.00 0.4093E-01
-0.8919E-01 -0.7064
-0.3940 0.6128E-01
53.00 0.3980E-01
-0.8917E-01 -0.7357
-0.3914 0.4632E-01
54.00 0.3936E-01
-0.8440E-01 -0.7626
-0.3871 0.2811E-01
55.00 0.3955E-01
-0.7642E-01 -0.7871
-0.3803 0.8125E-02
56.00 0.4024E-01
-0.6598E-01 -0.8088
-0.3707 -0.1217E-01
57.00 0.4130E-01
-0.5316E-01 -0.8273
-0.3581 -0.3152E-01
58.00 0.4257E-01
-0.3769E-01 -0.8424
-0.3432 -0.4908E-01
59.00 0.4389E-01
-0.1926E-01 -0.8539
-0.3267 -0.6441E-01
60.00 0.4511E-01
0.2319E-02 -0.8614
-0.3093 -0.7745E-01
61.00 0.4613E-01
0.2701E-01 -0.8648
-0.2919 -0.8836E-01
62.00 0.4688E-01
0.5463E-01 -0.8635
-0.2750 -0.9743E-01
63.00 0.4733E-01
0.8484E-01 -0.8574
-0.2587 -0.1050
64.00 0.4749E-01
0.1172 -0.8463
-0.2436 -0.1114
65.00 0.4740E-01
0.1510 -0.8301
-0.2296 -0.1168
66.00 0.4710E-01
0.1856 -0.8090
-0.2171 -0.1214
67.00 0.4663E-01
0.2199 -0.7836
-0.2063 -0.1252
68.00 0.4604E-01
0.2529 -0.7547
-0.1972 -0.1280
69.00 0.4533E-01
0.2832 -0.7234
-0.1898 -0.1296
70.00 0.4451E-01
0.3098 -0.6912
-0.1841 -0.1299
71.00 0.4359E-01
0.3316 -0.6592
-0.1797 -0.1287
72.00 0.4257E-01
0.3482 -0.6287
-0.1761 -0.1258
73.00 0.4147E-01
0.3592 -0.6007
-0.1728 -0.1215
74.00 0.4030E-01
0.3647 -0.5758
-0.1689 -0.1159
75.00 0.3910E-01
0.3651 -0.5545
-0.1638 -0.1094
76.00 0.3788E-01
0.3611 -0.5370
-0.1570 -0.1022
77.00 0.3667E-01
0.3534 -0.5231
-0.1481 -0.9483E-01
78.00 0.3546E-01
0.3425 -0.5125
-0.1368 -0.8749E-01
79.00 0.3427E-01
0.3292 -0.5048
-0.1230 -0.8045E-01
80.00 0.3308E-01
0.3140 -0.4993
-0.1070 -0.7387E-01
81.00 0.3189E-01
0.2976 -0.4952
-0.8904E-01 -0.6782E-01
82.00 0.3071E-01
0.2805 -0.4918
-0.6956E-01 -0.6230E-01
83.00 0.2954E-01
0.2634 -0.4880
-0.4930E-01 -0.5712E-01
84.00 0.2837E-01
0.2470 -0.4829
-0.2915E-01 -0.5196E-01
85.00 0.2721E-01
0.2316 -0.4761
-0.1011E-01 -0.4633E-01
86.00 0.2605E-01
0.2173 -0.4669
0.6830E-02 -0.3962E-01
87.00 0.2487E-01
0.2041 -0.4553
0.2088E-01 -0.3120E-01
88.00 0.2367E-01
0.1913 -0.4417
0.3153E-01 -0.2053E-01
89.00 0.2243E-01
0.1783 -0.4265
0.3865E-01 -0.7233E-02
90.00 0.2115E-01
0.1644 -0.4105
0.4246E-01 0.8840E-02
91.00 0.1983E-01
0.1490 -0.3944
0.4350E-01 0.2761E-01
92.00 0.1850E-01
0.1316 -0.3791
0.4253E-01 0.4877E-01
93.00 0.1716E-01
0.1120 -0.3655
0.4051E-01 0.7187E-01
94.00 0.1584E-01
0.9051E-01 -0.3546
0.3848E-01 0.9627E-01
95.00 0.1457E-01
0.6734E-01 -0.3470
0.3756E-01 0.1212
96.00 0.1337E-01
0.4322E-01 -0.3437
0.3880E-01 0.1459
97.00 0.1224E-01
0.1910E-01 -0.3451
0.4313E-01 0.1693
98.00 0.1120E-01
-0.3899E-02 -0.3518
0.5119E-01 0.1905
99.00 0.1026E-01
-0.2456E-01 -0.3636
0.6317E-01 0.2089
100.0 0.9418E-02
-0.4178E-01 -0.3802
0.7877E-01 0.2237
101.0 0.8657E-02
-0.5468E-01 -0.4008
0.9721E-01 0.2347
102.0 0.7972E-02
-0.6284E-01 -0.4245
0.1174 0.2419
103.0 0.7351E-02
-0.6627E-01 -0.4501
0.1380 0.2454
104.0 0.6781E-02
-0.6546E-01 -0.4766
0.1579 0.2455
105.0 0.6251E-02
-0.6127E-01 -0.5033
0.1761 0.2424
106.0 0.5751E-02
-0.5484E-01 -0.5298
0.1922 0.2364
107.0 0.5276E-02
-0.4740E-01 -0.5560
0.2058 0.2276
108.0 0.4824E-02
-0.4012E-01 -0.5822
0.2174 0.2160
109.0 0.4394E-02
-0.3383E-01 -0.6089
0.2277 0.2017
110.0 0.3991E-02
-0.2882E-01 -0.6371
0.2377 0.1843
111.0 0.3625E-02
-0.2454E-01 -0.6680
0.2483 0.1640
112.0 0.3305E-02
-0.1963E-01 -0.7023
0.2603 0.1407
113.0 0.3040E-02
-0.1222E-01 -0.7404
0.2731 0.1151
114.0 0.2837E-02
-0.8480E-03 -0.7813
0.2852 0.8854E-01
115.0 0.2698E-02
0.1438E-01 -0.8224
0.2936 0.6301E-01
116.0 0.2616E-02
0.3096E-01 -0.8598
0.2951 0.4049E-01
117.0 0.2583E-02
0.4431E-01 -0.8894
0.2873 0.2222E-01
118.0 0.2585E-02
0.4910E-01 -0.9079
0.2698 0.8130E-02
119.0 0.2609E-02
0.4078E-01 -0.9129
0.2435 -0.3029E-02
120.0 0.2641E-02
0.1649E-01 -0.9028
0.2107 -0.1321E-01
121.0 0.2674E-02
-0.2460E-01 -0.8767
0.1742 -0.2452E-01
122.0 0.2701E-02
-0.8132E-01 -0.8340
0.1369 -0.3875E-01
123.0 0.2721E-02
-0.1507 -0.7745
0.1013 -0.5717E-01
124.0 0.2732E-02
-0.2280 -0.6985
0.7003E-01 -0.8038E-01
125.0 0.2734E-02
-0.3073 -0.6072
0.4533E-01 -0.1082
126.0 0.2731E-02
-0.3819 -0.5029
0.2906E-01 -0.1399
127.0 0.2721E-02
-0.4450 -0.3890
0.2241E-01 -0.1739
128.0 0.2707E-02
-0.4903 -0.2702
0.2578E-01 -0.2080
129.0 0.2689E-02
-0.5132 -0.1521
0.3847E-01 -0.2399
130.0 0.2667E-02
-0.5116 -0.4055E-01
0.5875E-01 -0.2669
131.0 0.2641E-02
-0.4864 0.5875E-01
0.8390E-01 -0.2868
132.0 0.2609E-02
-0.4414 0.1415
0.1107 -0.2977
133.0 0.2568E-02
-0.3829 0.2051
0.1357 -0.2992
134.0 0.2517E-02
-0.3182 0.2490
0.1559 -0.2914
135.0 0.2455E-02
-0.2555 0.2744
0.1689 -0.2759
136.0 0.2385E-02
-0.2021 0.2836
0.1734 -0.2550
137.0 0.2307E-02
-0.1644 0.2802
0.1686 -0.2320
138.0 0.2226E-02
-0.1468 0.2683
0.1549 -0.2102
139.0 0.2145E-02
-0.1509 0.2522
0.1332 -0.1933
140.0 0.2068E-02
-0.1753 0.2362
0.1055 -0.1842
141.0 0.1998E-02
-0.2150 0.2237
0.7397E-01 -0.1853
142.0 0.1940E-02
-0.2617 0.2166
0.4178E-01 -0.1974
143.0 0.1896E-02
-0.3043 0.2147
0.1249E-01 -0.2199
144.0 0.1874E-02
-0.3314 0.2151
-0.1007E-01 -0.2506
145.0 0.1878E-02
-0.3331 0.2135
-0.2245E-01 -0.2858
146.0 0.1914E-02
-0.3047 0.2049
-0.2250E-01 -0.3211
147.0 0.1984E-02
-0.2486 0.1861
-0.1026E-01 -0.3521
148.0 0.2090E-02
-0.1736 0.1568
0.1187E-01 -0.3759
149.0 0.2227E-02
-0.9192E-01 0.1197
0.3985E-01 -0.3918
150.0 0.2388E-02
-0.1531E-01 0.7891E-01
0.6921E-01 -0.4005
151.0 0.2563E-02
0.4740E-01 0.3875E-01
0.9607E-01 -0.4041
152.0 0.2743E-02
0.9114E-01 0.2516E-02
0.1176 -0.4046
153.0 0.2915E-02
0.1139 -0.2796E-01
0.1320 -0.4037
154.0 0.3070E-02
0.1157 -0.5226E-01
0.1383 -0.4026
155.0 0.3203E-02
0.9774E-01 -0.7113E-01
0.1359 -0.4019
156.0 0.3308E-02
0.6201E-01 -0.8620E-01
0.1249 -0.4015
157.0 0.3384E-02
0.1084E-01 -0.9963E-01
0.1055 -0.4012
158.0 0.3434E-02
-0.5298E-01 -0.1138
0.7821E-01 -0.4003
159.0 0.3460E-02
-0.1260 -0.1312
0.4419E-01 -0.3980
160.0 0.3468E-02
-0.2038 -0.1538
0.5132E-02 -0.3933
161.0 0.3465E-02
-0.2812 -0.1831
-0.3666E-01 -0.3851
162.0 0.3456E-02
-0.3521 -0.2196
-0.7840E-01 -0.3726
163.0 0.3444E-02
-0.4105 -0.2628
-0.1171 -0.3553
164.0 0.3431E-02
-0.4512 -0.3110
-0.1500 -0.3334
165.0 0.3412E-02
-0.4705 -0.3620
-0.1749 -0.3072
166.0 0.3382E-02
-0.4674 -0.4131
-0.1908 -0.2779
167.0 0.3332E-02
-0.4427 -0.4622
-0.1974 -0.2467
168.0 0.3254E-02
-0.3990 -0.5076
-0.1953 -0.2147
169.0 0.3139E-02
-0.3396 -0.5485
-0.1854 -0.1831
170.0 0.2982E-02
-0.2680 -0.5846
-0.1691 -0.1527
171.0 0.2782E-02
-0.1875 -0.6160
-0.1475 -0.1242
172.0 0.2543E-02
-0.1008 -0.6435
-0.1217 -0.9811E-01
173.0 0.2272E-02
-0.1086E-01 -0.6681
-0.9268E-01 -0.7476E-01
174.0 0.1983E-02
0.7877E-01 -0.6914
-0.6183E-01 -0.5443E-01
175.0 0.1690E-02
0.1626 -0.7152
-0.3089E-01 -0.3726E-01
176.0 0.1413E-02
0.2309 -0.7409
-0.2523E-02 -0.2338E-01
177.0 0.1171E-02
0.2670 -0.7696
0.1907E-01 -0.1281E-01
178.0 0.9831E-03
0.2474 -0.7993
0.2830E-01 -0.5524E-02
179.0 0.8634E-03
0.1535 -0.8240
0.2084E-01 -0.1344E-02
180.0 0.8223E-03
0.000 -0.8339
0.000 0.000
