0.000 4.819
0.000 -1.414
0.000 0.000
1.000 4.931
-0.1112 -1.317
-0.3445 -0.3965E-01
2.000 5.239
-0.1963 -1.065
-0.6114 -0.1425
3.000 5.666
-0.2442 -0.7424
-0.7678 -0.2743
4.000 6.098
-0.2585 -0.4208
-0.8247 -0.4055
5.000 6.415
-0.2488 -0.1379
-0.8106 -0.5210
6.000 6.510
-0.2235 0.9587E-01
-0.7519 -0.6165
7.000 6.318
-0.1885 0.2834
-0.6663 -0.6930
8.000 5.823
-0.1466 0.4316
-0.5635 -0.7535
9.000 5.067
-0.9883E-01 0.5469
-0.4468 -0.8006
10.00 4.135
-0.4440E-01 0.6330
-0.3148 -0.8358
11.00 3.141
0.1840E-01 0.6881
-0.1618 -0.8583
12.00 2.200
0.9140E-01 0.7007
0.2344E-01 -0.8634
13.00 1.408
0.1728 0.6369
0.2567 -0.8374
14.00 0.8238
0.2419 0.4133
0.5469 -0.7461
15.00 0.4618
0.2078 -0.1215
0.8189 -0.5277
16.00 0.2969
-0.1129 -0.9047
0.7310 -0.2080
17.00 0.2764
-0.5684 -1.137
0.1308 -0.1133
18.00 0.3360
-0.7433 -0.7094
-0.3344 -0.2877
19.00 0.4162
-0.7139 -0.2382
-0.4798 -0.4801
20.00 0.4736
-0.6266 0.1034
-0.4659 -0.6195
21.00 0.4859
-0.5274 0.3405
-0.3869 -0.7163
22.00 0.4508
-0.4215 0.5082
-0.2761 -0.7848
23.00 0.3800
-0.3023 0.6242
-0.1423 -0.8321
24.00 0.2920
-0.1576 0.6884
0.1397E-01 -0.8583
25.00 0.2051
0.2760E-01 0.6788
0.1934 -0.8544
26.00 0.1325
0.2657 0.5375
0.3858 -0.7966
27.00 0.8081E-01
0.5341 0.1550
0.5399 -0.6404
28.00 0.5036E-01
0.6788 -0.5505
0.5122 -0.3523
29.00 0.3728E-01
0.4062 -1.261
0.1741 -0.6203E-01
30.00 0.3580E-01
-0.1912 -1.347
-0.2098 -0.2703E-01
31.00 0.4020E-01
-0.6453 -0.9297
-0.3156 -0.1974
32.00 0.4606E-01
-0.8333 -0.4675
-0.1901 -0.3862
33.00 0.5077E-01
-0.8419 -0.1383
0.4118E-01 -0.5206
34.00 0.5333E-01
-0.7420 0.3206E-01
0.3059 -0.5902
35.00 0.5394E-01
-0.5712 0.4588E-01
0.5587 -0.5958
36.00 0.5347E-01
-0.3576 -0.8918E-01
0.7559 -0.5407
37.00 0.5292E-01
-0.1361 -0.3478
0.8532 -0.4351
38.00 0.5312E-01
0.5044E-01 -0.6742
0.8218 -0.3018
39.00 0.5450E-01
0.1653 -0.9917
0.6687 -0.1722
40.00 0.5706E-01
0.1952 -1.234
0.4372 -0.7352E-01
41.00 0.6043E-01
0.1525 -1.370
0.1835 -0.1802E-01
42.00 0.6399E-01
0.6328E-01 -1.406
-0.4844E-01 -0.3100E-02
43.00 0.6703E-01
-0.4756E-01 -1.369
-0.2364 -0.1843E-01
44.00 0.6891E-01
-0.1624 -1.285
-0.3751 -0.5268E-01
45.00 0.6916E-01
-0.2713 -1.177
-0.4688 -0.9672E-01
46.00 0.6757E-01
-0.3698 -1.061
-0.5246 -0.1441
47.00 0.6420E-01
-0.4563 -0.9466
-0.5500 -0.1907
48.00 0.5930E-01
-0.5309 -0.8414
-0.5518 -0.2337
49.00 0.5330E-01
-0.5941 -0.7501
-0.5357 -0.2709
50.00 0.4671E-01
-0.6462 -0.6767
-0.5072 -0.3009
51.00 0.4003E-01
-0.6870 -0.6245
-0.4720 -0.3222
52.00 0.3372E-01
-0.7159 -0.5960
-0.4372 -0.3338
53.00 0.2815E-01
-0.7309 -0.5910
-0.4123 -0.3358
54.00 0.2354E-01
-0.7298 -0.6034
-0.4080 -0.3307
55.00 0.2002E-01
-0.7106 -0.6181
-0.4338 -0.3246
56.00 0.1757E-01
-0.6731 -0.6114
-0.4917 -0.3273
57.00 0.1608E-01
-0.6209 -0.5597
-0.5703 -0.3484
58.00 0.1535E-01
-0.5595 -0.4531
-0.6480 -0.3919
59.00 0.1516E-01
-0.4935 -0.3009
-0.7035 -0.4540
60.00 0.1529E-01
-0.4241 -0.1236
-0.7252 -0.5264
61.00 0.1552E-01
-0.3496 0.5818E-01
-0.7116 -0.6007
62.00 0.1571E-01
-0.2669 0.2291
-0.6669 -0.6705
63.00 0.1576E-01
-0.1728 0.3787
-0.5962 -0.7315
64.00 0.1564E-01
-0.6536E-01 0.4989
-0.5045 -0.7806
65.00 0.1537E-01
0.5568E-01 0.5823
-0.3957 -0.8146
66.00 0.1497E-01
0.1881 0.6210
-0.2742 -0.8304
67.00 0.1451E-01
0.3266 0.6078
-0.1449 -0.8250
68.00 0.1406E-01
0.4624 0.5378
-0.1406E-01 -0.7965
69.00 0.1367E-01
0.5842 0.4112
0.1110 -0.7448
70.00 0.1339E-01
0.6802 0.2350
0.2231 -0.6728
71.00 0.1323E-01
0.7403 0.2389E-01
0.3161 -0.5866
72.00 0.1320E-01
0.7598 -0.2026
0.3873 -0.4942
73.00 0.1328E-01
0.7401 -0.4240
0.4372 -0.4038
74.00 0.1345E-01
0.6877 -0.6238
0.4692 -0.3222
75.00 0.1367E-01
0.6125 -0.7916
0.4883 -0.2537
76.00 0.1389E-01
0.5247 -0.9233
0.4998 -0.1999
77.00 0.1408E-01
0.4333 -1.020
0.5078 -0.1605
78.00 0.1420E-01
0.3450 -1.085
0.5155 -0.1338
79.00 0.1423E-01
0.2647 -1.125
0.5249 -0.1178
80.00 0.1417E-01
0.1954 -1.143
0.5366 -0.1101
81.00 0.1403E-01
0.1391 -1.147
0.5508 -0.1087
82.00 0.1380E-01
0.9657E-01 -1.139
0.5665 -0.1117
83.00 0.1351E-01
0.6798E-01 -1.126
0.5826 -0.1172
84.00 0.1319E-01
0.5251E-01 -1.110
0.5975 -0.1236
85.00 0.1285E-01
0.4846E-01 -1.096
0.6093 -0.1294
86.00 0.1250E-01
0.5321E-01 -1.086
0.6166 -0.1335
87.00 0.1217E-01
0.6348E-01 -1.082
0.6186 -0.1352
88.00 0.1186E-01
0.7569E-01 -1.084
0.6149 -0.1343
89.00 0.1156E-01
0.8659E-01 -1.092
0.6065 -0.1309
90.00 0.1128E-01
0.9365E-01 -1.104
0.5947 -0.1258
91.00 0.1101E-01
0.9545E-01 -1.119
0.5812 -0.1197
92.00 0.1074E-01
0.9168E-01 -1.134
0.5679 -0.1135
93.00 0.1046E-01
0.8300E-01 -1.148
0.5563 -0.1081
94.00 0.1015E-01
0.7074E-01 -1.158
0.5477 -0.1039
95.00 0.9820E-02
0.5663E-01 -1.164
0.5426 -0.1014
96.00 0.9460E-02
0.4256E-01 -1.165
0.5413 -0.1006
97.00 0.9074E-02
0.3045E-01 -1.163
0.5436 -0.1015
98.00 0.8667E-02
0.2205E-01 -1.157
0.5490 -0.1039
99.00 0.8243E-02
0.1890E-01 -1.148
0.5564 -0.1074
100.0 0.7807E-02
0.2213E-01 -1.138
0.5647 -0.1113
101.0 0.7362E-02
0.3233E-01 -1.129
0.5722 -0.1151
102.0 0.6910E-02
0.4948E-01 -1.121
0.5775 -0.1183
103.0 0.6451E-02
0.7298E-01 -1.116
0.5789 -0.1203
104.0 0.5986E-02
0.1018 -1.114
0.5753 -0.1207
105.0 0.5515E-02
0.1345 -1.117
0.5657 -0.1195
106.0 0.5040E-02
0.1698 -1.123
0.5494 -0.1167
107.0 0.4563E-02
0.2065 -1.133
0.5264 -0.1124
108.0 0.4090E-02
0.2436 -1.145
0.4965 -0.1071
109.0 0.3627E-02
0.2805 -1.159
0.4598 -0.1010
110.0 0.3181E-02
0.3169 -1.173
0.4160 -0.9481E-01
111.0 0.2759E-02
0.3523 -1.186
0.3647 -0.8879E-01
112.0 0.2369E-02
0.3863 -1.197
0.3051 -0.8342E-01
113.0 0.2017E-02
0.4178 -1.206
0.2361 -0.7914E-01
114.0 0.1709E-02
0.4449 -1.210
0.1565 -0.7647E-01
115.0 0.1446E-02
0.4645 -1.208
0.6572E-01 -0.7600E-01
116.0 0.1228E-02
0.4728 -1.198
-0.3580E-01 -0.7843E-01
117.0 0.1050E-02
0.4655 -1.179
-0.1458 -0.8460E-01
118.0 0.9075E-03
0.4392 -1.148
-0.2600 -0.9546E-01
119.0 0.7929E-03
0.3925 -1.103
-0.3731 -0.1121
120.0 0.6988E-03
0.3258 -1.041
-0.4792 -0.1356
121.0 0.6183E-03
0.2411 -0.9574
-0.5729 -0.1675
122.0 0.5462E-03
0.1413 -0.8488
-0.6488 -0.2094
123.0 0.4791E-03
0.2960E-01 -0.7094
-0.7001 -0.2634
124.0 0.4156E-03
-0.8916E-01 -0.5338
-0.7174 -0.3315
125.0 0.3563E-03
-0.2064 -0.3188
-0.6864 -0.4147
126.0 0.3031E-03
-0.3059 -0.6978E-01
-0.5886 -0.5106
127.0 0.2587E-03
-0.3593 0.1893
-0.4069 -0.6097
128.0 0.2259E-03
-0.3287 0.4031
-0.1432 -0.6901
129.0 0.2070E-03
-0.1861 0.4914
0.1554 -0.7208
130.0 0.2034E-03
0.5054E-01 0.3976
0.3937 -0.6807
131.0 0.2151E-03
0.3096 0.1500
0.4853 -0.5818
132.0 0.2407E-03
0.5136 -0.1524
0.4158 -0.4633
133.0 0.2781E-03
0.6267 -0.4164
0.2349 -0.3614
134.0 0.3246E-03
0.6522 -0.5965
0.4421E-02 -0.2933
135.0 0.3779E-03
0.6085 -0.6858
-0.2298 -0.2614
136.0 0.4365E-03
0.5143 -0.6957
-0.4400 -0.2611
137.0 0.5003E-03
0.3850 -0.6436
-0.6094 -0.2854
138.0 0.5703E-03
0.2335 -0.5494
-0.7281 -0.3264
139.0 0.6484E-03
0.7259E-01 -0.4337
-0.7924 -0.3759
140.0 0.7367E-03
-0.8583E-01 -0.3160
-0.8054 -0.4260
141.0 0.8362E-03
-0.2316 -0.2124
-0.7765 -0.4701
142.0 0.9466E-03
-0.3578 -0.1328
-0.7195 -0.5042
143.0 0.1065E-02
-0.4614 -0.8104E-01
-0.6489 -0.5267
144.0 0.1188E-02
-0.5426 -0.5554E-01
-0.5775 -0.5383
145.0 0.1308E-02
-0.6036 -0.5173E-01
-0.5148 -0.5407
146.0 0.1418E-02
-0.6468 -0.6368E-01
-0.4668 -0.5363
147.0 0.1509E-02
-0.6748 -0.8532E-01
-0.4365 -0.5278
148.0 0.1575E-02
-0.6890 -0.1110
-0.4251 -0.5173
149.0 0.1611E-02
-0.6902 -0.1356
-0.4322 -0.5069
150.0 0.1612E-02
-0.6779 -0.1545
-0.4563 -0.4986
151.0 0.1579E-02
-0.6508 -0.1632
-0.4951 -0.4940
152.0 0.1514E-02
-0.6066 -0.1573
-0.5448 -0.4950
153.0 0.1425E-02
-0.5428 -0.1326
-0.6001 -0.5032
154.0 0.1320E-02
-0.4568 -0.8473E-01
-0.6531 -0.5203
155.0 0.1209E-02
-0.3474 -0.1090E-01
-0.6922 -0.5475
156.0 0.1103E-02
-0.2172 0.8852E-01
-0.7022 -0.5846
157.0 0.1012E-02
-0.7463E-01 0.2069
-0.6662 -0.6291
158.0 0.9432E-03
0.6379E-01 0.3290
-0.5714 -0.6754
159.0 0.9011E-03
0.1768 0.4327
-0.4166 -0.7146
160.0 0.8866E-03
0.2460 0.4955
-0.2175 -0.7382
161.0 0.8976E-03
0.2642 0.5043
-0.1615E-02 -0.7409
162.0 0.9298E-03
0.2375 0.4591
0.2027 -0.7226
163.0 0.9781E-03
0.1800 0.3698
0.3766 -0.6870
164.0 0.1038E-02
0.1072 0.2495
0.5125 -0.6392
165.0 0.1105E-02
0.3095E-01 0.1098
0.6108 -0.5837
166.0 0.1178E-02
-0.4078E-01 -0.4087E-01
0.6758 -0.5238
167.0 0.1258E-02
-0.1035 -0.1966
0.7123 -0.4618
168.0 0.1347E-02
-0.1548 -0.3531
0.7246 -0.3996
169.0 0.1447E-02
-0.1938 -0.5065
0.7162 -0.3387
170.0 0.1561E-02
-0.2200 -0.6534
0.6902 -0.2805
171.0 0.1692E-02
-0.2339 -0.7905
0.6493 -0.2263
172.0 0.1837E-02
-0.2362 -0.9151
0.5963 -0.1772
173.0 0.1995E-02
-0.2280 -1.025
0.5339 -0.1339
174.0 0.2161E-02
-0.2107 -1.120
0.4646 -0.9684E-01
175.0 0.2326E-02
-0.1859 -1.198
0.3908 -0.6613E-01
176.0 0.2481E-02
-0.1551 -1.261
0.3142 -0.4164E-01
177.0 0.2617E-02
-0.1199 -1.308
0.2361 -0.2309E-01
178.0 0.2722E-02
-0.8158E-01 -1.341
0.1575 -0.1015E-01
179.0 0.2789E-02
-0.4126E-01 -1.361
0.7877E-01 -0.2519E-02
180.0 0.2812E-02
0.000 -1.367
0.000 0.000
