0.000 2.783
0.000 -0.3844E-01
0.000 0.000
1.000 2.827
0.1684 -0.4019E-01
0.1092E-01 -0.5296E-02
2.000 2.931
0.3028 -0.4430E-01
0.1791E-01 -0.1857E-01
3.000 3.022
0.3915 -0.4808E-01
0.1925E-01 -0.3451E-01
4.000 3.023
0.4412 -0.4833E-01
0.1496E-01 -0.4886E-01
5.000 2.898
0.4619 -0.4126E-01
0.5563E-02 -0.5925E-01
6.000 2.663
0.4576 -0.2213E-01
-0.8446E-02 -0.6431E-01
7.000 2.375
0.4255 0.1365E-01
-0.2582E-01 -0.6300E-01
8.000 2.099
0.3610 0.6681E-01
-0.4335E-01 -0.5503E-01
9.000 1.872
0.2679 0.1295
-0.5585E-01 -0.4202E-01
10.00 1.686
0.1632 0.1872
-0.5888E-01 -0.2739E-01
11.00 1.504
0.6700E-01 0.2278
-0.5150E-01 -0.1432E-01
12.00 1.285
-0.9679E-02 0.2480
-0.3551E-01 -0.3965E-02
13.00 1.013
-0.6602E-01 0.2496
-0.1253E-01 0.4221E-02
14.00 0.7075
-0.1052 0.2325
0.1786E-01 0.1100E-01
15.00 0.4180
-0.1263 0.1857
0.5755E-01 0.1509E-01
16.00 0.1985
-0.1042 0.6207E-01
0.9719E-01 0.3191E-02
17.00 0.8545E-01
0.7532E-01 -0.2340
0.3995E-02 -0.9450E-01
18.00 0.8406E-01
0.2337 -0.2216
-0.3266 -0.2163
19.00 0.1695
0.1034 0.4825E-01
-0.3370 -0.1649
20.00 0.2994
0.1688E-01 0.1583
-0.2738 -0.1205
21.00 0.4300
-0.2176E-01 0.1994
-0.2260 -0.9804E-01
22.00 0.5293
-0.3224E-01 0.2135
-0.1900 -0.8813E-01
23.00 0.5827
-0.2052E-01 0.2126
-0.1586 -0.8673E-01
24.00 0.5917
0.1393E-01 0.1990
-0.1271 -0.9263E-01
25.00 0.5685
0.7395E-01 0.1718
-0.9225E-01 -0.1055
26.00 0.5292
0.1612 0.1298
-0.5252E-01 -0.1246
27.00 0.4884
0.2716 0.7484E-01
-0.9237E-02 -0.1471
28.00 0.4566
0.3919 0.1420E-01
0.3284E-01 -0.1681
29.00 0.4389
0.5003 -0.3961E-01
0.6673E-01 -0.1812
30.00 0.4364
0.5766 -0.7429E-01
0.8684E-01 -0.1822
31.00 0.4464
0.6114 -0.8414E-01
0.9214E-01 -0.1715
32.00 0.4645
0.6091 -0.7165E-01
0.8600E-01 -0.1526
33.00 0.4849
0.5811 -0.4386E-01
0.7360E-01 -0.1302
34.00 0.5020
0.5396 -0.8042E-02
0.5950E-01 -0.1077
35.00 0.5110
0.4937 0.3050E-01
0.4682E-01 -0.8678E-01
36.00 0.5088
0.4487 0.6868E-01
0.3735E-01 -0.6775E-01
37.00 0.4944
0.4074 0.1050
0.3206E-01 -0.5007E-01
38.00 0.4692
0.3705 0.1389
0.3150E-01 -0.3278E-01
39.00 0.4363
0.3378 0.1699
0.3602E-01 -0.1479E-01
40.00 0.3993
0.3082 0.1972
0.4585E-01 0.4928E-02
41.00 0.3621
0.2810 0.2196
0.6092E-01 0.2708E-01
42.00 0.3277
0.2557 0.2353
0.8069E-01 0.5184E-01
43.00 0.2980
0.2325 0.2427
0.1039 0.7863E-01
44.00 0.2739
0.2123 0.2409
0.1286 0.1062
45.00 0.2552
0.1963 0.2302
0.1526 0.1328
46.00 0.2413
0.1853 0.2127
0.1740 0.1569
47.00 0.2309
0.1792 0.1916
0.1914 0.1774
48.00 0.2228
0.1771 0.1703
0.2046 0.1940
49.00 0.2160
0.1776 0.1515
0.2138 0.2068
50.00 0.2095
0.1791 0.1370
0.2196 0.2165
51.00 0.2025
0.1804 0.1273
0.2226 0.2235
52.00 0.1947
0.1807 0.1220
0.2233 0.2285
53.00 0.1857
0.1796 0.1199
0.2223 0.2321
54.00 0.1755
0.1773 0.1198
0.2199 0.2347
55.00 0.1641
0.1743 0.1204
0.2168 0.2368
56.00 0.1519
0.1711 0.1209
0.2132 0.2389
57.00 0.1392
0.1685 0.1206
0.2097 0.2412
58.00 0.1265
0.1669 0.1193
0.2065 0.2439
59.00 0.1143
0.1664 0.1168
0.2034 0.2468
60.00 0.1030
0.1666 0.1129
0.2001 0.2496
61.00 0.9317E-01
0.1664 0.1073
0.1959 0.2517
62.00 0.8484E-01
0.1645 0.9987E-01
0.1902 0.2525
63.00 0.7801E-01
0.1599 0.9078E-01
0.1828 0.2516
64.00 0.7249E-01
0.1523 0.8063E-01
0.1738 0.2495
65.00 0.6803E-01
0.1420 0.7040E-01
0.1637 0.2466
66.00 0.6434E-01
0.1296 0.6109E-01
0.1526 0.2435
67.00 0.6120E-01
0.1157 0.5329E-01
0.1407 0.2409
68.00 0.5844E-01
0.1006 0.4696E-01
0.1279 0.2387
69.00 0.5593E-01
0.8434E-01 0.4147E-01
0.1143 0.2369
70.00 0.5352E-01
0.6685E-01 0.3585E-01
0.1000 0.2353
71.00 0.5110E-01
0.4831E-01 0.2929E-01
0.8564E-01 0.2339
72.00 0.4858E-01
0.2912E-01 0.2137E-01
0.7180E-01 0.2327
73.00 0.4592E-01
0.9644E-02 0.1228E-01
0.5900E-01 0.2314
74.00 0.4316E-01
-0.9978E-02 0.2592E-02
0.4745E-01 0.2301
75.00 0.4038E-01
-0.3014E-01 -0.7000E-02
0.3702E-01 0.2282
76.00 0.3772E-01
-0.5177E-01 -0.1604E-01
0.2731E-01 0.2250
77.00 0.3529E-01
-0.7610E-01 -0.2459E-01
0.1791E-01 0.2196
78.00 0.3321E-01
-0.1041 -0.3324E-01
0.8552E-02 0.2112
79.00 0.3148E-01
-0.1359 -0.4291E-01
-0.6093E-03 0.1995
80.00 0.3009E-01
-0.1704 -0.5442E-01
-0.9080E-02 0.1848
81.00 0.2895E-01
-0.2057 -0.6809E-01
-0.1620E-01 0.1683
82.00 0.2797E-01
-0.2396 -0.8365E-01
-0.2143E-01 0.1514
83.00 0.2705E-01
-0.2702 -0.1003
-0.2446E-01 0.1355
84.00 0.2613E-01
-0.2961 -0.1170
-0.2532E-01 0.1216
85.00 0.2517E-01
-0.3171 -0.1329
-0.2423E-01 0.1100
86.00 0.2417E-01
-0.3333 -0.1474
-0.2155E-01 0.1010
87.00 0.2313E-01
-0.3456 -0.1604
-0.1760E-01 0.9424E-01
88.00 0.2205E-01
-0.3548 -0.1721
-0.1261E-01 0.8914E-01
89.00 0.2093E-01
-0.3618 -0.1829
-0.6689E-02 0.8504E-01
90.00 0.1981E-01
-0.3670 -0.1930
0.1785E-03 0.8119E-01
91.00 0.1870E-01
-0.3706 -0.2028
0.8062E-02 0.7689E-01
92.00 0.1762E-01
-0.3723 -0.2124
0.1703E-01 0.7153E-01
93.00 0.1659E-01
-0.3720 -0.2218
0.2708E-01 0.6464E-01
94.00 0.1563E-01
-0.3693 -0.2313
0.3815E-01 0.5584E-01
95.00 0.1476E-01
-0.3640 -0.2407
0.5005E-01 0.4489E-01
96.00 0.1397E-01
-0.3564 -0.2502
0.6253E-01 0.3178E-01
97.00 0.1327E-01
-0.3471 -0.2596
0.7534E-01 0.1680E-01
98.00 0.1264E-01
-0.3372 -0.2692
0.8833E-01 0.4942E-03
99.00 0.1204E-01
-0.3276 -0.2786
0.1015 -0.1641E-01
100.0 0.1146E-01
-0.3193 -0.2878
0.1148 -0.3320E-01
101.0 0.1090E-01
-0.3123 -0.2959
0.1283 -0.4927E-01
102.0 0.1034E-01
-0.3065 -0.3022
0.1419 -0.6410E-01
103.0 0.9808E-02
-0.3009 -0.3057
0.1552 -0.7725E-01
104.0 0.9311E-02
-0.2949 -0.3058
0.1678 -0.8833E-01
105.0 0.8870E-02
-0.2874 -0.3019
0.1791 -0.9703E-01
106.0 0.8497E-02
-0.2775 -0.2937
0.1887 -0.1032
107.0 0.8197E-02
-0.2644 -0.2810
0.1966 -0.1070
108.0 0.7964E-02
-0.2473 -0.2641
0.2029 -0.1090
109.0 0.7779E-02
-0.2261 -0.2437
0.2082 -0.1098
110.0 0.7614E-02
-0.2006 -0.2206
0.2131 -0.1104
111.0 0.7438E-02
-0.1713 -0.1957
0.2182 -0.1112
112.0 0.7229E-02
-0.1391 -0.1702
0.2237 -0.1127
113.0 0.6969E-02
-0.1057 -0.1449
0.2296 -0.1146
114.0 0.6648E-02
-0.7313E-01 -0.1209
0.2360 -0.1165
115.0 0.6265E-02
-0.4418E-01 -0.9900E-01
0.2429 -0.1177
116.0 0.5822E-02
-0.2131E-01 -0.7969E-01
0.2509 -0.1178
117.0 0.5331E-02
-0.6379E-02 -0.6309E-01
0.2604 -0.1164
118.0 0.4808E-02
-0.2683E-03 -0.4869E-01
0.2722 -0.1137
119.0 0.4276E-02
-0.2718E-02 -0.3555E-01
0.2864 -0.1099
120.0 0.3758E-02
-0.1235E-01 -0.2261E-01
0.3029 -0.1056
121.0 0.3275E-02
-0.2683E-01 -0.9098E-02
0.3211 -0.1009
122.0 0.2841E-02
-0.4319E-01 0.5009E-02
0.3397 -0.9585E-01
123.0 0.2471E-02
-0.5816E-01 0.1873E-01
0.3566 -0.9041E-01
124.0 0.2174E-02
-0.6835E-01 0.3027E-01
0.3692 -0.8464E-01
125.0 0.1952E-02
-0.7056E-01 0.3779E-01
0.3751 -0.7936E-01
126.0 0.1800E-02
-0.6222E-01 0.4052E-01
0.3737 -0.7620E-01
127.0 0.1703E-02
-0.4190E-01 0.3941E-01
0.3671 -0.7686E-01
128.0 0.1646E-02
-0.9535E-02 0.3669E-01
0.3583 -0.8207E-01
129.0 0.1610E-02
0.3354E-01 0.3467E-01
0.3497 -0.9094E-01
130.0 0.1583E-02
0.8453E-01 0.3503E-01
0.3420 -0.1011
131.0 0.1556E-02
0.1393 0.3853E-01
0.3346 -0.1093
132.0 0.1523E-02
0.1930 0.4521E-01
0.3264 -0.1121
133.0 0.1479E-02
0.2413 0.5456E-01
0.3164 -0.1070
134.0 0.1422E-02
0.2807 0.6571E-01
0.3039 -0.9278E-01
135.0 0.1354E-02
0.3091 0.7742E-01
0.2883 -0.7015E-01
136.0 0.1278E-02
0.3253 0.8789E-01
0.2696 -0.4174E-01
137.0 0.1196E-02
0.3296 0.9476E-01
0.2487 -0.1198E-01
138.0 0.1111E-02
0.3241 0.9523E-01
0.2280 0.1383E-01
139.0 0.1021E-02
0.3116 0.8654E-01
0.2103 0.3050E-01
140.0 0.9278E-03
0.2952 0.6660E-01
0.1990 0.3346E-01
141.0 0.8377E-03
0.2775 0.3533E-01
0.1967 0.1896E-01
142.0 0.7592E-03
0.2613 -0.3452E-02
0.2044 -0.1497E-01
143.0 0.7010E-03
0.2515 -0.4091E-01
0.2205 -0.6616E-01
144.0 0.6696E-03
0.2557 -0.6579E-01
0.2392 -0.1266
145.0 0.6690E-03
0.2800 -0.7111E-01
0.2513 -0.1840
146.0 0.7019E-03
0.3239 -0.5951E-01
0.2489 -0.2274
147.0 0.7687E-03
0.3783 -0.4118E-01
0.2296 -0.2514
148.0 0.8659E-03
0.4311 -0.2644E-01
0.1979 -0.2576
149.0 0.9838E-03
0.4742 -0.2033E-01
0.1611 -0.2507
150.0 0.1107E-02
0.5057 -0.2292E-01
0.1249 -0.2352
151.0 0.1219E-02
0.5262 -0.3220E-01
0.9213E-01 -0.2138
152.0 0.1306E-02
0.5360 -0.4613E-01
0.6352E-01 -0.1877
153.0 0.1364E-02
0.5341 -0.6319E-01
0.3877E-01 -0.1578
154.0 0.1392E-02
0.5179 -0.8235E-01
0.1744E-01 -0.1256
155.0 0.1393E-02
0.4852 -0.1029
-0.9068E-03 -0.9327E-01
156.0 0.1371E-02
0.4338 -0.1241
-0.1668E-01 -0.6363E-01
157.0 0.1334E-02
0.3627 -0.1448
-0.3025E-01 -0.3982E-01
158.0 0.1287E-02
0.2722 -0.1632
-0.4181E-01 -0.2500E-01
159.0 0.1240E-02
0.1658 -0.1760
-0.5126E-01 -0.2208E-01
160.0 0.1196E-02
0.5206E-01 -0.1795
-0.5835E-01 -0.3305E-01
161.0 0.1156E-02
-0.5571E-01 -0.1706
-0.6284E-01 -0.5872E-01
162.0 0.1119E-02
-0.1414 -0.1483
-0.6468E-01 -0.9891E-01
163.0 0.1086E-02
-0.1880 -0.1134
-0.6376E-01 -0.1529
164.0 0.1059E-02
-0.1794 -0.6906E-01
-0.5978E-01 -0.2182
165.0 0.1048E-02
-0.1052 -0.2062E-01
-0.5236E-01 -0.2890
166.0 0.1059E-02
0.3100E-01 0.2450E-01
-0.4158E-01 -0.3550
167.0 0.1100E-02
0.2079 0.5896E-01
-0.2843E-01 -0.4036
168.0 0.1177E-02
0.3906 0.7798E-01
-0.1468E-01 -0.4244
169.0 0.1299E-02
0.5419 0.8049E-01
-0.2417E-02 -0.4132
170.0 0.1473E-02
0.6353 0.6887E-01
0.6680E-02 -0.3740
171.0 0.1705E-02
0.6637 0.4784E-01
0.1193E-01 -0.3168
172.0 0.1993E-02
0.6381 0.2260E-01
0.1373E-01 -0.2536
173.0 0.2324E-02
0.5776 -0.2870E-02
0.1312E-01 -0.1933
174.0 0.2676E-02
0.4992 -0.2621E-01
0.1120E-01 -0.1401
175.0 0.3028E-02
0.4136 -0.4628E-01
0.8782E-02 -0.9572E-01
176.0 0.3359E-02
0.3267 -0.6257E-01
0.6389E-02 -0.6013E-01
177.0 0.3651E-02
0.2413 -0.7487E-01
0.4293E-02 -0.3317E-01
178.0 0.3884E-02
0.1586 -0.8329E-01
0.2580E-02 -0.1448E-01
179.0 0.4036E-02
0.7846E-01 -0.8812E-01
0.1196E-02 -0.3573E-02
180.0 0.4089E-02
0.000 -0.8969E-01
0.000 0.000
