0.000 0.2363E-01
0.000 0.1861
0.000 0.000
1.000 0.2367E-01
-0.3879E-01 0.1835
-0.8859E-02 0.1803E-03
2.000 0.2378E-01
-0.7679E-01 0.1759
-0.1693E-01 0.7035E-03
3.000 0.2396E-01
-0.1133 0.1638
-0.2351E-01 0.1518E-02
4.000 0.2419E-01
-0.1477 0.1481
-0.2803E-01 0.2545E-02
5.000 0.2448E-01
-0.1795 0.1298
-0.3010E-01 0.3683E-02
6.000 0.2481E-01
-0.2085 0.1100
-0.2954E-01 0.4815E-02
7.000 0.2516E-01
-0.2346 0.8988E-01
-0.2634E-01 0.5822E-02
8.000 0.2553E-01
-0.2578 0.7029E-01
-0.2068E-01 0.6581E-02
9.000 0.2590E-01
-0.2782 0.5208E-01
-0.1284E-01 0.6980E-02
10.00 0.2628E-01
-0.2960 0.3583E-01
-0.3229E-02 0.6916E-02
11.00 0.2665E-01
-0.3113 0.2195E-01
0.7713E-02 0.6302E-02
12.00 0.2701E-01
-0.3245 0.1063E-01
0.1951E-01 0.5073E-02
13.00 0.2737E-01
-0.3356 0.1901E-02
0.3170E-01 0.3187E-02
14.00 0.2773E-01
-0.3447 -0.4349E-02
0.4384E-01 0.6273E-03
15.00 0.2809E-01
-0.3521 -0.8351E-02
0.5554E-01 -0.2590E-02
16.00 0.2846E-01
-0.3578 -0.1041E-01
0.6648E-01 -0.6422E-02
17.00 0.2884E-01
-0.3619 -0.1086E-01
0.7640E-01 -0.1079E-01
18.00 0.2924E-01
-0.3645 -0.1004E-01
0.8514E-01 -0.1561E-01
19.00 0.2965E-01
-0.3655 -0.8264E-02
0.9260E-01 -0.2075E-01
20.00 0.3008E-01
-0.3652 -0.5799E-02
0.9877E-01 -0.2610E-01
21.00 0.3052E-01
-0.3635 -0.2841E-02
0.1037 -0.3153E-01
22.00 0.3098E-01
-0.3607 0.4756E-03
0.1074 -0.3692E-01
23.00 0.3142E-01
-0.3569 0.4077E-02
0.1101 -0.4217E-01
24.00 0.3186E-01
-0.3521 0.7939E-02
0.1118 -0.4721E-01
25.00 0.3227E-01
-0.3467 0.1207E-01
0.1127 -0.5199E-01
26.00 0.3265E-01
-0.3408 0.1648E-01
0.1129 -0.5648E-01
27.00 0.3297E-01
-0.3347 0.2121E-01
0.1124 -0.6068E-01
28.00 0.3322E-01
-0.3284 0.2624E-01
0.1113 -0.6463E-01
29.00 0.3340E-01
-0.3223 0.3157E-01
0.1096 -0.6835E-01
30.00 0.3348E-01
-0.3165 0.3713E-01
0.1074 -0.7191E-01
31.00 0.3345E-01
-0.3112 0.4285E-01
0.1047 -0.7538E-01
32.00 0.3332E-01
-0.3067 0.4863E-01
0.1014 -0.7882E-01
33.00 0.3306E-01
-0.3032 0.5434E-01
0.9765E-01 -0.8231E-01
34.00 0.3268E-01
-0.3008 0.5983E-01
0.9339E-01 -0.8593E-01
35.00 0.3218E-01
-0.2997 0.6495E-01
0.8866E-01 -0.8974E-01
36.00 0.3155E-01
-0.3001 0.6956E-01
0.8347E-01 -0.9381E-01
37.00 0.3081E-01
-0.3021 0.7351E-01
0.7788E-01 -0.9819E-01
38.00 0.2996E-01
-0.3058 0.7668E-01
0.7193E-01 -0.1029
39.00 0.2900E-01
-0.3114 0.7896E-01
0.6568E-01 -0.1080
40.00 0.2796E-01
-0.3188 0.8027E-01
0.5920E-01 -0.1135
41.00 0.2685E-01
-0.3281 0.8055E-01
0.5255E-01 -0.1194
42.00 0.2569E-01
-0.3393 0.7977E-01
0.4583E-01 -0.1256
43.00 0.2449E-01
-0.3521 0.7795E-01
0.3911E-01 -0.1321
44.00 0.2327E-01
-0.3664 0.7510E-01
0.3249E-01 -0.1387
45.00 0.2206E-01
-0.3818 0.7131E-01
0.2606E-01 -0.1453
46.00 0.2087E-01
-0.3977 0.6666E-01
0.1993E-01 -0.1517
47.00 0.1971E-01
-0.4135 0.6128E-01
0.1418E-01 -0.1578
48.00 0.1861E-01
-0.4284 0.5533E-01
0.8934E-02 -0.1632
49.00 0.1758E-01
-0.4416 0.4898E-01
0.4276E-02 -0.1676
50.00 0.1662E-01
-0.4519 0.4241E-01
0.3030E-03 -0.1708
51.00 0.1575E-01
-0.4584 0.3583E-01
-0.2906E-02 -0.1724
52.00 0.1497E-01
-0.4601 0.2943E-01
-0.5291E-02 -0.1723
53.00 0.1428E-01
-0.4563 0.2338E-01
-0.6818E-02 -0.1704
54.00 0.1367E-01
-0.4467 0.1784E-01
-0.7487E-02 -0.1665
55.00 0.1314E-01
-0.4310 0.1292E-01
-0.7330E-02 -0.1608
56.00 0.1268E-01
-0.4097 0.8702E-02
-0.6411E-02 -0.1535
57.00 0.1229E-01
-0.3835 0.5219E-02
-0.4823E-02 -0.1449
58.00 0.1194E-01
-0.3533 0.2479E-02
-0.2676E-02 -0.1353
59.00 0.1162E-01
-0.3203 0.4718E-03
-0.8904E-04 -0.1252
60.00 0.1133E-01
-0.2858 -0.8253E-03
0.2820E-02 -0.1148
61.00 0.1105E-01
-0.2509 -0.1434E-02
0.5938E-02 -0.1046
62.00 0.1077E-01
-0.2168 -0.1369E-02
0.9166E-02 -0.9473E-01
63.00 0.1048E-01
-0.1842 -0.6349E-03
0.1241E-01 -0.8547E-01
64.00 0.1017E-01
-0.1540 0.7759E-03
0.1561E-01 -0.7694E-01
65.00 0.9836E-02
-0.1267 0.2879E-02
0.1868E-01 -0.6924E-01
66.00 0.9478E-02
-0.1027 0.5696E-02
0.2158E-01 -0.6241E-01
67.00 0.9095E-02
-0.8226E-01 0.9246E-02
0.2425E-01 -0.5646E-01
68.00 0.8689E-02
-0.6546E-01 0.1354E-01
0.2665E-01 -0.5139E-01
69.00 0.8265E-02
-0.5234E-01 0.1857E-01
0.2874E-01 -0.4719E-01
70.00 0.7827E-02
-0.4280E-01 0.2432E-01
0.3049E-01 -0.4384E-01
71.00 0.7382E-02
-0.3663E-01 0.3070E-01
0.3187E-01 -0.4134E-01
72.00 0.6940E-02
-0.3349E-01 0.3760E-01
0.3286E-01 -0.3968E-01
73.00 0.6506E-02
-0.3289E-01 0.4485E-01
0.3345E-01 -0.3888E-01
74.00 0.6090E-02
-0.3415E-01 0.5220E-01
0.3367E-01 -0.3896E-01
75.00 0.5698E-02
-0.3645E-01 0.5934E-01
0.3356E-01 -0.3994E-01
76.00 0.5338E-02
-0.3876E-01 0.6590E-01
0.3319E-01 -0.4184E-01
77.00 0.5014E-02
-0.3992E-01 0.7144E-01
0.3266E-01 -0.4467E-01
78.00 0.4730E-02
-0.3873E-01 0.7555E-01
0.3210E-01 -0.4838E-01
79.00 0.4490E-02
-0.3406E-01 0.7785E-01
0.3167E-01 -0.5292E-01
80.00 0.4294E-02
-0.2502E-01 0.7807E-01
0.3150E-01 -0.5813E-01
81.00 0.4144E-02
-0.1113E-01 0.7609E-01
0.3172E-01 -0.6381E-01
82.00 0.4038E-02
0.7543E-02 0.7201E-01
0.3239E-01 -0.6973E-01
83.00 0.3974E-02
0.3041E-01 0.6608E-01
0.3352E-01 -0.7561E-01
84.00 0.3949E-02
0.5637E-01 0.5872E-01
0.3503E-01 -0.8121E-01
85.00 0.3961E-02
0.8403E-01 0.5041E-01
0.3682E-01 -0.8630E-01
86.00 0.4005E-02
0.1119 0.4160E-01
0.3871E-01 -0.9074E-01
87.00 0.4078E-02
0.1386 0.3270E-01
0.4055E-01 -0.9444E-01
88.00 0.4175E-02
0.1629 0.2398E-01
0.4218E-01 -0.9739E-01
89.00 0.4291E-02
0.1840 0.1562E-01
0.4350E-01 -0.9963E-01
90.00 0.4423E-02
0.2013 0.7668E-02
0.4444E-01 -0.1012
91.00 0.4566E-02
0.2148 0.9935E-04
0.4497E-01 -0.1023
92.00 0.4715E-02
0.2244 -0.7156E-02
0.4512E-01 -0.1030
93.00 0.4866E-02
0.2303 -0.1419E-01
0.4492E-01 -0.1033
94.00 0.5014E-02
0.2329 -0.2108E-01
0.4447E-01 -0.1034
95.00 0.5155E-02
0.2327 -0.2791E-01
0.4385E-01 -0.1034
96.00 0.5284E-02
0.2299 -0.3470E-01
0.4315E-01 -0.1033
97.00 0.5397E-02
0.2252 -0.4147E-01
0.4247E-01 -0.1032
98.00 0.5488E-02
0.2189 -0.4819E-01
0.4191E-01 -0.1030
99.00 0.5553E-02
0.2113 -0.5481E-01
0.4152E-01 -0.1029
100.0 0.5589E-02
0.2029 -0.6125E-01
0.4139E-01 -0.1028
101.0 0.5591E-02
0.1940 -0.6744E-01
0.4156E-01 -0.1027
102.0 0.5557E-02
0.1847 -0.7327E-01
0.4205E-01 -0.1026
103.0 0.5484E-02
0.1753 -0.7866E-01
0.4289E-01 -0.1025
104.0 0.5371E-02
0.1660 -0.8352E-01
0.4407E-01 -0.1024
105.0 0.5219E-02
0.1569 -0.8777E-01
0.4559E-01 -0.1022
106.0 0.5028E-02
0.1483 -0.9134E-01
0.4741E-01 -0.1021
107.0 0.4802E-02
0.1402 -0.9418E-01
0.4950E-01 -0.1019
108.0 0.4544E-02
0.1328 -0.9624E-01
0.5180E-01 -0.1017
109.0 0.4258E-02
0.1263 -0.9753E-01
0.5423E-01 -0.1016
110.0 0.3951E-02
0.1208 -0.9804E-01
0.5669E-01 -0.1017
111.0 0.3630E-02
0.1166 -0.9780E-01
0.5905E-01 -0.1021
112.0 0.3302E-02
0.1140 -0.9688E-01
0.6114E-01 -0.1031
113.0 0.2974E-02
0.1133 -0.9538E-01
0.6273E-01 -0.1051
114.0 0.2655E-02
0.1150 -0.9344E-01
0.6351E-01 -0.1084
115.0 0.2351E-02
0.1195 -0.9125E-01
0.6309E-01 -0.1137
116.0 0.2069E-02
0.1273 -0.8905E-01
0.6098E-01 -0.1217
117.0 0.1816E-02
0.1389 -0.8712E-01
0.5658E-01 -0.1332
118.0 0.1595E-02
0.1544 -0.8577E-01
0.4930E-01 -0.1493
119.0 0.1410E-02
0.1736 -0.8524E-01
0.3866E-01 -0.1703
120.0 0.1264E-02
0.1953 -0.8559E-01
0.2460E-01 -0.1961
121.0 0.1156E-02
0.2175 -0.8662E-01
0.7759E-02 -0.2253
122.0 0.1087E-02
0.2374 -0.8779E-01
-0.1037E-01 -0.2549
123.0 0.1054E-02
0.2523 -0.8832E-01
-0.2766E-01 -0.2815
124.0 0.1054E-02
0.2607 -0.8752E-01
-0.4202E-01 -0.3016
125.0 0.1084E-02
0.2626 -0.8504E-01
-0.5210E-01 -0.3133
126.0 0.1138E-02
0.2595 -0.8097E-01
-0.5754E-01 -0.3166
127.0 0.1213E-02
0.2536 -0.7577E-01
-0.5886E-01 -0.3127
128.0 0.1302E-02
0.2469 -0.7003E-01
-0.5697E-01 -0.3034
129.0 0.1401E-02
0.2410 -0.6438E-01
-0.5285E-01 -0.2907
130.0 0.1505E-02
0.2368 -0.5935E-01
-0.4732E-01 -0.2761
131.0 0.1609E-02
0.2351 -0.5536E-01
-0.4100E-01 -0.2606
132.0 0.1710E-02
0.2359 -0.5275E-01
-0.3431E-01 -0.2452
133.0 0.1805E-02
0.2392 -0.5173E-01
-0.2753E-01 -0.2304
134.0 0.1891E-02
0.2448 -0.5244E-01
-0.2086E-01 -0.2165
135.0 0.1967E-02
0.2523 -0.5494E-01
-0.1441E-01 -0.2040
136.0 0.2032E-02
0.2614 -0.5920E-01
-0.8309E-02 -0.1929
137.0 0.2084E-02
0.2714 -0.6509E-01
-0.2642E-02 -0.1835
138.0 0.2125E-02
0.2818 -0.7241E-01
0.2478E-02 -0.1759
139.0 0.2155E-02
0.2920 -0.8083E-01
0.6926E-02 -0.1702
140.0 0.2174E-02
0.3011 -0.8999E-01
0.1055E-01 -0.1663
141.0 0.2183E-02
0.3085 -0.9943E-01
0.1319E-01 -0.1643
142.0 0.2184E-02
0.3133 -0.1086
0.1466E-01 -0.1640
143.0 0.2178E-02
0.3150 -0.1171
0.1475E-01 -0.1651
144.0 0.2166E-02
0.3129 -0.1243
0.1326E-01 -0.1674
145.0 0.2148E-02
0.3064 -0.1299
0.1002E-01 -0.1705
146.0 0.2127E-02
0.2952 -0.1336
0.4866E-02 -0.1738
147.0 0.2102E-02
0.2791 -0.1351
-0.2325E-02 -0.1769
148.0 0.2074E-02
0.2581 -0.1345
-0.1161E-01 -0.1792
149.0 0.2045E-02
0.2323 -0.1320
-0.2298E-01 -0.1801
150.0 0.2015E-02
0.2021 -0.1280
-0.3634E-01 -0.1791
151.0 0.1984E-02
0.1682 -0.1231
-0.5149E-01 -0.1757
152.0 0.1954E-02
0.1315 -0.1179
-0.6814E-01 -0.1695
153.0 0.1927E-02
0.9284E-01 -0.1134
-0.8587E-01 -0.1601
154.0 0.1901E-02
0.5357E-01 -0.1103
-0.1042 -0.1476
155.0 0.1880E-02
0.1501E-01 -0.1095
-0.1224 -0.1320
156.0 0.1865E-02
-0.2139E-01 -0.1116
-0.1398 -0.1135
157.0 0.1856E-02
-0.5419E-01 -0.1171
-0.1557 -0.9281E-01
158.0 0.1855E-02
-0.8203E-01 -0.1260
-0.1693 -0.7061E-01
159.0 0.1864E-02
-0.1038 -0.1382
-0.1798 -0.4785E-01
160.0 0.1883E-02
-0.1187 -0.1530
-0.1869 -0.2556E-01
161.0 0.1915E-02
-0.1265 -0.1694
-0.1901 -0.4782E-02
162.0 0.1960E-02
-0.1273 -0.1863
-0.1894 0.1355E-01
163.0 0.2018E-02
-0.1219 -0.2025
-0.1850 0.2874E-01
164.0 0.2090E-02
-0.1113 -0.2168
-0.1772 0.4033E-01
165.0 0.2176E-02
-0.9695E-01 -0.2283
-0.1669 0.4820E-01
166.0 0.2274E-02
-0.8032E-01 -0.2365
-0.1545 0.5251E-01
167.0 0.2384E-02
-0.6280E-01 -0.2411
-0.1409 0.5363E-01
168.0 0.2504E-02
-0.4561E-01 -0.2422
-0.1267 0.5209E-01
169.0 0.2631E-02
-0.2974E-01 -0.2402
-0.1125 0.4848E-01
170.0 0.2763E-02
-0.1588E-01 -0.2356
-0.9859E-01 0.4342E-01
171.0 0.2896E-02
-0.4457E-02 -0.2290
-0.8534E-01 0.3747E-01
172.0 0.3029E-02
0.4324E-02 -0.2211
-0.7290E-01 0.3111E-01
173.0 0.3156E-02
0.1045E-01 -0.2126
-0.6135E-01 0.2476E-01
174.0 0.3275E-02
0.1407E-01 -0.2040
-0.5069E-01 0.1875E-01
175.0 0.3382E-02
0.1540E-01 -0.1959
-0.4087E-01 0.1332E-01
176.0 0.3474E-02
0.1476E-01 -0.1886
-0.3177E-01 0.8673E-02
177.0 0.3549E-02
0.1251E-01 -0.1827
-0.2328E-01 0.4940E-02
178.0 0.3605E-02
0.9031E-02 -0.1782
-0.1526E-01 0.2214E-02
179.0 0.3639E-02
0.4723E-02 -0.1755
-0.7548E-02 0.5562E-03
180.0 0.3650E-02
0.000 -0.1745
0.000 0.000
