0.000 11.01
0.000 -0.4985E-01
0.000 0.000
1.000 11.49
0.3839E-01 -0.3710E-01
-0.4746E-01 -0.4211E-02
2.000 12.74
0.6281E-01 -0.6592E-02
-0.7936E-01 -0.1417E-01
3.000 14.34
0.7072E-01 0.2826E-01
-0.9301E-01 -0.2525E-01
4.000 15.70
0.6680E-01 0.5994E-01
-0.9393E-01 -0.3482E-01
5.000 16.30
0.5576E-01 0.8710E-01
-0.8767E-01 -0.4233E-01
6.000 15.82
0.4004E-01 0.1111
-0.7736E-01 -0.4813E-01
7.000 14.23
0.2008E-01 0.1339
-0.6401E-01 -0.5278E-01
8.000 11.76
-0.5236E-02 0.1578
-0.4707E-01 -0.5678E-01
9.000 8.867
-0.3869E-01 0.1853
-0.2454E-01 -0.6060E-01
10.00 6.025
-0.8550E-01 0.2193
0.7607E-02 -0.6466E-01
11.00 3.640
-0.1546 0.2629
0.5659E-01 -0.6905E-01
12.00 1.948
-0.2562 0.3122
0.1313 -0.7196E-01
13.00 0.9943
-0.3614 0.3207
0.2109 -0.6289E-01
14.00 0.6617
-0.2829 0.1673
0.1449 -0.2309E-01
15.00 0.7446
-0.3332E-01 -0.1742E-01
-0.6818E-01 0.1313E-01
16.00 1.021
0.9550E-01 -0.6221E-01
-0.1937 0.2129E-01
17.00 1.311
0.1261 -0.4572E-01
-0.2442 0.2093E-01
18.00 1.505
0.1193 -0.1525E-01
-0.2680 0.2015E-01
19.00 1.566
0.9716E-01 0.1872E-01
-0.2833 0.1977E-01
20.00 1.507
0.6642E-01 0.5554E-01
-0.2948 0.1885E-01
21.00 1.369
0.2934E-01 0.9656E-01
-0.3026 0.1596E-01
22.00 1.197
-0.1239E-01 0.1431
-0.3040 0.9620E-02
23.00 1.025
-0.5608E-01 0.1952
-0.2957 -0.1145E-02
24.00 0.8724
-0.9784E-01 0.2512
-0.2743 -0.1598E-01
25.00 0.7464
-0.1337 0.3078
-0.2385 -0.3266E-01
26.00 0.6451
-0.1615 0.3605
-0.1894 -0.4734E-01
27.00 0.5636
-0.1814 0.4044
-0.1299 -0.5560E-01
28.00 0.4975
-0.1961 0.4342
-0.6345E-01 -0.5353E-01
29.00 0.4440
-0.2086 0.4442
0.6411E-02 -0.3848E-01
30.00 0.4022
-0.2212 0.4282
0.7501E-01 -0.9705E-02
31.00 0.3716
-0.2339 0.3828
0.1362 0.3082E-01
32.00 0.3517
-0.2449 0.3102
0.1832 0.7814E-01
33.00 0.3412
-0.2511 0.2194
0.2112 0.1255
34.00 0.3376
-0.2501 0.1236
0.2192 0.1669
35.00 0.3380
-0.2415 0.3510E-01
0.2101 0.1989
36.00 0.3393
-0.2265 -0.3852E-01
0.1891 0.2209
37.00 0.3387
-0.2073 -0.9418E-01
0.1609 0.2343
38.00 0.3341
-0.1868 -0.1319
0.1295 0.2409
39.00 0.3243
-0.1679 -0.1531
0.9751E-01 0.2427
40.00 0.3093
-0.1532 -0.1594
0.6683E-01 0.2414
41.00 0.2897
-0.1453 -0.1521
0.3892E-01 0.2380
42.00 0.2669
-0.1465 -0.1323
0.1522E-01 0.2333
43.00 0.2429
-0.1585 -0.1009
-0.2653E-02 0.2280
44.00 0.2195
-0.1817 -0.5959E-01
-0.1287E-01 0.2224
45.00 0.1987
-0.2147 -0.1150E-01
-0.1373E-01 0.2165
46.00 0.1819
-0.2525 0.3811E-01
-0.4364E-02 0.2104
47.00 0.1699
-0.2876 0.8209E-01
0.1425E-01 0.2039
48.00 0.1630
-0.3110 0.1134
0.3885E-01 0.1968
49.00 0.1606
-0.3167 0.1278
0.6470E-01 0.1891
50.00 0.1618
-0.3032 0.1256
0.8741E-01 0.1807
51.00 0.1654
-0.2740 0.1107
0.1044 0.1717
52.00 0.1699
-0.2343 0.8803E-01
0.1149 0.1621
53.00 0.1738
-0.1894 0.6190E-01
0.1199 0.1521
54.00 0.1761
-0.1436 0.3526E-01
0.1204 0.1415
55.00 0.1760
-0.9944E-01 0.9765E-02
0.1178 0.1306
56.00 0.1729
-0.5867E-01 -0.1386E-01
0.1131 0.1194
57.00 0.1668
-0.2221E-01 -0.3544E-01
0.1072 0.1079
58.00 0.1580
0.9468E-02 -0.5505E-01
0.1009 0.9625E-01
59.00 0.1469
0.3617E-01 -0.7287E-01
0.9465E-01 0.8455E-01
60.00 0.1343
0.5784E-01 -0.8898E-01
0.8899E-01 0.7295E-01
61.00 0.1209
0.7442E-01 -0.1033
0.8441E-01 0.6173E-01
62.00 0.1076
0.8588E-01 -0.1154
0.8142E-01 0.5130E-01
63.00 0.9501E-01
0.9222E-01 -0.1246
0.8046E-01 0.4231E-01
64.00 0.8358E-01
0.9361E-01 -0.1301
0.8196E-01 0.3564E-01
65.00 0.7363E-01
0.9058E-01 -0.1306
0.8615E-01 0.3233E-01
66.00 0.6529E-01
0.8428E-01 -0.1253
0.9294E-01 0.3342E-01
67.00 0.5851E-01
0.7645E-01 -0.1138
0.1019 0.3962E-01
68.00 0.5317E-01
0.6920E-01 -0.9658E-01
0.1120 0.5108E-01
69.00 0.4905E-01
0.6451E-01 -0.7479E-01
0.1221 0.6722E-01
70.00 0.4593E-01
0.6354E-01 -0.5031E-01
0.1310 0.8677E-01
71.00 0.4357E-01
0.6638E-01 -0.2509E-01
0.1375 0.1081
72.00 0.4177E-01
0.7198E-01 -0.8111E-03
0.1412 0.1295
73.00 0.4036E-01
0.7856E-01 0.2136E-01
0.1419 0.1497
74.00 0.3919E-01
0.8399E-01 0.4083E-01
0.1399 0.1674
75.00 0.3820E-01
0.8623E-01 0.5741E-01
0.1357 0.1823
76.00 0.3732E-01
0.8357E-01 0.7119E-01
0.1300 0.1939
77.00 0.3657E-01
0.7477E-01 0.8237E-01
0.1236 0.2022
78.00 0.3595E-01
0.5920E-01 0.9116E-01
0.1171 0.2074
79.00 0.3550E-01
0.3703E-01 0.9772E-01
0.1110 0.2096
80.00 0.3524E-01
0.9262E-02 0.1022
0.1060 0.2094
81.00 0.3518E-01
-0.2233E-01 0.1048
0.1024 0.2071
82.00 0.3529E-01
-0.5543E-01 0.1059
0.1004 0.2036
83.00 0.3555E-01
-0.8767E-01 0.1056
0.1001 0.1993
84.00 0.3589E-01
-0.1170 0.1044
0.1014 0.1948
85.00 0.3625E-01
-0.1419 0.1026
0.1039 0.1905
86.00 0.3655E-01
-0.1619 0.1003
0.1074 0.1864
87.00 0.3673E-01
-0.1768 0.9769E-01
0.1114 0.1825
88.00 0.3673E-01
-0.1872 0.9478E-01
0.1156 0.1787
89.00 0.3646E-01
-0.1939 0.9151E-01
0.1197 0.1747
90.00 0.3590E-01
-0.1980 0.8785E-01
0.1236 0.1703
91.00 0.3501E-01
-0.2002 0.8374E-01
0.1273 0.1651
92.00 0.3378E-01
-0.2016 0.7917E-01
0.1306 0.1591
93.00 0.3225E-01
-0.2031 0.7418E-01
0.1336 0.1519
94.00 0.3046E-01
-0.2054 0.6881E-01
0.1364 0.1435
95.00 0.2849E-01
-0.2092 0.6315E-01
0.1390 0.1335
96.00 0.2642E-01
-0.2151 0.5737E-01
0.1414 0.1218
97.00 0.2434E-01
-0.2236 0.5172E-01
0.1435 0.1084
98.00 0.2232E-01
-0.2345 0.4662E-01
0.1454 0.9339E-01
99.00 0.2041E-01
-0.2473 0.4266E-01
0.1470 0.7742E-01
100.0 0.1866E-01
-0.2610 0.4056E-01
0.1483 0.6136E-01
101.0 0.1709E-01
-0.2741 0.4111E-01
0.1493 0.4640E-01
102.0 0.1570E-01
-0.2850 0.4493E-01
0.1500 0.3388E-01
103.0 0.1450E-01
-0.2926 0.5234E-01
0.1504 0.2492E-01
104.0 0.1348E-01
-0.2959 0.6314E-01
0.1503 0.2025E-01
105.0 0.1261E-01
-0.2946 0.7656E-01
0.1498 0.1994E-01
106.0 0.1188E-01
-0.2893 0.9148E-01
0.1488 0.2342E-01
107.0 0.1124E-01
-0.2805 0.1066
0.1474 0.2968E-01
108.0 0.1069E-01
-0.2693 0.1208
0.1459 0.3747E-01
109.0 0.1018E-01
-0.2563 0.1332
0.1444 0.4565E-01
110.0 0.9695E-02
-0.2423 0.1435
0.1432 0.5331E-01
111.0 0.9226E-02
-0.2278 0.1519
0.1427 0.5985E-01
112.0 0.8762E-02
-0.2130 0.1586
0.1431 0.6499E-01
113.0 0.8301E-02
-0.1984 0.1645
0.1447 0.6875E-01
114.0 0.7846E-02
-0.1843 0.1705
0.1479 0.7133E-01
115.0 0.7403E-02
-0.1710 0.1778
0.1530 0.7308E-01
116.0 0.6979E-02
-0.1583 0.1877
0.1601 0.7444E-01
117.0 0.6584E-02
-0.1460 0.2012
0.1693 0.7578E-01
118.0 0.6227E-02
-0.1336 0.2191
0.1800 0.7731E-01
119.0 0.5914E-02
-0.1205 0.2412
0.1915 0.7892E-01
120.0 0.5652E-02
-0.1061 0.2668
0.2028 0.8017E-01
121.0 0.5440E-02
-0.8995E-01 0.2937
0.2127 0.8028E-01
122.0 0.5273E-02
-0.7161E-01 0.3198
0.2202 0.7825E-01
123.0 0.5142E-02
-0.5078E-01 0.3427
0.2247 0.7314E-01
124.0 0.5031E-02
-0.2712E-01 0.3608
0.2260 0.6428E-01
125.0 0.4924E-02
-0.2829E-03 0.3735
0.2244 0.5138E-01
126.0 0.4806E-02
0.3001E-01 0.3808
0.2199 0.3467E-01
127.0 0.4663E-02
0.6388E-01 0.3836
0.2130 0.1478E-01
128.0 0.4488E-02
0.1012 0.3826
0.2035 -0.7254E-02
129.0 0.4279E-02
0.1412 0.3785
0.1913 -0.3006E-01
130.0 0.4042E-02
0.1827 0.3717
0.1760 -0.5192E-01
131.0 0.3788E-02
0.2239 0.3623
0.1572 -0.7081E-01
132.0 0.3528E-02
0.2621 0.3499
0.1345 -0.8450E-01
133.0 0.3276E-02
0.2943 0.3341
0.1082 -0.9074E-01
134.0 0.3044E-02
0.3176 0.3148
0.7905E-01 -0.8776E-01
135.0 0.2839E-02
0.3299 0.2919
0.4849E-01 -0.7482E-01
136.0 0.2664E-02
0.3305 0.2664
0.1877E-01 -0.5273E-01
137.0 0.2519E-02
0.3207 0.2394
-0.7710E-02 -0.2407E-01
138.0 0.2397E-02
0.3039 0.2125
-0.2886E-01 0.7269E-02
139.0 0.2293E-02
0.2844 0.1871
-0.4341E-01 0.3685E-01
140.0 0.2199E-02
0.2667 0.1639
-0.5106E-01 0.6055E-01
141.0 0.2111E-02
0.2549 0.1430
-0.5233E-01 0.7524E-01
142.0 0.2027E-02
0.2516 0.1235
-0.4823E-01 0.7904E-01
143.0 0.1946E-02
0.2582 0.1040
-0.3998E-01 0.7162E-01
144.0 0.1873E-02
0.2743 0.8244E-01
-0.2870E-01 0.5426E-01
145.0 0.1812E-02
0.2980 0.5723E-01
-0.1533E-01 0.3000E-01
146.0 0.1765E-02
0.3260 0.2754E-01
-0.5954E-03 0.3328E-02
147.0 0.1735E-02
0.3544 -0.5939E-02
0.1478E-01 -0.2053E-01
148.0 0.1720E-02
0.3791 -0.4083E-01
0.2990E-01 -0.3681E-01
149.0 0.1716E-02
0.3976 -0.7368E-01
0.4346E-01 -0.4228E-01
150.0 0.1717E-02
0.4084 -0.1008
0.5364E-01 -0.3575E-01
151.0 0.1716E-02
0.4112 -0.1193
0.5806E-01 -0.1786E-01
152.0 0.1707E-02
0.4060 -0.1271
0.5392E-01 0.9548E-02
153.0 0.1687E-02
0.3923 -0.1235
0.3808E-01 0.4395E-01
154.0 0.1655E-02
0.3688 -0.1090
0.7463E-02 0.8232E-01
155.0 0.1616E-02
0.3335 -0.8549E-01
-0.4033E-01 0.1209
156.0 0.1578E-02
0.2848 -0.5630E-01
-0.1057 0.1551
157.0 0.1553E-02
0.2232 -0.2682E-01
-0.1853 0.1789
158.0 0.1554E-02
0.1531 -0.3851E-02
-0.2702 0.1861
159.0 0.1595E-02
0.8420E-01 0.5924E-02
-0.3467 0.1720
160.0 0.1688E-02
0.2893E-01 -0.1349E-02
-0.4000 0.1365
161.0 0.1843E-02
-0.2207E-02 -0.2471E-01
-0.4203 0.8465E-01
162.0 0.2064E-02
-0.5386E-02 -0.5894E-01
-0.4073 0.2506E-01
163.0 0.2350E-02
0.1597E-01 -0.9727E-01
-0.3683 -0.3377E-01
164.0 0.2690E-02
0.5425E-01 -0.1340
-0.3136 -0.8601E-01
165.0 0.3067E-02
0.1013 -0.1658
-0.2522 -0.1290
166.0 0.3457E-02
0.1507 -0.1910
-0.1904 -0.1623
167.0 0.3827E-02
0.1982 -0.2093
-0.1314 -0.1868
168.0 0.4144E-02
0.2417 -0.2206
-0.7650E-01 -0.2036
169.0 0.4374E-02
0.2805 -0.2248
-0.2577E-01 -0.2140
170.0 0.4490E-02
0.3147 -0.2216
0.2139E-01 -0.2189
171.0 0.4472E-02
0.3448 -0.2098
0.6576E-01 -0.2187
172.0 0.4316E-02
0.3713 -0.1878
0.1080 -0.2137
173.0 0.4031E-02
0.3944 -0.1530
0.1483 -0.2037
174.0 0.3643E-02
0.4132 -0.1016
0.1859 -0.1880
175.0 0.3190E-02
0.4250 -0.2880E-01
0.2185 -0.1655
176.0 0.2721E-02
0.4228 0.7036E-01
0.2405 -0.1350
177.0 0.2287E-02
0.3940 0.1973
0.2415 -0.9634E-01
178.0 0.1937E-02
0.3196 0.3409
0.2063 -0.5289E-01
179.0 0.1709E-02
0.1842 0.4654
0.1226 -0.1539E-01
180.0 0.1630E-02
0.000 0.5166
0.000 0.000
