0.000 1.742
0.000 0.7071
0.000 0.000
1.000 1.741
-0.9661E-02 0.7066
0.1471E-01 -0.9924E-03
2.000 1.737
-0.1778E-01 0.7051
0.3194E-01 -0.3637E-02
3.000 1.733
-0.2339E-01 0.7018
0.5357E-01 -0.6787E-02
4.000 1.733
-0.2639E-01 0.6948
0.8021E-01 -0.8233E-02
5.000 1.743
-0.2739E-01 0.6815
0.1106 -0.4842E-02
6.000 1.770
-0.2725E-01 0.6601
0.1417 0.6474E-02
7.000 1.817
-0.2654E-01 0.6305
0.1696 0.2719E-01
8.000 1.883
-0.2520E-01 0.5960
0.1910 0.5604E-01
9.000 1.958
-0.2270E-01 0.5614
0.2051 0.8948E-01
10.00 2.030
-0.1844E-01 0.5305
0.2132 0.1232
11.00 2.085
-0.1216E-01 0.5043
0.2179 0.1535
12.00 2.110
-0.4195E-02 0.4812
0.2219 0.1783
13.00 2.103
0.4530E-02 0.4572
0.2269 0.1967
14.00 2.062
0.1261E-01 0.4274
0.2337 0.2091
15.00 1.992
0.1841E-01 0.3878
0.2415 0.2166
16.00 1.898
0.2047E-01 0.3364
0.2486 0.2211
17.00 1.784
0.1790E-01 0.2737
0.2524 0.2248
18.00 1.655
0.1062E-01 0.2026
0.2501 0.2299
19.00 1.516
-0.5730E-03 0.1276
0.2390 0.2382
20.00 1.371
-0.1408E-01 0.5369E-01
0.2168 0.2506
21.00 1.228
-0.2771E-01 -0.1423E-01
0.1819 0.2668
22.00 1.092
-0.3895E-01 -0.7181E-01
0.1337 0.2851
23.00 0.9679
-0.4538E-01 -0.1157
0.7288E-01 0.3022
24.00 0.8589
-0.4516E-01 -0.1436
0.1639E-02 0.3135
25.00 0.7660
-0.3758E-01 -0.1547
-0.7626E-01 0.3146
26.00 0.6890
-0.2340E-01 -0.1491
-0.1558 0.3024
27.00 0.6267
-0.4855E-02 -0.1278
-0.2314 0.2768
28.00 0.5775
0.1466E-01 -0.9230E-01
-0.2972 0.2404
29.00 0.5394
0.3132E-01 -0.4500E-01
-0.3486 0.1984
30.00 0.5100
0.4180E-01 0.1064E-01
-0.3829 0.1563
31.00 0.4867
0.4392E-01 0.7030E-01
-0.4002 0.1181
32.00 0.4670
0.3699E-01 0.1294
-0.4024 0.8570E-01
33.00 0.4487
0.2160E-01 0.1837
-0.3925 0.5878E-01
34.00 0.4305
-0.7819E-03 0.2296
-0.3737 0.3566E-01
35.00 0.4118
-0.2818E-01 0.2647
-0.3487 0.1423E-01
36.00 0.3923
-0.5835E-01 0.2872
-0.3194 -0.7417E-02
37.00 0.3724
-0.8902E-01 0.2963
-0.2872 -0.3071E-01
38.00 0.3526
-0.1180 0.2920
-0.2531 -0.5642E-01
39.00 0.3334
-0.1432 0.2748
-0.2181 -0.8455E-01
40.00 0.3153
-0.1631 0.2462
-0.1829 -0.1141
41.00 0.2988
-0.1764 0.2081
-0.1479 -0.1432
42.00 0.2844
-0.1828 0.1629
-0.1137 -0.1687
43.00 0.2725
-0.1824 0.1136
-0.8096E-01 -0.1872
44.00 0.2631
-0.1764 0.6380E-01
-0.5039E-01 -0.1955
45.00 0.2561
-0.1669 0.1674E-01
-0.2298E-01 -0.1923
46.00 0.2506
-0.1564 -0.2511E-01
0.2641E-03 -0.1781
47.00 0.2459
-0.1469 -0.6072E-01
0.1856E-01 -0.1553
48.00 0.2407
-0.1402 -0.9039E-01
0.3151E-01 -0.1270
49.00 0.2343
-0.1369 -0.1155
0.3907E-01 -0.9656E-01
50.00 0.2262
-0.1370 -0.1376
0.4151E-01 -0.6615E-01
51.00 0.2161
-0.1400 -0.1585
0.3926E-01 -0.3728E-01
52.00 0.2043
-0.1452 -0.1793
0.3283E-01 -0.1071E-01
53.00 0.1913
-0.1517 -0.2007
0.2273E-01 0.1329E-01
54.00 0.1775
-0.1588 -0.2227
0.9464E-02 0.3467E-01
55.00 0.1636
-0.1659 -0.2447
-0.6504E-02 0.5353E-01
56.00 0.1498
-0.1724 -0.2658
-0.2467E-01 0.7007E-01
57.00 0.1367
-0.1779 -0.2842
-0.4441E-01 0.8467E-01
58.00 0.1245
-0.1820 -0.2982
-0.6490E-01 0.9789E-01
59.00 0.1133
-0.1846 -0.3056
-0.8510E-01 0.1105
60.00 0.1033
-0.1857 -0.3050
-0.1038 0.1232
61.00 0.9440E-01
-0.1855 -0.2953
-0.1198 0.1367
62.00 0.8666E-01
-0.1845 -0.2769
-0.1324 0.1515
63.00 0.7988E-01
-0.1833 -0.2508
-0.1411 0.1675
64.00 0.7390E-01
-0.1824 -0.2189
-0.1459 0.1846
65.00 0.6858E-01
-0.1818 -0.1831
-0.1474 0.2027
66.00 0.6381E-01
-0.1814 -0.1449
-0.1457 0.2213
67.00 0.5952E-01
-0.1810 -0.1052
-0.1410 0.2405
68.00 0.5567E-01
-0.1800 -0.6458E-01
-0.1336 0.2600
69.00 0.5222E-01
-0.1784 -0.2350E-01
-0.1238 0.2794
70.00 0.4911E-01
-0.1762 0.1736E-01
-0.1120 0.2981
71.00 0.4630E-01
-0.1735 0.5704E-01
-0.9923E-01 0.3157
72.00 0.4372E-01
-0.1702 0.9444E-01
-0.8639E-01 0.3314
73.00 0.4133E-01
-0.1660 0.1286
-0.7428E-01 0.3449
74.00 0.3909E-01
-0.1607 0.1589
-0.6331E-01 0.3561
75.00 0.3698E-01
-0.1538 0.1852
-0.5353E-01 0.3653
76.00 0.3499E-01
-0.1453 0.2079
-0.4473E-01 0.3725
77.00 0.3309E-01
-0.1353 0.2276
-0.3668E-01 0.3783
78.00 0.3127E-01
-0.1241 0.2450
-0.2929E-01 0.3827
79.00 0.2950E-01
-0.1123 0.2606
-0.2272E-01 0.3859
80.00 0.2776E-01
-0.1001 0.2746
-0.1729E-01 0.3879
81.00 0.2605E-01
-0.8760E-01 0.2872
-0.1329E-01 0.3887
82.00 0.2437E-01
-0.7474E-01 0.2989
-0.1087E-01 0.3884
83.00 0.2273E-01
-0.6139E-01 0.3100
-0.9916E-02 0.3873
84.00 0.2114E-01
-0.4756E-01 0.3211
-0.1011E-01 0.3858
85.00 0.1960E-01
-0.3352E-01 0.3331
-0.1105E-01 0.3843
86.00 0.1813E-01
-0.1981E-01 0.3465
-0.1241E-01 0.3831
87.00 0.1670E-01
-0.7065E-02 0.3618
-0.1414E-01 0.3827
88.00 0.1530E-01
0.4093E-02 0.3792
-0.1649E-01 0.3829
89.00 0.1393E-01
0.1326E-01 0.3983
-0.1995E-01 0.3838
90.00 0.1260E-01
0.2027E-01 0.4184
-0.2517E-01 0.3852
91.00 0.1131E-01
0.2518E-01 0.4389
-0.3275E-01 0.3869
92.00 0.1009E-01
0.2814E-01 0.4586
-0.4318E-01 0.3890
93.00 0.8948E-02
0.2931E-01 0.4765
-0.5670E-01 0.3915
94.00 0.7918E-02
0.2878E-01 0.4915
-0.7328E-01 0.3944
95.00 0.7012E-02
0.2659E-01 0.5021
-0.9251E-01 0.3977
96.00 0.6240E-02
0.2283E-01 0.5066
-0.1136 0.4013
97.00 0.5602E-02
0.1785E-01 0.5033
-0.1352 0.4046
98.00 0.5092E-02
0.1231E-01 0.4914
-0.1557 0.4072
99.00 0.4697E-02
0.7182E-02 0.4710
-0.1732 0.4084
100.0 0.4399E-02
0.3505E-02 0.4432
-0.1858 0.4079
101.0 0.4178E-02
0.2045E-02 0.4100
-0.1923 0.4057
102.0 0.4011E-02
0.3047E-02 0.3735
-0.1917 0.4021
103.0 0.3876E-02
0.6171E-02 0.3355
-0.1843 0.3975
104.0 0.3749E-02
0.1065E-01 0.2970
-0.1708 0.3922
105.0 0.3612E-02
0.1553E-01 0.2576
-0.1523 0.3864
106.0 0.3451E-02
0.1998E-01 0.2160
-0.1302 0.3800
107.0 0.3262E-02
0.2334E-01 0.1695
-0.1053 0.3732
108.0 0.3049E-02
0.2521E-01 0.1156
-0.7847E-01 0.3661
109.0 0.2824E-02
0.2537E-01 0.5176E-01
-0.5006E-01 0.3593
110.0 0.2604E-02
0.2360E-01 -0.2240E-01
-0.2061E-01 0.3540
111.0 0.2407E-02
0.1955E-01 -0.1044
0.9014E-02 0.3512
112.0 0.2247E-02
0.1269E-01 -0.1879
0.3736E-01 0.3520
113.0 0.2132E-02
0.2394E-02 -0.2637
0.6240E-01 0.3563
114.0 0.2062E-02
-0.1179E-01 -0.3228
0.8217E-01 0.3627
115.0 0.2029E-02
-0.3003E-01 -0.3600
0.9562E-01 0.3685
116.0 0.2021E-02
-0.5217E-01 -0.3759
0.1030 0.3708
117.0 0.2023E-02
-0.7792E-01 -0.3754
0.1059 0.3675
118.0 0.2026E-02
-0.1069 -0.3649
0.1063 0.3572
119.0 0.2023E-02
-0.1386 -0.3502
0.1066 0.3397
120.0 0.2011E-02
-0.1724 -0.3356
0.1092 0.3154
121.0 0.1992E-02
-0.2072 -0.3232
0.1156 0.2855
122.0 0.1971E-02
-0.2416 -0.3132
0.1269 0.2519
123.0 0.1953E-02
-0.2735 -0.3035
0.1428 0.2171
124.0 0.1948E-02
-0.3003 -0.2908
0.1619 0.1845
125.0 0.1962E-02
-0.3194 -0.2716
0.1818 0.1578
126.0 0.2000E-02
-0.3291 -0.2433
0.1996 0.1399
127.0 0.2063E-02
-0.3297 -0.2061
0.2131 0.1318
128.0 0.2144E-02
-0.3233 -0.1625
0.2211 0.1325
129.0 0.2232E-02
-0.3132 -0.1167
0.2239 0.1394
130.0 0.2311E-02
-0.3025 -0.7310E-01
0.2225 0.1495
131.0 0.2365E-02
-0.2936 -0.3489E-01
0.2181 0.1600
132.0 0.2379E-02
-0.2879 -0.3749E-02
0.2120 0.1692
133.0 0.2347E-02
-0.2858 0.2014E-01
0.2052 0.1765
134.0 0.2266E-02
-0.2872 0.3769E-01
0.1984 0.1823
135.0 0.2147E-02
-0.2913 0.5049E-01
0.1920 0.1878
136.0 0.2006E-02
-0.2970 0.6048E-01
0.1860 0.1950
137.0 0.1862E-02
-0.3026 0.6964E-01
0.1804 0.2061
138.0 0.1733E-02
-0.3065 0.7947E-01
0.1746 0.2231
139.0 0.1636E-02
-0.3075 0.9021E-01
0.1681 0.2464
140.0 0.1579E-02
-0.3049 0.1002
0.1604 0.2740
141.0 0.1567E-02
-0.2994 0.1065
0.1515 0.3020
142.0 0.1597E-02
-0.2923 0.1059
0.1423 0.3257
143.0 0.1660E-02
-0.2855 0.9724E-01
0.1342 0.3419
144.0 0.1742E-02
-0.2806 0.8101E-01
0.1286 0.3495
145.0 0.1829E-02
-0.2781 0.5889E-01
0.1266 0.3490
146.0 0.1906E-02
-0.2781 0.3256E-01
0.1281 0.3420
147.0 0.1964E-02
-0.2796 0.3445E-02
0.1328 0.3299
148.0 0.1998E-02
-0.2813 -0.2691E-01
0.1396 0.3144
149.0 0.2010E-02
-0.2813 -0.5608E-01
0.1468 0.2970
150.0 0.2008E-02
-0.2774 -0.8020E-01
0.1520 0.2798
151.0 0.2004E-02
-0.2672 -0.9393E-01
0.1524 0.2650
152.0 0.2012E-02
-0.2490 -0.9138E-01
0.1450 0.2549
153.0 0.2046E-02
-0.2225 -0.6818E-01
0.1280 0.2513
154.0 0.2117E-02
-0.1895 -0.2370E-01
0.1016 0.2543
155.0 0.2229E-02
-0.1535 0.3802E-01
0.6848E-01 0.2622
156.0 0.2382E-02
-0.1186 0.1098
0.3266E-01 0.2721
157.0 0.2569E-02
-0.8798E-01 0.1839
-0.2048E-02 0.2812
158.0 0.2777E-02
-0.6342E-01 0.2545
-0.3303E-01 0.2873
159.0 0.2994E-02
-0.4508E-01 0.3181
-0.5911E-01 0.2896
160.0 0.3204E-02
-0.3222E-01 0.3735
-0.8025E-01 0.2877
161.0 0.3392E-02
-0.2365E-01 0.4209
-0.9708E-01 0.2821
162.0 0.3545E-02
-0.1805E-01 0.4614
-0.1105 0.2730
163.0 0.3653E-02
-0.1422E-01 0.4961
-0.1212 0.2609
164.0 0.3709E-02
-0.1117E-01 0.5258
-0.1300 0.2463
165.0 0.3713E-02
-0.8187E-02 0.5514
-0.1370 0.2294
166.0 0.3666E-02
-0.4793E-02 0.5735
-0.1423 0.2106
167.0 0.3574E-02
-0.7929E-03 0.5927
-0.1457 0.1901
168.0 0.3446E-02
0.3768E-02 0.6097
-0.1470 0.1684
169.0 0.3291E-02
0.8642E-02 0.6249
-0.1457 0.1458
170.0 0.3124E-02
0.1343E-01 0.6384
-0.1414 0.1229
171.0 0.2956E-02
0.1767E-01 0.6501
-0.1339 0.1006
172.0 0.2798E-02
0.2088E-01 0.6600
-0.1232 0.7955E-01
173.0 0.2656E-02
0.2271E-01 0.6681
-0.1096 0.6052E-01
174.0 0.2535E-02
0.2292E-01 0.6747
-0.9396E-01 0.4386E-01
175.0 0.2437E-02
0.2149E-01 0.6798
-0.7729E-01 0.2981E-01
176.0 0.2361E-02
0.1860E-01 0.6831
-0.6049E-01 0.1848E-01
177.0 0.2308E-02
0.1462E-01 0.6843
-0.4423E-01 0.9986E-02
178.0 0.2274E-02
0.9971E-02 0.6838
-0.2881E-01 0.4252E-02
179.0 0.2257E-02
0.5027E-02 0.6825
-0.1417E-01 0.1027E-02
180.0 0.2251E-02
0.000 0.6819
0.000 0.000
