0.10000E-01 1.0000
0.50000 1.0043
1.0000 1.0128
1.5000 1.0047
2.0000 0.97582
2.5000 0.92977
3.0000 0.87284
3.5000 0.81163
4.0000 0.75214
4.5000 0.69927
5.0000 0.65672
5.5000 0.62695
6.0000 0.61124
6.5000 0.60979
7.0000 0.62184
7.5000 0.64586
8.0000 0.67965
8.5000 0.72056
9.0000 0.76561
9.5000 0.81172
10.000 0.85580
10.500 0.89494
11.000 0.92652
11.500 0.94836
12.000 0.95874
12.500 0.95655
13.000 0.94126
13.500 0.91295
14.000 0.87232
14.500 0.82061
15.000 0.75956
15.500 0.69131
16.000 0.61833
16.500 0.54325
17.000 0.46882
17.500 0.39771
18.000 0.33245
18.500 0.27532
19.000 0.22824
19.500 0.19268
20.000 0.16966
20.500 0.15964
21.000 0.16259
21.500 0.17792
22.000 0.20458
22.500 0.24106
23.000 0.28550
23.500 0.33576
24.000 0.38947
24.500 0.44422
25.000 0.49755
25.500 0.54715
26.000 0.59089
26.500 0.62690
27.000 0.65367
27.500 0.67008
28.000 0.67546
28.500 0.66956
29.000 0.65261
29.500 0.62526
30.000 0.58856
30.500 0.54390
31.000 0.49298
31.500 0.43771
32.000 0.38015
32.500 0.32240
33.000 0.26658
33.500 0.21469
34.000 0.16857
34.500 0.12985
35.000 0.99856E-01
35.500 0.79609E-01
36.000 0.69772E-01
36.500 0.70641E-01
37.000 0.82149E-01
37.500 0.10387
38.000 0.13503
38.500 0.17459
39.000 0.22122
39.500 0.27339
40.000 0.32943
40.500 0.38757
41.000 0.44601
41.500 0.50297
42.000 0.55675
42.500 0.60579
43.000 0.64871
43.500 0.68432
44.000 0.71169
44.500 0.73016
45.000 0.73932
45.500 0.73906
46.000 0.72953
46.500 0.71113
47.000 0.68450
47.500 0.65048
48.000 0.61008
48.500 0.56446
49.000 0.51486
49.500 0.46261
50.000 0.40901
50.500 0.35539
51.000 0.30300
51.500 0.25300
52.000 0.20645
52.500 0.16427
53.000 0.12723
53.500 0.95910E-01
54.000 0.70746E-01
54.500 0.51982E-01
55.000 0.39693E-01
55.500 0.33791E-01
56.000 0.34036E-01
56.500 0.40050E-01
57.000 0.51337E-01
57.500 0.67304E-01
58.000 0.87280E-01
58.500 0.11054
59.000 0.13633
59.500 0.16387
60.000 0.19242
60.500 0.22124
61.000 0.24964
61.500 0.27700
62.000 0.30275
62.500 0.32642
63.000 0.34760
63.500 0.36598
64.000 0.38134
64.500 0.39353
65.000 0.40250
65.500 0.40825
66.000 0.41088
66.500 0.41052
67.000 0.40736
67.500 0.40164
68.000 0.39361
68.500 0.38356
69.000 0.37178
69.500 0.35856
70.000 0.34421
70.500 0.32900
71.000 0.31319
71.500 0.29704
72.000 0.28075
72.500 0.26453
73.000 0.24854
73.500 0.23293
74.000 0.21781
74.500 0.20326
75.000 0.18937
75.500 0.17617
76.000 0.16371
76.500 0.15201
77.000 0.14108
77.500 0.13093
78.000 0.12155
78.500 0.11295
79.000 0.10514
79.500 0.98108E-01
80.000 0.91870E-01
80.500 0.86434E-01
81.000 0.81815E-01
81.500 0.78031E-01
82.000 0.75104E-01
82.500 0.73055E-01
83.000 0.71910E-01
83.500 0.71691E-01
84.000 0.72418E-01
84.500 0.74109E-01
85.000 0.76774E-01
85.500 0.80420E-01
86.000 0.85044E-01
86.500 0.90636E-01
87.000 0.97176E-01
87.500 0.10464
88.000 0.11298
88.500 0.12216
89.000 0.13213
89.500 0.14282
90.000 0.15418
90.500 0.16613
91.000 0.17860
91.500 0.19152
92.000 0.20483
92.500 0.21846
93.000 0.23234
93.500 0.24642
94.000 0.26065
94.500 0.27498
95.000 0.28938
95.500 0.30381
96.000 0.31826
96.500 0.33269
97.000 0.34711
97.500 0.36151
98.000 0.37586
98.500 0.39017
99.000 0.40442
99.500 0.41859
100.00 0.43267
100.50 0.44663
101.00 0.46041
101.50 0.47398
102.00 0.48728
102.50 0.50021
103.00 0.51270
103.50 0.52464
104.00 0.53593
104.50 0.54644
105.00 0.55604
105.50 0.56460
106.00 0.57199
106.50 0.57807
107.00 0.58273
107.50 0.58584
108.00 0.58730
108.50 0.58705
109.00 0.58501
109.50 0.58117
110.00 0.57553
110.50 0.56813
111.00 0.55905
111.50 0.54840
112.00 0.53634
112.50 0.52306
113.00 0.50881
113.50 0.49385
114.00 0.47850
114.50 0.46310
115.00 0.44801
115.50 0.43360
116.00 0.42029
116.50 0.40846
117.00 0.39852
117.50 0.39084
118.00 0.38580
118.50 0.38371
119.00 0.38488
119.50 0.38954
120.00 0.39788
120.50 0.41004
121.00 0.42605
121.50 0.44592
122.00 0.46953
122.50 0.49671
123.00 0.52721
123.50 0.56068
124.00 0.59671
124.50 0.63482
125.00 0.67446
125.50 0.71502
126.00 0.75584
126.50 0.79624
127.00 0.83550
127.50 0.87289
128.00 0.90770
128.50 0.93922
129.00 0.96679
129.50 0.98980
130.00 1.0077
130.50 1.0200
131.00 1.0263
131.50 1.0264
132.00 1.0201
132.50 1.0072
133.00 0.98804
133.50 0.96265
134.00 0.93143
134.50 0.89482
135.00 0.85343
135.50 0.80795
136.00 0.75920
136.50 0.70809
137.00 0.65559
137.50 0.60276
138.00 0.55069
138.50 0.50048
139.00 0.45326
139.50 0.41011
140.00 0.37208
140.50 0.34015
141.00 0.31522
141.50 0.29807
142.00 0.28935
142.50 0.28958
143.00 0.29909
143.50 0.31806
144.00 0.34648
144.50 0.38415
145.00 0.43066
145.50 0.48544
146.00 0.54772
146.50 0.61655
147.00 0.69083
147.50 0.76929
148.00 0.85057
148.50 0.93319
149.00 1.0156
149.50 1.0961
150.00 1.1732
150.50 1.2453
151.00 1.3107
151.50 1.3681
152.00 1.4161
152.50 1.4534
153.00 1.4790
153.50 1.4921
154.00 1.4922
154.50 1.4788
155.00 1.4519
155.50 1.4117
156.00 1.3587
156.50 1.2937
157.00 1.2177
157.50 1.1323
158.00 1.0389
158.50 0.93944
159.00 0.83610
159.50 0.73117
160.00 0.62712
160.50 0.52657
161.00 0.43222
161.50 0.34679
162.00 0.27304
162.50 0.21366
163.00 0.17123
163.50 0.14821
164.00 0.14685
164.50 0.16918
165.00 0.21695
165.50 0.29157
166.00 0.39414
166.50 0.52535
167.00 0.68550
167.50 0.87448
168.00 1.0917
168.50 1.3363
169.00 1.6067
169.50 1.9011
170.00 2.2173
170.50 2.5527
171.00 2.9042
171.50 3.2685
172.00 3.6422
172.50 4.0214
173.00 4.4021
173.50 4.7801
174.00 5.1515
174.50 5.5119
175.00 5.8573
175.50 6.1837
176.00 6.4872
176.50 6.7643
177.00 7.0117
177.50 7.2263
178.00 7.4056
178.50 7.5473
179.00 7.6499
179.50 7.7119
179.99 7.7327
