0.0000 2.8011
0.50000 2.7896
1.0000 2.7556
1.5000 2.7011
2.0000 2.6293
2.5000 2.5442
3.0000 2.4505
3.5000 2.3529
4.0000 2.2563
4.5000 2.1649
5.0000 2.0822
5.5000 2.0109
6.0000 1.9522
6.5000 1.9064
7.0000 1.8726
7.5000 1.8488
8.0000 1.8323
8.5000 1.8199
9.0000 1.8083
9.5000 1.7939
10.000 1.7741
10.500 1.7462
11.000 1.7090
11.500 1.6615
12.000 1.6042
12.500 1.5379
13.000 1.4644
13.500 1.3861
14.000 1.3053
14.500 1.2248
15.000 1.1469
15.500 1.0738
16.000 1.0070
16.500 0.94746
17.000 0.89553
17.500 0.85092
18.000 0.81281
18.500 0.77997
19.000 0.75090
19.500 0.72401
20.000 0.69779
20.500 0.67095
21.000 0.64252
21.500 0.61196
22.000 0.57914
22.500 0.54438
23.000 0.50837
23.500 0.47206
24.000 0.43660
24.500 0.40314
25.000 0.37279
25.500 0.34644
26.000 0.32473
26.500 0.30795
27.000 0.29605
27.500 0.28864
28.000 0.28502
28.500 0.28430
29.000 0.28544
29.500 0.28737
30.000 0.28907
30.500 0.28970
31.000 0.28861
31.500 0.28544
32.000 0.28008
32.500 0.27272
33.000 0.26377
33.500 0.25381
34.000 0.24356
34.500 0.23373
35.000 0.22500
35.500 0.21792
36.000 0.21289
36.500 0.21007
37.000 0.20941
37.500 0.21065
38.000 0.21333
38.500 0.21686
39.000 0.22057
39.500 0.22378
40.000 0.22583
40.500 0.22621
41.000 0.22454
41.500 0.22062
42.000 0.21446
42.500 0.20627
43.000 0.19642
43.500 0.18540
44.000 0.17381
44.500 0.16226
45.000 0.15134
45.500 0.14157
46.000 0.13332
46.500 0.12686
47.000 0.12225
47.500 0.11942
48.000 0.11813
48.500 0.11804
49.000 0.11871
49.500 0.11968
50.000 0.12047
50.500 0.12069
51.000 0.12000
51.500 0.11817
52.000 0.11513
52.500 0.11091
53.000 0.10567
53.500 0.99679E-01
54.000 0.93272E-01
54.500 0.86825E-01
55.000 0.80720E-01
55.500 0.75307E-01
56.000 0.70874E-01
56.500 0.67623E-01
57.000 0.65654E-01
57.500 0.64960E-01
58.000 0.65430E-01
58.500 0.66865E-01
59.000 0.68991E-01
59.500 0.71493E-01
60.000 0.74039E-01
60.500 0.76310E-01
61.000 0.78027E-01
61.500 0.78971E-01
62.000 0.79003E-01
62.500 0.78070E-01
63.000 0.76202E-01
63.500 0.73513E-01
64.000 0.70182E-01
64.500 0.66433E-01
65.000 0.62521E-01
65.500 0.58698E-01
66.000 0.55201E-01
66.500 0.52224E-01
67.000 0.49910E-01
67.500 0.48334E-01
68.000 0.47506E-01
68.500 0.47370E-01
69.000 0.47809E-01
69.500 0.48666E-01
70.000 0.49749E-01
70.500 0.50859E-01
71.000 0.51801E-01
71.500 0.52404E-01
72.000 0.52532E-01
72.500 0.52098E-01
73.000 0.51065E-01
73.500 0.49449E-01
74.000 0.47316E-01
74.500 0.44773E-01
75.000 0.41957E-01
75.500 0.39024E-01
76.000 0.36130E-01
76.500 0.33427E-01
77.000 0.31041E-01
77.500 0.29069E-01
78.000 0.27573E-01
78.500 0.26571E-01
79.000 0.26045E-01
79.500 0.25940E-01
80.000 0.26172E-01
80.500 0.26637E-01
81.000 0.27218E-01
81.500 0.27800E-01
82.000 0.28274E-01
82.500 0.28549E-01
83.000 0.28557E-01
83.500 0.28256E-01
84.000 0.27634E-01
84.500 0.26707E-01
85.000 0.25514E-01
85.500 0.24117E-01
86.000 0.22593E-01
86.500 0.21023E-01
87.000 0.19492E-01
87.500 0.18076E-01
88.000 0.16842E-01
88.500 0.15840E-01
89.000 0.15100E-01
89.500 0.14631E-01
90.000 0.14423E-01
90.500 0.14449E-01
91.000 0.14663E-01
91.500 0.15013E-01
92.000 0.15436E-01
92.500 0.15871E-01
93.000 0.16258E-01
93.500 0.16545E-01
94.000 0.16691E-01
94.500 0.16668E-01
95.000 0.16463E-01
95.500 0.16078E-01
96.000 0.15528E-01
96.500 0.14841E-01
97.000 0.14053E-01
97.500 0.13209E-01
98.000 0.12355E-01
98.500 0.11537E-01
99.000 0.10799E-01
99.500 0.10177E-01
100.00 0.96982E-02
100.50 0.93813E-02
101.00 0.92325E-02
101.50 0.92473E-02
102.00 0.94104E-02
102.50 0.96972E-02
103.00 0.10076E-01
103.50 0.10509E-01
104.00 0.10958E-01
104.50 0.11382E-01
105.00 0.11744E-01
105.50 0.12013E-01
106.00 0.12163E-01
106.50 0.12180E-01
107.00 0.12056E-01
107.50 0.11797E-01
108.00 0.11415E-01
108.50 0.10935E-01
109.00 0.10385E-01
109.50 0.98035E-02
110.00 0.92272E-02
110.50 0.86952E-02
111.00 0.82436E-02
111.50 0.79032E-02
112.00 0.76970E-02
112.50 0.76389E-02
113.00 0.77321E-02
113.50 0.79691E-02
114.00 0.83315E-02
114.50 0.87919E-02
115.00 0.93151E-02
115.50 0.98610E-02
116.00 0.10387E-01
116.50 0.10853E-01
117.00 0.11222E-01
117.50 0.11463E-01
118.00 0.11556E-01
118.50 0.11492E-01
119.00 0.11272E-01
119.50 0.10911E-01
120.00 0.10434E-01
120.50 0.98754E-02
121.00 0.92751E-02
121.50 0.86772E-02
122.00 0.81258E-02
122.50 0.76612E-02
123.00 0.73174E-02
123.50 0.71190E-02
124.00 0.70791E-02
124.50 0.71985E-02
125.00 0.74658E-02
125.50 0.78575E-02
126.00 0.83407E-02
126.50 0.88752E-02
127.00 0.94170E-02
127.50 0.99219E-02
128.00 0.10349E-01
128.50 0.10663E-01
129.00 0.10841E-01
129.50 0.10867E-01
130.00 0.10743E-01
130.50 0.10480E-01
131.00 0.10103E-01
131.50 0.96443E-02
132.00 0.91461E-02
132.50 0.86527E-02
133.00 0.82088E-02
133.50 0.78553E-02
134.00 0.76262E-02
134.50 0.75453E-02
135.00 0.76245E-02
135.50 0.78627E-02
136.00 0.82460E-02
136.50 0.87487E-02
137.00 0.93354E-02
137.50 0.99641E-02
138.00 0.10590E-01
138.50 0.11168E-01
139.00 0.11658E-01
139.50 0.12028E-01
140.00 0.12256E-01
140.50 0.12333E-01
141.00 0.12262E-01
141.50 0.12061E-01
142.00 0.11757E-01
142.50 0.11388E-01
143.00 0.10998E-01
143.50 0.10633E-01
144.00 0.10337E-01
144.50 0.10149E-01
145.00 0.10100E-01
145.50 0.10209E-01
146.00 0.10481E-01
146.50 0.10908E-01
147.00 0.11469E-01
147.50 0.12132E-01
148.00 0.12854E-01
148.50 0.13588E-01
149.00 0.14286E-01
149.50 0.14901E-01
150.00 0.15396E-01
150.50 0.15740E-01
151.00 0.15919E-01
151.50 0.15932E-01
152.00 0.15792E-01
152.50 0.15529E-01
153.00 0.15183E-01
153.50 0.14804E-01
154.00 0.14449E-01
154.50 0.14174E-01
155.00 0.14031E-01
155.50 0.14066E-01
156.00 0.14311E-01
156.50 0.14783E-01
157.00 0.15482E-01
157.50 0.16393E-01
158.00 0.17480E-01
158.50 0.18695E-01
159.00 0.19979E-01
159.50 0.21267E-01
160.00 0.22490E-01
160.50 0.23585E-01
161.00 0.24499E-01
161.50 0.25192E-01
162.00 0.25643E-01
162.50 0.25853E-01
163.00 0.25843E-01
163.50 0.25660E-01
164.00 0.25368E-01
164.50 0.25049E-01
165.00 0.24798E-01
165.50 0.24712E-01
166.00 0.24889E-01
166.50 0.25417E-01
167.00 0.26369E-01
167.50 0.27794E-01
168.00 0.29715E-01
168.50 0.32124E-01
169.00 0.34979E-01
169.50 0.38208E-01
170.00 0.41710E-01
170.50 0.45357E-01
171.00 0.49010E-01
171.50 0.52516E-01
172.00 0.55726E-01
172.50 0.58501E-01
173.00 0.60724E-01
173.50 0.62304E-01
174.00 0.63188E-01
174.50 0.63361E-01
175.00 0.62851E-01
175.50 0.61727E-01
176.00 0.60095E-01
176.50 0.58090E-01
177.00 0.55872E-01
177.50 0.53610E-01
178.00 0.51475E-01
178.50 0.49625E-01
179.00 0.48198E-01
179.50 0.47297E-01
180.00 0.46989E-01
