0.10000E-01 1.0000
0.50000 0.99785
1.0000 0.98727
1.5000 0.96880
2.0000 0.94405
2.5000 0.91464
3.0000 0.88214
3.5000 0.84803
4.0000 0.81373
4.5000 0.78060
5.0000 0.74992
5.5000 0.72290
6.0000 0.70070
6.5000 0.68437
7.0000 0.67491
7.5000 0.67318
8.0000 0.67997
8.5000 0.69594
9.0000 0.72164
9.5000 0.75749
10.000 0.80375
10.500 0.86058
11.000 0.92797
11.500 1.0058
12.000 1.0937
12.500 1.1913
13.000 1.2981
13.500 1.4132
14.000 1.5359
14.500 1.6652
15.000 1.8000
15.500 1.9392
16.000 2.0815
16.500 2.2256
17.000 2.3701
17.500 2.5136
18.000 2.6547
18.500 2.7919
19.000 2.9238
19.500 3.0490
20.000 3.1662
20.500 3.2741
21.000 3.3714
21.500 3.4571
22.000 3.5302
22.500 3.5898
23.000 3.6351
23.500 3.6656
24.000 3.6807
24.500 3.6802
25.000 3.6640
25.500 3.6320
26.000 3.5844
26.500 3.5216
27.000 3.4440
27.500 3.3524
28.000 3.2474
28.500 3.1300
29.000 3.0013
29.500 2.8624
30.000 2.7145
30.500 2.5590
31.000 2.3974
31.500 2.2310
32.000 2.0614
32.500 1.8902
33.000 1.7188
33.500 1.5489
34.000 1.3819
34.500 1.2194
35.000 1.0626
35.500 0.91311
36.000 0.77206
36.500 0.64069
37.000 0.52007
37.500 0.41118
38.000 0.31487
38.500 0.23186
39.000 0.16276
39.500 0.10800
40.000 0.67916E-01
40.500 0.42678E-01
41.000 0.32324E-01
41.500 0.36752E-01
42.000 0.55726E-01
42.500 0.88882E-01
43.000 0.13573
43.500 0.19566
44.000 0.26795
44.500 0.35179
45.000 0.44628
45.500 0.55041
46.000 0.66313
46.500 0.78333
47.000 0.90984
47.500 1.0415
48.000 1.1770
48.500 1.3152
49.000 1.4548
49.500 1.5946
50.000 1.7334
50.500 1.8701
51.000 2.0036
51.500 2.1327
52.000 2.2566
52.500 2.3741
53.000 2.4846
53.500 2.5872
54.000 2.6813
54.500 2.7663
55.000 2.8416
55.500 2.9068
56.000 2.9618
56.500 3.0063
57.000 3.0401
57.500 3.0633
58.000 3.0760
58.500 3.0783
59.000 3.0706
59.500 3.0531
60.000 3.0264
60.500 2.9908
61.000 2.9471
61.500 2.8958
62.000 2.8375
62.500 2.7731
63.000 2.7032
63.500 2.6287
64.000 2.5503
64.500 2.4689
65.000 2.3853
65.500 2.3003
66.000 2.2148
66.500 2.1295
67.000 2.0452
67.500 1.9626
68.000 1.8825
68.500 1.8054
69.000 1.7321
69.500 1.6631
70.000 1.5989
70.500 1.5399
71.000 1.4866
71.500 1.4393
72.000 1.3982
72.500 1.3635
73.000 1.3354
73.500 1.3139
74.000 1.2990
74.500 1.2907
75.000 1.2889
75.500 1.2933
76.000 1.3037
76.500 1.3199
77.000 1.3414
77.500 1.3679
78.000 1.3989
78.500 1.4340
79.000 1.4727
79.500 1.5144
80.000 1.5585
80.500 1.6046
81.000 1.6519
81.500 1.7000
82.000 1.7482
82.500 1.7958
83.000 1.8424
83.500 1.8873
84.000 1.9300
84.500 1.9700
85.000 2.0066
85.500 2.0395
86.000 2.0682
86.500 2.0923
87.000 2.1114
87.500 2.1252
88.000 2.1334
88.500 2.1357
89.000 2.1321
89.500 2.1222
90.000 2.1062
90.500 2.0839
91.000 2.0555
91.500 2.0208
92.000 1.9802
92.500 1.9338
93.000 1.8818
93.500 1.8246
94.000 1.7624
94.500 1.6957
95.000 1.6249
95.500 1.5505
96.000 1.4730
96.500 1.3929
97.000 1.3109
97.500 1.2275
98.000 1.1435
98.500 1.0594
99.000 0.97605
99.500 0.89405
100.00 0.81416
100.50 0.73711
101.00 0.66362
101.50 0.59444
102.00 0.53030
102.50 0.47193
103.00 0.42003
103.50 0.37530
104.00 0.33843
104.50 0.31007
105.00 0.29086
105.50 0.28140
106.00 0.28225
106.50 0.29395
107.00 0.31699
107.50 0.35183
108.00 0.39887
108.50 0.45847
109.00 0.53094
109.50 0.61655
110.00 0.71549
110.50 0.82791
111.00 0.95391
111.50 1.0935
112.00 1.2467
112.50 1.4134
113.00 1.5935
113.50 1.7867
114.00 1.9927
114.50 2.2113
115.00 2.4421
115.50 2.6846
116.00 2.9383
116.50 3.2026
117.00 3.4770
117.50 3.7606
118.00 4.0529
118.50 4.3530
119.00 4.6602
119.50 4.9735
120.00 5.2920
120.50 5.6147
121.00 5.9408
121.50 6.2691
122.00 6.5987
122.50 6.9284
123.00 7.2572
123.50 7.5839
124.00 7.9075
124.50 8.2268
125.00 8.5407
125.50 8.8480
126.00 9.1477
126.50 9.4387
127.00 9.7198
127.50 9.9899
128.00 10.248
128.50 10.493
129.00 10.725
129.50 10.941
130.00 11.142
130.50 11.326
131.00 11.493
131.50 11.642
132.00 11.772
132.50 11.882
133.00 11.973
133.50 12.044
134.00 12.094
134.50 12.123
135.00 12.130
135.50 12.117
136.00 12.082
136.50 12.026
137.00 11.949
137.50 11.851
138.00 11.732
138.50 11.593
139.00 11.434
139.50 11.256
140.00 11.060
140.50 10.845
141.00 10.614
141.50 10.367
142.00 10.104
142.50 9.8274
143.00 9.5377
143.50 9.2362
144.00 8.9240
144.50 8.6023
145.00 8.2726
145.50 7.9362
146.00 7.5944
146.50 7.2486
147.00 6.9003
147.50 6.5509
148.00 6.2019
148.50 5.8547
149.00 5.5107
149.50 5.1715
150.00 4.8383
150.50 4.5127
151.00 4.1958
151.50 3.8892
152.00 3.5939
152.50 3.3113
153.00 3.0425
153.50 2.7885
154.00 2.5505
154.50 2.3292
155.00 2.1257
155.50 1.9406
156.00 1.7746
156.50 1.6284
157.00 1.5024
157.50 1.3971
158.00 1.3126
158.50 1.2492
159.00 1.2070
159.50 1.1860
160.00 1.1859
160.50 1.2067
161.00 1.2478
161.50 1.3090
162.00 1.3896
162.50 1.4890
163.00 1.6065
163.50 1.7412
164.00 1.8922
164.50 2.0585
165.00 2.2391
165.50 2.4327
166.00 2.6383
166.50 2.8544
167.00 3.0798
167.50 3.3132
168.00 3.5530
168.50 3.7979
169.00 4.0464
169.50 4.2970
170.00 4.5482
170.50 4.7987
171.00 5.0467
171.50 5.2911
172.00 5.5302
172.50 5.7627
173.00 5.9873
173.50 6.2026
174.00 6.4074
174.50 6.6005
175.00 6.7808
175.50 6.9472
176.00 7.0988
176.50 7.2347
177.00 7.3541
177.50 7.4564
178.00 7.5408
178.50 7.6070
179.00 7.6546
179.50 7.6832
179.99 7.6928
