0.0000 0.87550E-01
0.50000 0.87555E-01
1.0000 0.87572E-01
1.5000 0.87600E-01
2.0000 0.87639E-01
2.5000 0.87690E-01
3.0000 0.87752E-01
3.5000 0.87827E-01
4.0000 0.87912E-01
4.5000 0.88010E-01
5.0000 0.88121E-01
5.5000 0.88243E-01
6.0000 0.88379E-01
6.5000 0.88527E-01
7.0000 0.88689E-01
7.5000 0.88865E-01
8.0000 0.89054E-01
8.5000 0.89257E-01
9.0000 0.89475E-01
9.5000 0.89708E-01
10.000 0.89956E-01
10.500 0.90218E-01
11.000 0.90497E-01
11.500 0.90791E-01
12.000 0.91101E-01
12.500 0.91427E-01
13.000 0.91770E-01
13.500 0.92128E-01
14.000 0.92504E-01
14.500 0.92895E-01
15.000 0.93304E-01
15.500 0.93728E-01
16.000 0.94169E-01
16.500 0.94627E-01
17.000 0.95100E-01
17.500 0.95589E-01
18.000 0.96094E-01
18.500 0.96614E-01
19.000 0.97148E-01
19.500 0.97697E-01
20.000 0.98260E-01
20.500 0.98835E-01
21.000 0.99424E-01
21.500 0.10002
22.000 0.10064
22.500 0.10126
23.000 0.10189
23.500 0.10253
24.000 0.10317
24.500 0.10383
25.000 0.10449
25.500 0.10515
26.000 0.10581
26.500 0.10648
27.000 0.10715
27.500 0.10782
28.000 0.10848
28.500 0.10915
29.000 0.10980
29.500 0.11046
30.000 0.11110
30.500 0.11173
31.000 0.11236
31.500 0.11297
32.000 0.11357
32.500 0.11416
33.000 0.11472
33.500 0.11528
34.000 0.11581
34.500 0.11632
35.000 0.11681
35.500 0.11727
36.000 0.11772
36.500 0.11813
37.000 0.11852
37.500 0.11888
38.000 0.11921
38.500 0.11951
39.000 0.11978
39.500 0.12002
40.000 0.12022
40.500 0.12039
41.000 0.12052
41.500 0.12062
42.000 0.12068
42.500 0.12070
43.000 0.12068
43.500 0.12063
44.000 0.12054
44.500 0.12040
45.000 0.12023
45.500 0.12002
46.000 0.11977
46.500 0.11947
47.000 0.11914
47.500 0.11877
48.000 0.11835
48.500 0.11790
49.000 0.11741
49.500 0.11688
50.000 0.11630
50.500 0.11570
51.000 0.11505
51.500 0.11436
52.000 0.11364
52.500 0.11289
53.000 0.11210
53.500 0.11127
54.000 0.11041
54.500 0.10952
55.000 0.10860
55.500 0.10764
56.000 0.10666
56.500 0.10565
57.000 0.10461
57.500 0.10355
58.000 0.10246
58.500 0.10135
59.000 0.10021
59.500 0.99057E-01
60.000 0.97882E-01
60.500 0.96689E-01
61.000 0.95479E-01
61.500 0.94253E-01
62.000 0.93013E-01
62.500 0.91761E-01
63.000 0.90497E-01
63.500 0.89223E-01
64.000 0.87941E-01
64.500 0.86651E-01
65.000 0.85356E-01
65.500 0.84056E-01
66.000 0.82753E-01
66.500 0.81448E-01
67.000 0.80144E-01
67.500 0.78840E-01
68.000 0.77538E-01
68.500 0.76241E-01
69.000 0.74948E-01
69.500 0.73661E-01
70.000 0.72382E-01
70.500 0.71112E-01
71.000 0.69852E-01
71.500 0.68602E-01
72.000 0.67365E-01
72.500 0.66141E-01
73.000 0.64932E-01
73.500 0.63738E-01
74.000 0.62561E-01
74.500 0.61401E-01
75.000 0.60259E-01
75.500 0.59137E-01
76.000 0.58035E-01
76.500 0.56954E-01
77.000 0.55895E-01
77.500 0.54859E-01
78.000 0.53846E-01
78.500 0.52857E-01
79.000 0.51893E-01
79.500 0.50954E-01
80.000 0.50041E-01
80.500 0.49155E-01
81.000 0.48295E-01
81.500 0.47463E-01
82.000 0.46659E-01
82.500 0.45884E-01
83.000 0.45137E-01
83.500 0.44419E-01
84.000 0.43730E-01
84.500 0.43070E-01
85.000 0.42440E-01
85.500 0.41841E-01
86.000 0.41271E-01
86.500 0.40731E-01
87.000 0.40221E-01
87.500 0.39741E-01
88.000 0.39292E-01
88.500 0.38873E-01
89.000 0.38483E-01
89.500 0.38124E-01
90.000 0.37795E-01
90.500 0.37495E-01
91.000 0.37224E-01
91.500 0.36983E-01
92.000 0.36770E-01
92.500 0.36586E-01
93.000 0.36431E-01
93.500 0.36304E-01
94.000 0.36204E-01
94.500 0.36131E-01
95.000 0.36085E-01
95.500 0.36066E-01
96.000 0.36072E-01
96.500 0.36104E-01
97.000 0.36161E-01
97.500 0.36242E-01
98.000 0.36347E-01
98.500 0.36476E-01
99.000 0.36627E-01
99.500 0.36800E-01
100.00 0.36995E-01
100.50 0.37211E-01
101.00 0.37447E-01
101.50 0.37703E-01
102.00 0.37977E-01
102.50 0.38270E-01
103.00 0.38581E-01
103.50 0.38909E-01
104.00 0.39254E-01
104.50 0.39614E-01
105.00 0.39989E-01
105.50 0.40378E-01
106.00 0.40781E-01
106.50 0.41197E-01
107.00 0.41625E-01
107.50 0.42065E-01
108.00 0.42516E-01
108.50 0.42977E-01
109.00 0.43448E-01
109.50 0.43928E-01
110.00 0.44416E-01
110.50 0.44912E-01
111.00 0.45415E-01
111.50 0.45925E-01
112.00 0.46441E-01
112.50 0.46962E-01
113.00 0.47487E-01
113.50 0.48017E-01
114.00 0.48551E-01
114.50 0.49088E-01
115.00 0.49628E-01
115.50 0.50171E-01
116.00 0.50715E-01
116.50 0.51260E-01
117.00 0.51807E-01
117.50 0.52355E-01
118.00 0.52903E-01
118.50 0.53451E-01
119.00 0.53999E-01
119.50 0.54547E-01
120.00 0.55094E-01
120.50 0.55640E-01
121.00 0.56185E-01
121.50 0.56729E-01
122.00 0.57272E-01
122.50 0.57814E-01
123.00 0.58354E-01
123.50 0.58893E-01
124.00 0.59431E-01
124.50 0.59967E-01
125.00 0.60502E-01
125.50 0.61036E-01
126.00 0.61569E-01
126.50 0.62101E-01
127.00 0.62633E-01
127.50 0.63164E-01
128.00 0.63695E-01
128.50 0.64226E-01
129.00 0.64757E-01
129.50 0.65289E-01
130.00 0.65822E-01
130.50 0.66356E-01
131.00 0.66892E-01
131.50 0.67430E-01
132.00 0.67970E-01
132.50 0.68513E-01
133.00 0.69060E-01
133.50 0.69611E-01
134.00 0.70165E-01
134.50 0.70725E-01
135.00 0.71289E-01
135.50 0.71859E-01
136.00 0.72435E-01
136.50 0.73018E-01
137.00 0.73608E-01
137.50 0.74205E-01
138.00 0.74810E-01
138.50 0.75424E-01
139.00 0.76046E-01
139.50 0.76678E-01
140.00 0.77319E-01
140.50 0.77970E-01
141.00 0.78632E-01
141.50 0.79305E-01
142.00 0.79989E-01
142.50 0.80684E-01
143.00 0.81391E-01
143.50 0.82110E-01
144.00 0.82842E-01
144.50 0.83586E-01
145.00 0.84342E-01
145.50 0.85111E-01
146.00 0.85893E-01
146.50 0.86688E-01
147.00 0.87496E-01
147.50 0.88316E-01
148.00 0.89150E-01
148.50 0.89996E-01
149.00 0.90854E-01
149.50 0.91725E-01
150.00 0.92608E-01
150.50 0.93503E-01
151.00 0.94409E-01
151.50 0.95327E-01
152.00 0.96255E-01
152.50 0.97193E-01
153.00 0.98141E-01
153.50 0.99097E-01
154.00 0.10006
154.50 0.10104
155.00 0.10202
155.50 0.10300
156.00 0.10399
156.50 0.10499
157.00 0.10599
157.50 0.10699
158.00 0.10800
158.50 0.10901
159.00 0.11001
159.50 0.11102
160.00 0.11202
160.50 0.11302
161.00 0.11401
161.50 0.11500
162.00 0.11599
162.50 0.11696
163.00 0.11793
163.50 0.11888
164.00 0.11983
164.50 0.12076
165.00 0.12167
165.50 0.12257
166.00 0.12346
166.50 0.12433
167.00 0.12517
167.50 0.12600
168.00 0.12681
168.50 0.12759
169.00 0.12835
169.50 0.12908
170.00 0.12979
170.50 0.13047
171.00 0.13113
171.50 0.13175
172.00 0.13234
172.50 0.13291
173.00 0.13344
173.50 0.13394
174.00 0.13440
174.50 0.13483
175.00 0.13523
175.50 0.13559
176.00 0.13591
176.50 0.13620
177.00 0.13645
177.50 0.13666
178.00 0.13683
178.50 0.13697
179.00 0.13706
179.50 0.13712
180.00 0.13714
