0.0000 0.10519E-01
0.50000 0.10520E-01
1.0000 0.10523E-01
1.5000 0.10528E-01
2.0000 0.10534E-01
2.5000 0.10543E-01
3.0000 0.10554E-01
3.5000 0.10566E-01
4.0000 0.10581E-01
4.5000 0.10597E-01
5.0000 0.10616E-01
5.5000 0.10636E-01
6.0000 0.10659E-01
6.5000 0.10683E-01
7.0000 0.10710E-01
7.5000 0.10739E-01
8.0000 0.10770E-01
8.5000 0.10803E-01
9.0000 0.10838E-01
9.5000 0.10876E-01
10.000 0.10916E-01
10.500 0.10957E-01
11.000 0.11002E-01
11.500 0.11048E-01
12.000 0.11097E-01
12.500 0.11148E-01
13.000 0.11201E-01
13.500 0.11257E-01
14.000 0.11315E-01
14.500 0.11375E-01
15.000 0.11437E-01
15.500 0.11502E-01
16.000 0.11569E-01
16.500 0.11638E-01
17.000 0.11709E-01
17.500 0.11783E-01
18.000 0.11858E-01
18.500 0.11936E-01
19.000 0.12015E-01
19.500 0.12097E-01
20.000 0.12180E-01
20.500 0.12265E-01
21.000 0.12352E-01
21.500 0.12440E-01
22.000 0.12530E-01
22.500 0.12621E-01
23.000 0.12713E-01
23.500 0.12807E-01
24.000 0.12902E-01
24.500 0.12997E-01
25.000 0.13093E-01
25.500 0.13190E-01
26.000 0.13288E-01
26.500 0.13386E-01
27.000 0.13484E-01
27.500 0.13582E-01
28.000 0.13679E-01
28.500 0.13777E-01
29.000 0.13874E-01
29.500 0.13971E-01
30.000 0.14067E-01
30.500 0.14161E-01
31.000 0.14255E-01
31.500 0.14347E-01
32.000 0.14438E-01
32.500 0.14527E-01
33.000 0.14614E-01
33.500 0.14699E-01
34.000 0.14782E-01
34.500 0.14863E-01
35.000 0.14941E-01
35.500 0.15016E-01
36.000 0.15088E-01
36.500 0.15157E-01
37.000 0.15223E-01
37.500 0.15286E-01
38.000 0.15345E-01
38.500 0.15400E-01
39.000 0.15451E-01
39.500 0.15499E-01
40.000 0.15542E-01
40.500 0.15581E-01
41.000 0.15615E-01
41.500 0.15646E-01
42.000 0.15671E-01
42.500 0.15692E-01
43.000 0.15708E-01
43.500 0.15719E-01
44.000 0.15725E-01
44.500 0.15726E-01
45.000 0.15723E-01
45.500 0.15713E-01
46.000 0.15699E-01
46.500 0.15680E-01
47.000 0.15655E-01
47.500 0.15625E-01
48.000 0.15590E-01
48.500 0.15549E-01
49.000 0.15503E-01
49.500 0.15452E-01
50.000 0.15395E-01
50.500 0.15333E-01
51.000 0.15267E-01
51.500 0.15194E-01
52.000 0.15117E-01
52.500 0.15035E-01
53.000 0.14948E-01
53.500 0.14856E-01
54.000 0.14759E-01
54.500 0.14657E-01
55.000 0.14550E-01
55.500 0.14440E-01
56.000 0.14324E-01
56.500 0.14204E-01
57.000 0.14080E-01
57.500 0.13952E-01
58.000 0.13820E-01
58.500 0.13685E-01
59.000 0.13545E-01
59.500 0.13402E-01
60.000 0.13256E-01
60.500 0.13106E-01
61.000 0.12953E-01
61.500 0.12797E-01
62.000 0.12639E-01
62.500 0.12477E-01
63.000 0.12314E-01
63.500 0.12148E-01
64.000 0.11980E-01
64.500 0.11810E-01
65.000 0.11638E-01
65.500 0.11465E-01
66.000 0.11290E-01
66.500 0.11114E-01
67.000 0.10937E-01
67.500 0.10759E-01
68.000 0.10580E-01
68.500 0.10401E-01
69.000 0.10221E-01
69.500 0.10041E-01
70.000 0.98613E-02
70.500 0.96816E-02
71.000 0.95022E-02
71.500 0.93232E-02
72.000 0.91450E-02
72.500 0.89676E-02
73.000 0.87911E-02
73.500 0.86158E-02
74.000 0.84418E-02
74.500 0.82693E-02
75.000 0.80984E-02
75.500 0.79292E-02
76.000 0.77620E-02
76.500 0.75968E-02
77.000 0.74338E-02
77.500 0.72732E-02
78.000 0.71150E-02
78.500 0.69594E-02
79.000 0.68065E-02
79.500 0.66565E-02
80.000 0.65095E-02
80.500 0.63655E-02
81.000 0.62247E-02
81.500 0.60872E-02
82.000 0.59531E-02
82.500 0.58224E-02
83.000 0.56954E-02
83.500 0.55720E-02
84.000 0.54524E-02
84.500 0.53366E-02
85.000 0.52248E-02
85.500 0.51169E-02
86.000 0.50130E-02
86.500 0.49133E-02
87.000 0.48177E-02
87.500 0.47263E-02
88.000 0.46391E-02
88.500 0.45563E-02
89.000 0.44778E-02
89.500 0.44037E-02
90.000 0.43340E-02
90.500 0.42686E-02
91.000 0.42078E-02
91.500 0.41513E-02
92.000 0.40994E-02
92.500 0.40518E-02
93.000 0.40088E-02
93.500 0.39702E-02
94.000 0.39361E-02
94.500 0.39064E-02
95.000 0.38811E-02
95.500 0.38602E-02
96.000 0.38437E-02
96.500 0.38315E-02
97.000 0.38237E-02
97.500 0.38201E-02
98.000 0.38207E-02
98.500 0.38255E-02
99.000 0.38344E-02
99.500 0.38475E-02
100.00 0.38645E-02
100.50 0.38855E-02
101.00 0.39104E-02
101.50 0.39391E-02
102.00 0.39716E-02
102.50 0.40077E-02
103.00 0.40475E-02
103.50 0.40908E-02
104.00 0.41375E-02
104.50 0.41876E-02
105.00 0.42409E-02
105.50 0.42975E-02
106.00 0.43571E-02
106.50 0.44197E-02
107.00 0.44852E-02
107.50 0.45535E-02
108.00 0.46245E-02
108.50 0.46981E-02
109.00 0.47742E-02
109.50 0.48527E-02
110.00 0.49335E-02
110.50 0.50164E-02
111.00 0.51014E-02
111.50 0.51884E-02
112.00 0.52772E-02
112.50 0.53677E-02
113.00 0.54599E-02
113.50 0.55536E-02
114.00 0.56487E-02
114.50 0.57451E-02
115.00 0.58427E-02
115.50 0.59413E-02
116.00 0.60410E-02
116.50 0.61414E-02
117.00 0.62427E-02
117.50 0.63445E-02
118.00 0.64469E-02
118.50 0.65498E-02
119.00 0.66530E-02
119.50 0.67563E-02
120.00 0.68599E-02
120.50 0.69634E-02
121.00 0.70669E-02
121.50 0.71702E-02
122.00 0.72733E-02
122.50 0.73760E-02
123.00 0.74783E-02
123.50 0.75800E-02
124.00 0.76812E-02
124.50 0.77817E-02
125.00 0.78814E-02
125.50 0.79803E-02
126.00 0.80783E-02
126.50 0.81753E-02
127.00 0.82712E-02
127.50 0.83661E-02
128.00 0.84598E-02
128.50 0.85522E-02
129.00 0.86434E-02
129.50 0.87333E-02
130.00 0.88218E-02
130.50 0.89089E-02
131.00 0.89945E-02
131.50 0.90786E-02
132.00 0.91612E-02
132.50 0.92422E-02
133.00 0.93217E-02
133.50 0.93995E-02
134.00 0.94757E-02
134.50 0.95503E-02
135.00 0.96232E-02
135.50 0.96944E-02
136.00 0.97639E-02
136.50 0.98318E-02
137.00 0.98979E-02
137.50 0.99624E-02
138.00 0.10025E-01
138.50 0.10086E-01
139.00 0.10146E-01
139.50 0.10203E-01
140.00 0.10259E-01
140.50 0.10314E-01
141.00 0.10367E-01
141.50 0.10418E-01
142.00 0.10468E-01
142.50 0.10516E-01
143.00 0.10562E-01
143.50 0.10607E-01
144.00 0.10651E-01
144.50 0.10693E-01
145.00 0.10734E-01
145.50 0.10773E-01
146.00 0.10811E-01
146.50 0.10848E-01
147.00 0.10883E-01
147.50 0.10918E-01
148.00 0.10950E-01
148.50 0.10982E-01
149.00 0.11013E-01
149.50 0.11043E-01
150.00 0.11071E-01
150.50 0.11099E-01
151.00 0.11125E-01
151.50 0.11151E-01
152.00 0.11175E-01
152.50 0.11199E-01
153.00 0.11222E-01
153.50 0.11244E-01
154.00 0.11265E-01
154.50 0.11286E-01
155.00 0.11306E-01
155.50 0.11325E-01
156.00 0.11343E-01
156.50 0.11361E-01
157.00 0.11379E-01
157.50 0.11395E-01
158.00 0.11412E-01
158.50 0.11427E-01
159.00 0.11442E-01
159.50 0.11457E-01
160.00 0.11471E-01
160.50 0.11485E-01
161.00 0.11498E-01
161.50 0.11511E-01
162.00 0.11524E-01
162.50 0.11536E-01
163.00 0.11548E-01
163.50 0.11559E-01
164.00 0.11570E-01
164.50 0.11581E-01
165.00 0.11591E-01
165.50 0.11601E-01
166.00 0.11611E-01
166.50 0.11620E-01
167.00 0.11629E-01
167.50 0.11638E-01
168.00 0.11646E-01
168.50 0.11654E-01
169.00 0.11662E-01
169.50 0.11670E-01
170.00 0.11677E-01
170.50 0.11684E-01
171.00 0.11690E-01
171.50 0.11696E-01
172.00 0.11702E-01
172.50 0.11708E-01
173.00 0.11713E-01
173.50 0.11718E-01
174.00 0.11722E-01
174.50 0.11726E-01
175.00 0.11730E-01
175.50 0.11734E-01
176.00 0.11737E-01
176.50 0.11739E-01
177.00 0.11742E-01
177.50 0.11744E-01
178.00 0.11745E-01
178.50 0.11747E-01
179.00 0.11748E-01
179.50 0.11748E-01
180.00 0.11748E-01
