0.0000 89.047
0.50000 88.874
1.0000 88.355
1.5000 87.498
2.0000 86.310
2.5000 84.806
3.0000 83.000
3.5000 80.912
4.0000 78.564
4.5000 75.980
5.0000 73.185
5.5000 70.208
6.0000 67.076
6.5000 63.819
7.0000 60.465
7.5000 57.045
8.0000 53.586
8.5000 50.115
9.0000 46.660
9.5000 43.245
10.000 39.893
10.500 36.624
11.000 33.457
11.500 30.410
12.000 27.496
12.500 24.727
13.000 22.114
13.500 19.663
14.000 17.380
14.500 15.270
15.000 13.333
15.500 11.569
16.000 9.9774
16.500 8.5550
17.000 7.2976
17.500 6.2001
18.000 5.2566
18.500 4.4602
19.000 3.8038
19.500 3.2796
20.000 2.8796
20.500 2.5954
21.000 2.4186
21.500 2.3409
22.000 2.3538
22.500 2.4490
23.000 2.6182
23.500 2.8534
24.000 3.1469
24.500 3.4909
25.000 3.8781
25.500 4.3015
26.000 4.7542
26.500 5.2297
27.000 5.7217
27.500 6.2244
28.000 6.7319
28.500 7.2392
29.000 7.7411
29.500 8.2330
30.000 8.7105
30.500 9.1698
31.000 9.6071
31.500 10.019
32.000 10.403
32.500 10.757
33.000 11.077
33.500 11.364
34.000 11.614
34.500 11.828
35.000 12.004
35.500 12.143
36.000 12.244
36.500 12.308
37.000 12.336
37.500 12.328
38.000 12.287
38.500 12.213
39.000 12.108
39.500 11.975
40.000 11.816
40.500 11.631
41.000 11.425
41.500 11.199
42.000 10.956
42.500 10.697
43.000 10.426
43.500 10.144
44.000 9.8529
44.500 9.5555
45.000 9.2533
45.500 8.9480
46.000 8.6414
46.500 8.3347
47.000 8.0292
47.500 7.7262
48.000 7.4266
48.500 7.1313
49.000 6.8409
49.500 6.5561
50.000 6.2773
50.500 6.0050
51.000 5.7393
51.500 5.4806
52.000 5.2289
52.500 4.9843
53.000 4.7468
53.500 4.5164
54.000 4.2931
54.500 4.0767
55.000 3.8673
55.500 3.6646
56.000 3.4685
56.500 3.2790
57.000 3.0960
57.500 2.9193
58.000 2.7488
58.500 2.5845
59.000 2.4262
59.500 2.2739
60.000 2.1275
60.500 1.9870
61.000 1.8524
61.500 1.7235
62.000 1.6004
62.500 1.4830
63.000 1.3712
63.500 1.2652
64.000 1.1647
64.500 1.0699
65.000 0.98067
65.500 0.89694
66.000 0.81869
66.500 0.74586
67.000 0.67838
67.500 0.61619
68.000 0.55920
68.500 0.50731
69.000 0.46042
69.500 0.41841
70.000 0.38117
70.500 0.34855
71.000 0.32042
71.500 0.29663
72.000 0.27702
72.500 0.26144
73.000 0.24971
73.500 0.24167
74.000 0.23715
74.500 0.23597
75.000 0.23798
75.500 0.24298
76.000 0.25082
76.500 0.26133
77.000 0.27435
77.500 0.28971
78.000 0.30726
78.500 0.32685
79.000 0.34834
79.500 0.37158
80.000 0.39644
80.500 0.42279
81.000 0.45051
81.500 0.47947
82.000 0.50956
82.500 0.54068
83.000 0.57272
83.500 0.60557
84.000 0.63915
84.500 0.67337
85.000 0.70812
85.500 0.74334
86.000 0.77893
86.500 0.81482
87.000 0.85092
87.500 0.88718
88.000 0.92351
88.500 0.95984
89.000 0.99611
89.500 1.0322
90.000 1.0682
90.500 1.1038
91.000 1.1392
91.500 1.1741
92.000 1.2086
92.500 1.2426
93.000 1.2760
93.500 1.3088
94.000 1.3409
94.500 1.3723
95.000 1.4028
95.500 1.4325
96.000 1.4613
96.500 1.4891
97.000 1.5159
97.500 1.5416
98.000 1.5662
98.500 1.5897
99.000 1.6119
99.500 1.6329
100.00 1.6527
100.50 1.6711
101.00 1.6881
101.50 1.7038
102.00 1.7181
102.50 1.7309
103.00 1.7423
103.50 1.7522
104.00 1.7606
104.50 1.7675
105.00 1.7729
105.50 1.7768
106.00 1.7791
106.50 1.7800
107.00 1.7794
107.50 1.7773
108.00 1.7738
108.50 1.7688
109.00 1.7624
109.50 1.7546
110.00 1.7454
110.50 1.7350
111.00 1.7233
111.50 1.7103
112.00 1.6961
112.50 1.6808
113.00 1.6644
113.50 1.6470
114.00 1.6286
114.50 1.6092
115.00 1.5890
115.50 1.5679
116.00 1.5461
116.50 1.5236
117.00 1.5004
117.50 1.4766
118.00 1.4523
118.50 1.4275
119.00 1.4023
119.50 1.3767
120.00 1.3508
120.50 1.3246
121.00 1.2982
121.50 1.2716
122.00 1.2449
122.50 1.2182
123.00 1.1914
123.50 1.1646
124.00 1.1379
124.50 1.1112
125.00 1.0847
125.50 1.0583
126.00 1.0321
126.50 1.0062
127.00 0.98043
127.50 0.95498
128.00 0.92982
128.50 0.90498
129.00 0.88048
129.50 0.85634
130.00 0.83256
130.50 0.80918
131.00 0.78620
131.50 0.76363
132.00 0.74149
132.50 0.71978
133.00 0.69851
133.50 0.67770
134.00 0.65734
134.50 0.63744
135.00 0.61800
135.50 0.59903
136.00 0.58052
136.50 0.56247
137.00 0.54489
137.50 0.52777
138.00 0.51111
138.50 0.49491
139.00 0.47915
139.50 0.46384
140.00 0.44897
140.50 0.43454
141.00 0.42053
141.50 0.40694
142.00 0.39375
142.50 0.38098
143.00 0.36859
143.50 0.35659
144.00 0.34497
144.50 0.33371
145.00 0.32281
145.50 0.31227
146.00 0.30206
146.50 0.29218
147.00 0.28262
147.50 0.27337
148.00 0.26442
148.50 0.25577
149.00 0.24741
149.50 0.23932
150.00 0.23150
150.50 0.22395
151.00 0.21664
151.50 0.20958
152.00 0.20276
152.50 0.19617
153.00 0.18981
153.50 0.18366
154.00 0.17773
154.50 0.17200
155.00 0.16647
155.50 0.16114
156.00 0.15599
156.50 0.15103
157.00 0.14625
157.50 0.14164
158.00 0.13719
158.50 0.13291
159.00 0.12879
159.50 0.12482
160.00 0.12101
160.50 0.11733
161.00 0.11381
161.50 0.11041
162.00 0.10716
162.50 0.10403
163.00 0.10103
163.50 0.98154E-01
164.00 0.95398E-01
164.50 0.92760E-01
165.00 0.90236E-01
165.50 0.87824E-01
166.00 0.85520E-01
166.50 0.83322E-01
167.00 0.81228E-01
167.50 0.79235E-01
168.00 0.77340E-01
168.50 0.75541E-01
169.00 0.73836E-01
169.50 0.72224E-01
170.00 0.70701E-01
170.50 0.69266E-01
171.00 0.67917E-01
171.50 0.66652E-01
172.00 0.65470E-01
172.50 0.64369E-01
173.00 0.63346E-01
173.50 0.62401E-01
174.00 0.61533E-01
174.50 0.60739E-01
175.00 0.60019E-01
175.50 0.59371E-01
176.00 0.58795E-01
176.50 0.58289E-01
177.00 0.57852E-01
177.50 0.57484E-01
178.00 0.57183E-01
178.50 0.56950E-01
179.00 0.56784E-01
179.50 0.56685E-01
180.00 0.56652E-01
