0.0000 92.287
0.50000 92.114
1.0000 91.597
1.5000 90.741
2.0000 89.556
2.5000 88.054
3.0000 86.252
3.5000 84.167
4.0000 81.822
4.5000 79.240
5.0000 76.447
5.5000 73.470
6.0000 70.337
6.5000 67.076
7.0000 63.717
7.5000 60.288
8.0000 56.818
8.5000 53.333
9.0000 49.860
9.5000 46.422
10.000 43.043
10.500 39.742
11.000 36.539
11.500 33.450
12.000 30.489
12.500 27.668
13.000 24.996
13.500 22.482
14.000 20.130
14.500 17.945
15.000 15.927
15.500 14.078
16.000 12.395
16.500 10.876
17.000 9.5171
17.500 8.3132
18.000 7.2587
18.500 6.3471
19.000 5.5714
19.500 4.9242
20.000 4.3976
20.500 3.9839
21.000 3.6749
21.500 3.4626
22.000 3.3387
22.500 3.2955
23.000 3.3250
23.500 3.4196
24.000 3.5718
24.500 3.7743
25.000 4.0202
25.500 4.3026
26.000 4.6152
26.500 4.9517
27.000 5.3062
27.500 5.6732
28.000 6.0472
28.500 6.4233
29.000 6.7967
29.500 7.1632
30.000 7.5187
30.500 7.8594
31.000 8.1819
31.500 8.4834
32.000 8.7611
32.500 9.0128
33.000 9.2364
33.500 9.4306
34.000 9.5940
34.500 9.7259
35.000 9.8257
35.500 9.8935
36.000 9.9293
36.500 9.9337
37.000 9.9076
37.500 9.8520
38.000 9.7683
38.500 9.6580
39.000 9.5229
39.500 9.3648
40.000 9.1858
40.500 8.9879
41.000 8.7734
41.500 8.5444
42.000 8.3030
42.500 8.0515
43.000 7.7918
43.500 7.5260
44.000 7.2560
44.500 6.9835
45.000 6.7102
45.500 6.4376
46.000 6.1669
46.500 5.8995
47.000 5.6363
47.500 5.3782
48.000 5.1260
48.500 4.8803
49.000 4.6417
49.500 4.4104
50.000 4.1867
50.500 3.9708
51.000 3.7628
51.500 3.5627
52.000 3.3704
52.500 3.1860
53.000 3.0091
53.500 2.8397
54.000 2.6776
54.500 2.5226
55.000 2.3744
55.500 2.2329
56.000 2.0979
56.500 1.9692
57.000 1.8465
57.500 1.7297
58.000 1.6187
58.500 1.5133
59.000 1.4132
59.500 1.3186
60.000 1.2291
60.500 1.1447
61.000 1.0653
61.500 0.99080
62.000 0.92115
62.500 0.85624
63.000 0.79600
63.500 0.74037
64.000 0.68925
64.500 0.64256
65.000 0.60023
65.500 0.56217
66.000 0.52827
66.500 0.49844
67.000 0.47255
67.500 0.45050
68.000 0.43216
68.500 0.41738
69.000 0.40604
69.500 0.39797
70.000 0.39302
70.500 0.39103
71.000 0.39184
71.500 0.39527
72.000 0.40116
72.500 0.40933
73.000 0.41962
73.500 0.43186
74.000 0.44587
74.500 0.46150
75.000 0.47858
75.500 0.49698
76.000 0.51653
76.500 0.53711
77.000 0.55859
77.500 0.58083
78.000 0.60373
78.500 0.62717
79.000 0.65106
79.500 0.67531
80.000 0.69984
80.500 0.72456
81.000 0.74940
81.500 0.77432
82.000 0.79924
82.500 0.82412
83.000 0.84891
83.500 0.87357
84.000 0.89805
84.500 0.92234
85.000 0.94638
85.500 0.97015
86.000 0.99363
86.500 1.0168
87.000 1.0396
87.500 1.0620
88.000 1.0840
88.500 1.1056
89.000 1.1268
89.500 1.1474
90.000 1.1676
90.500 1.1872
91.000 1.2063
91.500 1.2248
92.000 1.2427
92.500 1.2599
93.000 1.2764
93.500 1.2923
94.000 1.3074
94.500 1.3217
95.000 1.3352
95.500 1.3479
96.000 1.3597
96.500 1.3706
97.000 1.3806
97.500 1.3896
98.000 1.3977
98.500 1.4047
99.000 1.4107
99.500 1.4156
100.00 1.4195
100.50 1.4222
101.00 1.4238
101.50 1.4243
102.00 1.4236
102.50 1.4218
103.00 1.4188
103.50 1.4147
104.00 1.4093
104.50 1.4028
105.00 1.3952
105.50 1.3864
106.00 1.3765
106.50 1.3655
107.00 1.3533
107.50 1.3402
108.00 1.3260
108.50 1.3108
109.00 1.2946
109.50 1.2775
110.00 1.2595
110.50 1.2407
111.00 1.2211
111.50 1.2007
112.00 1.1797
112.50 1.1580
113.00 1.1357
113.50 1.1128
114.00 1.0895
114.50 1.0658
115.00 1.0417
115.50 1.0172
116.00 0.99249
116.50 0.96757
117.00 0.94248
117.50 0.91729
118.00 0.89204
118.50 0.86679
119.00 0.84157
119.50 0.81645
120.00 0.79145
120.50 0.76663
121.00 0.74202
121.50 0.71767
122.00 0.69361
122.50 0.66987
123.00 0.64649
123.50 0.62349
124.00 0.60091
124.50 0.57878
125.00 0.55710
125.50 0.53591
126.00 0.51523
126.50 0.49508
127.00 0.47546
127.50 0.45639
128.00 0.43789
128.50 0.41997
129.00 0.40263
129.50 0.38588
130.00 0.36972
130.50 0.35417
131.00 0.33922
131.50 0.32487
132.00 0.31112
132.50 0.29798
133.00 0.28544
133.50 0.27349
134.00 0.26214
134.50 0.25137
135.00 0.24118
135.50 0.23156
136.00 0.22251
136.50 0.21402
137.00 0.20607
137.50 0.19867
138.00 0.19179
138.50 0.18543
139.00 0.17957
139.50 0.17421
140.00 0.16934
140.50 0.16494
141.00 0.16100
141.50 0.15751
142.00 0.15446
142.50 0.15183
143.00 0.14962
143.50 0.14781
144.00 0.14639
144.50 0.14534
145.00 0.14466
145.50 0.14434
146.00 0.14435
146.50 0.14470
147.00 0.14536
147.50 0.14633
148.00 0.14760
148.50 0.14915
149.00 0.15097
149.50 0.15305
150.00 0.15538
150.50 0.15794
151.00 0.16073
151.50 0.16373
152.00 0.16694
152.50 0.17033
153.00 0.17390
153.50 0.17764
154.00 0.18154
154.50 0.18558
155.00 0.18975
155.50 0.19405
156.00 0.19845
156.50 0.20296
157.00 0.20756
157.50 0.21223
158.00 0.21697
158.50 0.22178
159.00 0.22663
159.50 0.23152
160.00 0.23644
160.50 0.24138
161.00 0.24633
161.50 0.25129
162.00 0.25625
162.50 0.26119
163.00 0.26611
163.50 0.27101
164.00 0.27588
164.50 0.28070
165.00 0.28547
165.50 0.29019
166.00 0.29485
166.50 0.29944
167.00 0.30395
167.50 0.30838
168.00 0.31272
168.50 0.31697
169.00 0.32111
169.50 0.32514
170.00 0.32906
170.50 0.33285
171.00 0.33650
171.50 0.34001
172.00 0.34338
172.50 0.34659
173.00 0.34964
173.50 0.35251
174.00 0.35521
174.50 0.35772
175.00 0.36004
175.50 0.36216
176.00 0.36408
176.50 0.36578
177.00 0.36727
177.50 0.36854
178.00 0.36958
178.50 0.37040
179.00 0.37098
179.50 0.37133
180.00 0.37145
