0.0000 8.0786
0.50000 8.0784
1.0000 8.0776
1.5000 8.0762
2.0000 8.0741
2.5000 8.0711
3.0000 8.0671
3.5000 8.0618
4.0000 8.0550
4.5000 8.0464
5.0000 8.0358
5.5000 8.0228
6.0000 8.0072
6.5000 7.9888
7.0000 7.9672
7.5000 7.9423
8.0000 7.9139
8.5000 7.8818
9.0000 7.8459
9.5000 7.8061
10.000 7.7625
10.500 7.7149
11.000 7.6636
11.500 7.6087
12.000 7.5503
12.500 7.4886
13.000 7.4239
13.500 7.3564
14.000 7.2865
14.500 7.2145
15.000 7.1407
15.500 7.0653
16.000 6.9889
16.500 6.9116
17.000 6.8337
17.500 6.7556
18.000 6.6773
18.500 6.5993
19.000 6.5216
19.500 6.4443
20.000 6.3675
20.500 6.2913
21.000 6.2158
21.500 6.1408
22.000 6.0664
22.500 5.9925
23.000 5.9189
23.500 5.8457
24.000 5.7725
24.500 5.6994
25.000 5.6261
25.500 5.5525
26.000 5.4785
26.500 5.4040
27.000 5.3287
27.500 5.2527
28.000 5.1757
28.500 5.0978
29.000 5.0188
29.500 4.9387
30.000 4.8574
30.500 4.7750
31.000 4.6913
31.500 4.6065
32.000 4.5205
32.500 4.4334
33.000 4.3453
33.500 4.2561
34.000 4.1660
34.500 4.0750
35.000 3.9833
35.500 3.8910
36.000 3.7981
36.500 3.7049
37.000 3.6113
37.500 3.5177
38.000 3.4241
38.500 3.3307
39.000 3.2376
39.500 3.1452
40.000 3.0534
40.500 2.9625
41.000 2.8728
41.500 2.7844
42.000 2.6975
42.500 2.6123
43.000 2.5290
43.500 2.4479
44.000 2.3691
44.500 2.2928
45.000 2.2192
45.500 2.1485
46.000 2.0809
46.500 2.0166
47.000 1.9556
47.500 1.8981
48.000 1.8443
48.500 1.7942
49.000 1.7480
49.500 1.7057
50.000 1.6673
50.500 1.6329
51.000 1.6024
51.500 1.5759
52.000 1.5534
52.500 1.5347
53.000 1.5198
53.500 1.5087
54.000 1.5011
54.500 1.4970
55.000 1.4963
55.500 1.4988
56.000 1.5043
56.500 1.5127
57.000 1.5237
57.500 1.5373
58.000 1.5533
58.500 1.5714
59.000 1.5914
59.500 1.6132
60.000 1.6366
60.500 1.6615
61.000 1.6875
61.500 1.7146
62.000 1.7425
62.500 1.7711
63.000 1.8003
63.500 1.8298
64.000 1.8596
64.500 1.8894
65.000 1.9192
65.500 1.9487
66.000 1.9779
66.500 2.0066
67.000 2.0348
67.500 2.0622
68.000 2.0888
68.500 2.1145
69.000 2.1393
69.500 2.1629
70.000 2.1853
70.500 2.2065
71.000 2.2263
71.500 2.2447
72.000 2.2617
72.500 2.2772
73.000 2.2911
73.500 2.3033
74.000 2.3140
74.500 2.3230
75.000 2.3303
75.500 2.3359
76.000 2.3398
76.500 2.3420
77.000 2.3424
77.500 2.3412
78.000 2.3382
78.500 2.3336
79.000 2.3273
79.500 2.3193
80.000 2.3098
80.500 2.2987
81.000 2.2860
81.500 2.2719
82.000 2.2563
82.500 2.2393
83.000 2.2209
83.500 2.2013
84.000 2.1803
84.500 2.1582
85.000 2.1349
85.500 2.1106
86.000 2.0851
86.500 2.0588
87.000 2.0314
87.500 2.0033
88.000 1.9743
88.500 1.9445
89.000 1.9141
89.500 1.8830
90.000 1.8514
90.500 1.8192
91.000 1.7866
91.500 1.7535
92.000 1.7202
92.500 1.6865
93.000 1.6526
93.500 1.6185
94.000 1.5843
94.500 1.5501
95.000 1.5159
95.500 1.4817
96.000 1.4477
96.500 1.4138
97.000 1.3802
97.500 1.3469
98.000 1.3139
98.500 1.2814
99.000 1.2494
99.500 1.2179
100.00 1.1870
100.50 1.1568
101.00 1.1274
101.50 1.0987
102.00 1.0709
102.50 1.0440
103.00 1.0181
103.50 0.99324
104.00 0.96945
104.50 0.94681
105.00 0.92537
105.50 0.90517
106.00 0.88628
106.50 0.86873
107.00 0.85258
107.50 0.83785
108.00 0.82459
108.50 0.81282
109.00 0.80259
109.50 0.79391
110.00 0.78681
110.50 0.78130
111.00 0.77740
111.50 0.77510
112.00 0.77442
112.50 0.77536
113.00 0.77789
113.50 0.78202
114.00 0.78773
114.50 0.79498
115.00 0.80376
115.50 0.81404
116.00 0.82577
116.50 0.83892
117.00 0.85343
117.50 0.86926
118.00 0.88636
118.50 0.90466
119.00 0.92410
119.50 0.94462
120.00 0.96615
120.50 0.98862
121.00 1.0119
121.50 1.0360
122.00 1.0609
122.50 1.0863
123.00 1.1122
123.50 1.1387
124.00 1.1654
124.50 1.1925
125.00 1.2197
125.50 1.2470
126.00 1.2743
126.50 1.3016
127.00 1.3287
127.50 1.3555
128.00 1.3819
128.50 1.4079
129.00 1.4334
129.50 1.4583
130.00 1.4825
130.50 1.5059
131.00 1.5285
131.50 1.5502
132.00 1.5709
132.50 1.5906
133.00 1.6092
133.50 1.6267
134.00 1.6429
134.50 1.6579
135.00 1.6717
135.50 1.6841
136.00 1.6952
136.50 1.7050
137.00 1.7133
137.50 1.7204
138.00 1.7260
138.50 1.7302
139.00 1.7332
139.50 1.7347
140.00 1.7350
140.50 1.7339
141.00 1.7316
141.50 1.7281
142.00 1.7234
142.50 1.7176
143.00 1.7107
143.50 1.7028
144.00 1.6940
144.50 1.6843
145.00 1.6738
145.50 1.6625
146.00 1.6506
146.50 1.6381
147.00 1.6251
147.50 1.6117
148.00 1.5979
148.50 1.5838
149.00 1.5696
149.50 1.5552
150.00 1.5408
150.50 1.5265
151.00 1.5123
151.50 1.4983
152.00 1.4845
152.50 1.4711
153.00 1.4581
153.50 1.4455
154.00 1.4335
154.50 1.4220
155.00 1.4112
155.50 1.4011
156.00 1.3916
156.50 1.3830
157.00 1.3752
157.50 1.3681
158.00 1.3620
158.50 1.3567
159.00 1.3523
159.50 1.3488
160.00 1.3462
160.50 1.3445
161.00 1.3437
161.50 1.3438
162.00 1.3448
162.50 1.3466
163.00 1.3492
163.50 1.3527
164.00 1.3569
164.50 1.3618
165.00 1.3675
165.50 1.3737
166.00 1.3806
166.50 1.3879
167.00 1.3958
167.50 1.4041
168.00 1.4127
168.50 1.4217
169.00 1.4309
169.50 1.4402
170.00 1.4497
170.50 1.4592
171.00 1.4687
171.50 1.4781
172.00 1.4873
172.50 1.4964
173.00 1.5052
173.50 1.5136
174.00 1.5217
174.50 1.5293
175.00 1.5364
175.50 1.5430
176.00 1.5491
176.50 1.5545
177.00 1.5592
177.50 1.5633
178.00 1.5667
178.50 1.5694
179.00 1.5713
179.50 1.5724
180.00 1.5728
