0.000 19.32
0.000 -0.2629
0.000 0.000
1.000 19.22
-0.9492E-02 -0.2571
-0.3831E-01 -0.4960E-03
2.000 18.94
-0.1489E-01 -0.2395
-0.7606E-01 -0.2049E-02
3.000 18.54
-0.1277E-01 -0.2101
-0.1122 -0.4815E-02
4.000 18.07
-0.1055E-02 -0.1697
-0.1450 -0.8946E-02
5.000 17.60
0.2040E-01 -0.1202
-0.1721 -0.1447E-01
6.000 17.12
0.4984E-01 -0.6525E-01
-0.1915 -0.2120E-01
7.000 16.58
0.8431E-01 -0.8802E-02
-0.2020 -0.2882E-01
8.000 15.91
0.1209 0.4558E-01
-0.2035 -0.3693E-01
9.000 15.04
0.1576 0.9569E-01
-0.1970 -0.4525E-01
10.00 13.89
0.1937 0.1408
-0.1836 -0.5363E-01
11.00 12.49
0.2293 0.1813
-0.1639 -0.6203E-01
12.00 10.89
0.2650 0.2180
-0.1381 -0.7040E-01
13.00 9.190
0.3008 0.2513
-0.1054 -0.7849E-01
14.00 7.534
0.3361 0.2810
-0.6462E-01 -0.8560E-01
15.00 6.034
0.3684 0.3055
-0.1448E-01 -0.9023E-01
16.00 4.766
0.3939 0.3213
0.4502E-01 -0.8984E-01
17.00 3.756
0.4078 0.3240
0.1111 -0.8098E-01
18.00 2.982
0.4068 0.3098
0.1777 -0.6030E-01
19.00 2.396
0.3912 0.2779
0.2363 -0.2579E-01
20.00 1.945
0.3644 0.2312
0.2796 0.2254E-01
21.00 1.586
0.3302 0.1742
0.3025 0.8336E-01
22.00 1.293
0.2896 0.1124
0.3012 0.1545
23.00 1.056
0.2412 0.5238E-01
0.2717 0.2319
24.00 0.8731
0.1842 0.4378E-02
0.2107 0.3066
25.00 0.7439
0.1243 -0.1740E-01
0.1215 0.3642
26.00 0.6637
0.7515E-01 -0.1433E-02
0.1933E-01 0.3891
27.00 0.6231
0.5116E-01 0.5110E-01
-0.7247E-01 0.3760
28.00 0.6098
0.5695E-01 0.1249
-0.1364 0.3337
29.00 0.6115
0.8531E-01 0.2008
-0.1690 0.2777
30.00 0.6175
0.1243 0.2650
-0.1772 0.2204
31.00 0.6200
0.1637 0.3110
-0.1702 0.1686
32.00 0.6139
0.1978 0.3377
-0.1557 0.1242
33.00 0.5962
0.2241 0.3466
-0.1389 0.8716E-01
34.00 0.5660
0.2428 0.3402
-0.1227 0.5646E-01
35.00 0.5241
0.2551 0.3207
-0.1092 0.3074E-01
36.00 0.4728
0.2624 0.2900
-0.9949E-01 0.8594E-02
37.00 0.4155
0.2657 0.2492
-0.9498E-01 -0.1141E-01
38.00 0.3564
0.2665 0.1989
-0.9710E-01 -0.3081E-01
39.00 0.2997
0.2664 0.1402
-0.1074 -0.5128E-01
40.00 0.2489
0.2687 0.7651E-01
-0.1269 -0.7465E-01
41.00 0.2069
0.2775 0.1513E-01
-0.1550 -0.1025
42.00 0.1750
0.2971 -0.3158E-01
-0.1879 -0.1352
43.00 0.1536
0.3270 -0.4984E-01
-0.2183 -0.1708
44.00 0.1419
0.3592 -0.3343E-01
-0.2382 -0.2044
45.00 0.1382
0.3810 0.9183E-02
-0.2441 -0.2305
46.00 0.1404
0.3838 0.5927E-01
-0.2393 -0.2462
47.00 0.1462
0.3679 0.9975E-01
-0.2305 -0.2516
48.00 0.1534
0.3400 0.1218
-0.2231 -0.2486
49.00 0.1602
0.3087 0.1238
-0.2198 -0.2393
50.00 0.1657
0.2808 0.1077
-0.2209 -0.2251
51.00 0.1693
0.2607 0.7677E-01
-0.2254 -0.2070
52.00 0.1711
0.2505 0.3467E-01
-0.2320 -0.1859
53.00 0.1713
0.2500 -0.1459E-01
-0.2391 -0.1631
54.00 0.1704
0.2575 -0.6664E-01
-0.2456 -0.1400
55.00 0.1685
0.2702 -0.1169
-0.2507 -0.1177
56.00 0.1657
0.2850 -0.1608
-0.2535 -0.9739E-01
57.00 0.1623
0.2987 -0.1941
-0.2537 -0.7926E-01
58.00 0.1584
0.3079 -0.2124
-0.2503 -0.6328E-01
59.00 0.1546
0.3090 -0.2124
-0.2425 -0.4913E-01
60.00 0.1514
0.2984 -0.1914
-0.2294 -0.3657E-01
61.00 0.1493
0.2737 -0.1495
-0.2108 -0.2559E-01
62.00 0.1487
0.2340 -0.8946E-01
-0.1877 -0.1638E-01
63.00 0.1498
0.1816 -0.1741E-01
-0.1620 -0.9141E-02
64.00 0.1524
0.1210 0.5922E-01
-0.1363 -0.3825E-02
65.00 0.1561
0.5805E-01 0.1335
-0.1127 0.1368E-04
66.00 0.1603
-0.1928E-02 0.2005
-0.9270E-01 0.3120E-02
67.00 0.1645
-0.5506E-01 0.2576
-0.7663E-01 0.6331E-02
68.00 0.1683
-0.9919E-01 0.3043
-0.6421E-01 0.1036E-01
69.00 0.1712
-0.1336 0.3408
-0.5472E-01 0.1566E-01
70.00 0.1732
-0.1588 0.3682
-0.4736E-01 0.2235E-01
71.00 0.1741
-0.1759 0.3875
-0.4142E-01 0.3026E-01
72.00 0.1739
-0.1863 0.4001
-0.3634E-01 0.3906E-01
73.00 0.1725
-0.1915 0.4072
-0.3173E-01 0.4833E-01
74.00 0.1698
-0.1930 0.4100
-0.2725E-01 0.5775E-01
75.00 0.1658
-0.1917 0.4100
-0.2253E-01 0.6709E-01
76.00 0.1605
-0.1884 0.4085
-0.1718E-01 0.7622E-01
77.00 0.1542
-0.1835 0.4067
-0.1080E-01 0.8509E-01
78.00 0.1470
-0.1777 0.4055
-0.3024E-02 0.9353E-01
79.00 0.1395
-0.1715 0.4058
0.6331E-02 0.1013
80.00 0.1320
-0.1659 0.4078
0.1718E-01 0.1078
81.00 0.1248
-0.1616 0.4116
0.2914E-01 0.1126
82.00 0.1181
-0.1597 0.4171
0.4156E-01 0.1152
83.00 0.1121
-0.1605 0.4239
0.5368E-01 0.1152
84.00 0.1069
-0.1643 0.4316
0.6475E-01 0.1126
85.00 0.1023
-0.1708 0.4399
0.7413E-01 0.1078
86.00 0.9839E-01
-0.1792 0.4482
0.8139E-01 0.1014
87.00 0.9504E-01
-0.1887 0.4560
0.8623E-01 0.9401E-01
88.00 0.9218E-01
-0.1983 0.4628
0.8855E-01 0.8631E-01
89.00 0.8971E-01
-0.2071 0.4682
0.8837E-01 0.7894E-01
90.00 0.8745E-01
-0.2139 0.4719
0.8591E-01 0.7246E-01
91.00 0.8523E-01
-0.2180 0.4738
0.8151E-01 0.6732E-01
92.00 0.8286E-01
-0.2184 0.4741
0.7564E-01 0.6387E-01
93.00 0.8015E-01
-0.2146 0.4732
0.6886E-01 0.6235E-01
94.00 0.7697E-01
-0.2062 0.4715
0.6171E-01 0.6288E-01
95.00 0.7326E-01
-0.1928 0.4696
0.5473E-01 0.6548E-01
96.00 0.6900E-01
-0.1745 0.4677
0.4837E-01 0.7008E-01
97.00 0.6427E-01
-0.1514 0.4662
0.4302E-01 0.7659E-01
98.00 0.5922E-01
-0.1238 0.4649
0.3904E-01 0.8484E-01
99.00 0.5403E-01
-0.9238E-01 0.4640
0.3673E-01 0.9466E-01
100.0 0.4891E-01
-0.5816E-01 0.4630
0.3632E-01 0.1058
101.0 0.4406E-01
-0.2270E-01 0.4614
0.3793E-01 0.1177
102.0 0.3965E-01
0.1188E-01 0.4585
0.4144E-01 0.1299
103.0 0.3578E-01
0.4319E-01 0.4536
0.4646E-01 0.1414
104.0 0.3248E-01
0.6918E-01 0.4463
0.5230E-01 0.1515
105.0 0.2973E-01
0.8877E-01 0.4366
0.5818E-01 0.1595
106.0 0.2743E-01
0.1022 0.4249
0.6340E-01 0.1653
107.0 0.2549E-01
0.1107 0.4119
0.6759E-01 0.1693
108.0 0.2381E-01
0.1160 0.3982
0.7072E-01 0.1720
109.0 0.2233E-01
0.1191 0.3837
0.7309E-01 0.1737
110.0 0.2098E-01
0.1203 0.3678
0.7515E-01 0.1744
111.0 0.1975E-01
0.1193 0.3491
0.7741E-01 0.1736
112.0 0.1863E-01
0.1154 0.3259
0.8033E-01 0.1705
113.0 0.1761E-01
0.1088 0.2967
0.8426E-01 0.1649
114.0 0.1668E-01
0.1000 0.2606
0.8935E-01 0.1568
115.0 0.1586E-01
0.9061E-01 0.2171
0.9556E-01 0.1470
116.0 0.1519E-01
0.8217E-01 0.1671
0.1026 0.1366
117.0 0.1469E-01
0.7606E-01 0.1131
0.1100 0.1271
118.0 0.1441E-01
0.7288E-01 0.5858E-01
0.1169 0.1198
119.0 0.1434E-01
0.7233E-01 0.7850E-02
0.1224 0.1153
120.0 0.1447E-01
0.7363E-01 -0.3553E-01
0.1260 0.1138
121.0 0.1475E-01
0.7595E-01 -0.6968E-01
0.1272 0.1149
122.0 0.1508E-01
0.7873E-01 -0.9468E-01
0.1262 0.1182
123.0 0.1538E-01
0.8155E-01 -0.1120
0.1234 0.1233
124.0 0.1557E-01
0.8380E-01 -0.1238
0.1193 0.1300
125.0 0.1561E-01
0.8445E-01 -0.1321
0.1144 0.1375
126.0 0.1547E-01
0.8213E-01 -0.1387
0.1091 0.1452
127.0 0.1518E-01
0.7543E-01 -0.1446
0.1040 0.1517
128.0 0.1475E-01
0.6332E-01 -0.1506
0.9978E-01 0.1557
129.0 0.1423E-01
0.4557E-01 -0.1568
0.9731E-01 0.1559
130.0 0.1366E-01
0.2276E-01 -0.1627
0.9731E-01 0.1519
131.0 0.1310E-01
-0.3933E-02 -0.1675
0.1003 0.1437
132.0 0.1260E-01
-0.3317E-01 -0.1697
0.1064 0.1322
133.0 0.1225E-01
-0.6376E-01 -0.1680
0.1153 0.1192
134.0 0.1213E-01
-0.9471E-01 -0.1616
0.1259 0.1061
135.0 0.1228E-01
-0.1249 -0.1512
0.1371 0.9433E-01
136.0 0.1268E-01
-0.1530 -0.1388
0.1480 0.8422E-01
137.0 0.1329E-01
-0.1774 -0.1265
0.1583 0.7549E-01
138.0 0.1395E-01
-0.1964 -0.1164
0.1682 0.6761E-01
139.0 0.1452E-01
-0.2086 -0.1093
0.1786 0.6026E-01
140.0 0.1482E-01
-0.2132 -0.1055
0.1900 0.5348E-01
141.0 0.1473E-01
-0.2094 -0.1051
0.2030 0.4755E-01
142.0 0.1419E-01
-0.1969 -0.1088
0.2177 0.4281E-01
143.0 0.1322E-01
-0.1755 -0.1177
0.2337 0.3937E-01
144.0 0.1195E-01
-0.1460 -0.1336
0.2495 0.3689E-01
145.0 0.1056E-01
-0.1102 -0.1586
0.2626 0.3425E-01
146.0 0.9238E-02
-0.7350E-01 -0.1939
0.2681 0.2929E-01
147.0 0.8201E-02
-0.4558E-01 -0.2367
0.2596 0.1900E-01
148.0 0.7614E-02
-0.3908E-01 -0.2768
0.2326 0.1196E-02
149.0 0.7591E-02
-0.6077E-01 -0.2986
0.1907 -0.2253E-01
150.0 0.8176E-02
-0.1026 -0.2920
0.1467 -0.4643E-01
151.0 0.9335E-02
-0.1472 -0.2614
0.1136 -0.6505E-01
152.0 0.1096E-01
-0.1816 -0.2186
0.9577E-01 -0.7688E-01
153.0 0.1286E-01
-0.2021 -0.1731
0.9080E-01 -0.8339E-01
154.0 0.1482E-01
-0.2099 -0.1296
0.9438E-01 -0.8673E-01
155.0 0.1661E-01
-0.2078 -0.8877E-01
0.1030 -0.8848E-01
156.0 0.1799E-01
-0.1976 -0.5025E-01
0.1144 -0.8956E-01
157.0 0.1882E-01
-0.1805 -0.1321E-01
0.1273 -0.9034E-01
158.0 0.1903E-01
-0.1568 0.2274E-01
0.1409 -0.9093E-01
159.0 0.1862E-01
-0.1266 0.5727E-01
0.1548 -0.9133E-01
160.0 0.1771E-01
-0.8999E-01 0.8904E-01
0.1684 -0.9157E-01
161.0 0.1644E-01
-0.4731E-01 0.1155
0.1811 -0.9182E-01
162.0 0.1502E-01
0.1275E-03 0.1330
0.1921 -0.9243E-01
163.0 0.1363E-01
0.4966E-01 0.1371
0.2000 -0.9390E-01
164.0 0.1241E-01
0.9705E-01 0.1240
0.2035 -0.9660E-01
165.0 0.1146E-01
0.1371 0.9300E-01
0.2014 -0.1005
166.0 0.1084E-01
0.1650 0.4834E-01
0.1934 -0.1048
167.0 0.1053E-01
0.1788 -0.1241E-02
0.1806 -0.1081
168.0 0.1050E-01
0.1798 -0.4574E-01
0.1649 -0.1089
169.0 0.1069E-01
0.1716 -0.7785E-01
0.1482 -0.1062
170.0 0.1103E-01
0.1583 -0.9490E-01
0.1322 -0.9993E-01
171.0 0.1145E-01
0.1428 -0.9813E-01
0.1172 -0.9044E-01
172.0 0.1188E-01
0.1269 -0.9083E-01
0.1033 -0.7856E-01
173.0 0.1230E-01
0.1111 -0.7682E-01
0.9000E-01 -0.6524E-01
174.0 0.1268E-01
0.9552E-01 -0.5953E-01
0.7701E-01 -0.5139E-01
175.0 0.1300E-01
0.8003E-01 -0.4171E-01
0.6411E-01 -0.3788E-01
176.0 0.1325E-01
0.6452E-01 -0.2541E-01
0.5125E-01 -0.2549E-01
177.0 0.1345E-01
0.4883E-01 -0.1194E-01
0.3842E-01 -0.1493E-01
178.0 0.1359E-01
0.3284E-01 -0.2059E-02
0.2562E-01 -0.6841E-02
179.0 0.1367E-01
0.1653E-01 0.3927E-02
0.1281E-01 -0.1743E-02
180.0 0.1369E-01
0.000 0.5926E-02
0.000 0.000
