0.000 0.5418
0.000 -0.1764
0.000 0.000
1.000 0.5405
-0.2143E-01 -0.1759
0.9914E-02 -0.4317E-03
2.000 0.5363
-0.4272E-01 -0.1745
0.1966E-01 -0.1700E-02
3.000 0.5294
-0.6370E-01 -0.1721
0.2906E-01 -0.3725E-02
4.000 0.5197
-0.8422E-01 -0.1688
0.3799E-01 -0.6381E-02
5.000 0.5071
-0.1041 -0.1646
0.4628E-01 -0.9505E-02
6.000 0.4917
-0.1232 -0.1595
0.5384E-01 -0.1290E-01
7.000 0.4735
-0.1414 -0.1535
0.6056E-01 -0.1637E-01
8.000 0.4525
-0.1583 -0.1467
0.6636E-01 -0.1968E-01
9.000 0.4290
-0.1739 -0.1390
0.7118E-01 -0.2262E-01
10.00 0.4030
-0.1878 -0.1306
0.7497E-01 -0.2499E-01
11.00 0.3751
-0.1998 -0.1215
0.7769E-01 -0.2659E-01
12.00 0.3455
-0.2095 -0.1118
0.7930E-01 -0.2725E-01
13.00 0.3147
-0.2168 -0.1015
0.7977E-01 -0.2684E-01
14.00 0.2833
-0.2211 -0.9088E-01
0.7906E-01 -0.2523E-01
15.00 0.2518
-0.2221 -0.8001E-01
0.7714E-01 -0.2237E-01
16.00 0.2208
-0.2194 -0.6922E-01
0.7398E-01 -0.1825E-01
17.00 0.1910
-0.2127 -0.5894E-01
0.6956E-01 -0.1297E-01
18.00 0.1628
-0.2018 -0.4983E-01
0.6391E-01 -0.6822E-02
19.00 0.1369
-0.1869 -0.4289E-01
0.5714E-01 -0.3384E-03
20.00 0.1136
-0.1689 -0.3960E-01
0.4955E-01 0.5473E-02
21.00 0.9338E-01
-0.1501 -0.4212E-01
0.4180E-01 0.8904E-02
22.00 0.7642E-01
-0.1353 -0.5332E-01
0.3512E-01 0.7260E-02
23.00 0.6289E-01
-0.1326 -0.7637E-01
0.3160E-01 -0.3165E-02
24.00 0.5285E-01
-0.1531 -0.1131
0.3406E-01 -0.2625E-01
25.00 0.4624E-01
-0.2072 -0.1613
0.4508E-01 -0.6352E-01
26.00 0.4290E-01
-0.2955 -0.2122
0.6485E-01 -0.1108
27.00 0.4260E-01
-0.4030 -0.2530
0.8965E-01 -0.1578
28.00 0.4502E-01
-0.5054 -0.2746
0.1135 -0.1938
29.00 0.4981E-01
-0.5841 -0.2765
0.1320 -0.2137
30.00 0.5655E-01
-0.6330 -0.2640
0.1435 -0.2188
31.00 0.6481E-01
-0.6551 -0.2437
0.1490 -0.2132
32.00 0.7412E-01
-0.6567 -0.2204
0.1502 -0.2009
33.00 0.8404E-01
-0.6437 -0.1970
0.1484 -0.1851
34.00 0.9413E-01
-0.6206 -0.1749
0.1449 -0.1676
35.00 0.1040
-0.5904 -0.1546
0.1404 -0.1496
36.00 0.1131
-0.5551 -0.1363
0.1355 -0.1316
37.00 0.1213
-0.5160 -0.1199
0.1305 -0.1141
38.00 0.1283
-0.4738 -0.1051
0.1257 -0.9708E-01
39.00 0.1338
-0.4292 -0.9168E-01
0.1210 -0.8075E-01
40.00 0.1376
-0.3824 -0.7934E-01
0.1167 -0.6506E-01
41.00 0.1397
-0.3336 -0.6782E-01
0.1127 -0.5002E-01
42.00 0.1401
-0.2829 -0.5687E-01
0.1091 -0.3560E-01
43.00 0.1388
-0.2303 -0.4627E-01
0.1058 -0.2180E-01
44.00 0.1359
-0.1760 -0.3580E-01
0.1027 -0.8633E-02
45.00 0.1317
-0.1202 -0.2528E-01
0.9979E-01 0.3860E-02
46.00 0.1264
-0.6290E-01 -0.1457E-01
0.9693E-01 0.1560E-01
47.00 0.1201
-0.4728E-02 -0.3599E-02
0.9394E-01 0.2644E-01
48.00 0.1133
0.5364E-01 0.7641E-02
0.9067E-01 0.3618E-01
49.00 0.1062
0.1111 0.1905E-01
0.8688E-01 0.4453E-01
50.00 0.9898E-01
0.1661 0.3038E-01
0.8235E-01 0.5112E-01
51.00 0.9201E-01
0.2165 0.4124E-01
0.7686E-01 0.5552E-01
52.00 0.8548E-01
0.2597 0.5105E-01
0.7022E-01 0.5725E-01
53.00 0.7957E-01
0.2927 0.5907E-01
0.6233E-01 0.5585E-01
54.00 0.7442E-01
0.3125 0.6446E-01
0.5323E-01 0.5101E-01
55.00 0.7011E-01
0.3165 0.6642E-01
0.4314E-01 0.4266E-01
56.00 0.6669E-01
0.3035 0.6432E-01
0.3249E-01 0.3107E-01
57.00 0.6413E-01
0.2739 0.5794E-01
0.2187E-01 0.1691E-01
58.00 0.6239E-01
0.2300 0.4748E-01
0.1195E-01 0.1174E-02
59.00 0.6138E-01
0.1757 0.3362E-01
0.3351E-02 -0.1500E-01
60.00 0.6099E-01
0.1156 0.1738E-01
-0.3460E-02 -0.3047E-01
61.00 0.6107E-01
0.5456E-01 -0.1332E-03
-0.8219E-02 -0.4433E-01
62.00 0.6149E-01
-0.3324E-02 -0.1784E-01
-0.1088E-01 -0.5593E-01
63.00 0.6210E-01
-0.5503E-01 -0.3485E-01
-0.1155E-01 -0.6495E-01
64.00 0.6278E-01
-0.9859E-01 -0.5053E-01
-0.1047E-01 -0.7129E-01
65.00 0.6339E-01
-0.1330 -0.6447E-01
-0.7897E-02 -0.7504E-01
66.00 0.6386E-01
-0.1579 -0.7642E-01
-0.4127E-02 -0.7639E-01
67.00 0.6410E-01
-0.1736 -0.8631E-01
0.5785E-03 -0.7556E-01
68.00 0.6407E-01
-0.1802 -0.9412E-01
0.5982E-02 -0.7279E-01
69.00 0.6374E-01
-0.1784 -0.9989E-01
0.1188E-01 -0.6828E-01
70.00 0.6313E-01
-0.1688 -0.1037
0.1807E-01 -0.6225E-01
71.00 0.6226E-01
-0.1519 -0.1057
0.2440E-01 -0.5487E-01
72.00 0.6118E-01
-0.1284 -0.1058
0.3071E-01 -0.4633E-01
73.00 0.5995E-01
-0.9909E-01 -0.1043
0.3684E-01 -0.3683E-01
74.00 0.5863E-01
-0.6474E-01 -0.1012
0.4266E-01 -0.2661E-01
75.00 0.5731E-01
-0.2641E-01 -0.9679E-01
0.4802E-01 -0.1592E-01
76.00 0.5604E-01
0.1467E-01 -0.9116E-01
0.5280E-01 -0.5098E-02
77.00 0.5491E-01
0.5706E-01 -0.8460E-01
0.5689E-01 0.5506E-02
78.00 0.5396E-01
0.9919E-01 -0.7741E-01
0.6023E-01 0.1550E-01
79.00 0.5326E-01
0.1394 -0.6991E-01
0.6280E-01 0.2448E-01
80.00 0.5282E-01
0.1762 -0.6245E-01
0.6461E-01 0.3210E-01
81.00 0.5268E-01
0.2082 -0.5536E-01
0.6577E-01 0.3806E-01
82.00 0.5284E-01
0.2345 -0.4893E-01
0.6637E-01 0.4218E-01
83.00 0.5329E-01
0.2547 -0.4335E-01
0.6659E-01 0.4440E-01
84.00 0.5402E-01
0.2686 -0.3877E-01
0.6656E-01 0.4478E-01
85.00 0.5499E-01
0.2768 -0.3521E-01
0.6644E-01 0.4347E-01
86.00 0.5618E-01
0.2800 -0.3264E-01
0.6635E-01 0.4070E-01
87.00 0.5754E-01
0.2791 -0.3099E-01
0.6636E-01 0.3673E-01
88.00 0.5902E-01
0.2750 -0.3011E-01
0.6651E-01 0.3184E-01
89.00 0.6058E-01
0.2689 -0.2990E-01
0.6682E-01 0.2628E-01
90.00 0.6217E-01
0.2616 -0.3020E-01
0.6725E-01 0.2029E-01
91.00 0.6375E-01
0.2538 -0.3092E-01
0.6777E-01 0.1404E-01
92.00 0.6526E-01
0.2462 -0.3194E-01
0.6831E-01 0.7684E-02
93.00 0.6668E-01
0.2394 -0.3320E-01
0.6880E-01 0.1339E-02
94.00 0.6796E-01
0.2336 -0.3463E-01
0.6918E-01 -0.4920E-02
95.00 0.6908E-01
0.2292 -0.3621E-01
0.6938E-01 -0.1104E-01
96.00 0.7001E-01
0.2263 -0.3790E-01
0.6933E-01 -0.1700E-01
97.00 0.7071E-01
0.2251 -0.3970E-01
0.6900E-01 -0.2279E-01
98.00 0.7118E-01
0.2256 -0.4161E-01
0.6834E-01 -0.2841E-01
99.00 0.7138E-01
0.2278 -0.4362E-01
0.6732E-01 -0.3388E-01
100.0 0.7131E-01
0.2317 -0.4575E-01
0.6594E-01 -0.3924E-01
101.0 0.7094E-01
0.2372 -0.4801E-01
0.6418E-01 -0.4450E-01
102.0 0.7028E-01
0.2443 -0.5039E-01
0.6206E-01 -0.4970E-01
103.0 0.6931E-01
0.2527 -0.5290E-01
0.5958E-01 -0.5489E-01
104.0 0.6802E-01
0.2625 -0.5555E-01
0.5677E-01 -0.6011E-01
105.0 0.6642E-01
0.2735 -0.5833E-01
0.5364E-01 -0.6538E-01
106.0 0.6452E-01
0.2854 -0.6125E-01
0.5023E-01 -0.7075E-01
107.0 0.6232E-01
0.2982 -0.6430E-01
0.4655E-01 -0.7624E-01
108.0 0.5983E-01
0.3117 -0.6747E-01
0.4262E-01 -0.8188E-01
109.0 0.5709E-01
0.3257 -0.7077E-01
0.3848E-01 -0.8767E-01
110.0 0.5411E-01
0.3399 -0.7419E-01
0.3412E-01 -0.9362E-01
111.0 0.5094E-01
0.3542 -0.7774E-01
0.2958E-01 -0.9970E-01
112.0 0.4761E-01
0.3684 -0.8144E-01
0.2485E-01 -0.1059
113.0 0.4417E-01
0.3821 -0.8530E-01
0.1995E-01 -0.1121
114.0 0.4067E-01
0.3949 -0.8936E-01
0.1492E-01 -0.1183
115.0 0.3716E-01
0.4065 -0.9366E-01
0.9782E-02 -0.1242
116.0 0.3369E-01
0.4164 -0.9826E-01
0.4613E-02 -0.1298
117.0 0.3032E-01
0.4240 -0.1033
-0.4730E-03 -0.1346
118.0 0.2710E-01
0.4286 -0.1087
-0.5285E-02 -0.1383
119.0 0.2408E-01
0.4294 -0.1148
-0.9526E-02 -0.1405
120.0 0.2129E-01
0.4256 -0.1216
-0.1275E-01 -0.1404
121.0 0.1878E-01
0.4164 -0.1292
-0.1433E-01 -0.1375
122.0 0.1658E-01
0.4014 -0.1376
-0.1344E-01 -0.1308
123.0 0.1471E-01
0.3806 -0.1467
-0.9061E-02 -0.1199
124.0 0.1318E-01
0.3551 -0.1560
-0.2022E-03 -0.1045
125.0 0.1199E-01
0.3273 -0.1651
0.1385E-01 -0.8504E-01
126.0 0.1115E-01
0.3011 -0.1728
0.3312E-01 -0.6313E-01
127.0 0.1065E-01
0.2808 -0.1784
0.5656E-01 -0.4120E-01
128.0 0.1046E-01
0.2704 -0.1809
0.8213E-01 -0.2213E-01
129.0 0.1056E-01
0.2718 -0.1800
0.1072 -0.8335E-02
130.0 0.1094E-01
0.2842 -0.1761
0.1295 -0.1076E-02
131.0 0.1156E-01
0.3052 -0.1699
0.1473 -0.2837E-03
132.0 0.1240E-01
0.3313 -0.1620
0.1600 -0.4894E-02
133.0 0.1342E-01
0.3589 -0.1534
0.1677 -0.1338E-01
134.0 0.1459E-01
0.3854 -0.1445
0.1709 -0.2420E-01
135.0 0.1590E-01
0.4088 -0.1359
0.1704 -0.3605E-01
136.0 0.1731E-01
0.4278 -0.1279
0.1669 -0.4792E-01
137.0 0.1880E-01
0.4420 -0.1206
0.1610 -0.5911E-01
138.0 0.2035E-01
0.4510 -0.1141
0.1533 -0.6918E-01
139.0 0.2193E-01
0.4551 -0.1085
0.1441 -0.7786E-01
140.0 0.2352E-01
0.4545 -0.1039
0.1340 -0.8505E-01
141.0 0.2510E-01
0.4498 -0.1002
0.1232 -0.9076E-01
142.0 0.2666E-01
0.4415 -0.9759E-01
0.1119 -0.9507E-01
143.0 0.2816E-01
0.4302 -0.9598E-01
0.1005 -0.9814E-01
144.0 0.2959E-01
0.4166 -0.9539E-01
0.8899E-01 -0.1002
145.0 0.3091E-01
0.4012 -0.9584E-01
0.7763E-01 -0.1014
146.0 0.3210E-01
0.3848 -0.9733E-01
0.6654E-01 -0.1021
147.0 0.3314E-01
0.3679 -0.9987E-01
0.5579E-01 -0.1026
148.0 0.3400E-01
0.3511 -0.1035
0.4545E-01 -0.1030
149.0 0.3465E-01
0.3347 -0.1081
0.3555E-01 -0.1036
150.0 0.3508E-01
0.3191 -0.1139
0.2611E-01 -0.1047
151.0 0.3527E-01
0.3047 -0.1207
0.1712E-01 -0.1066
152.0 0.3520E-01
0.2916 -0.1288
0.8537E-02 -0.1093
153.0 0.3489E-01
0.2801 -0.1382
0.3330E-03 -0.1132
154.0 0.3433E-01
0.2703 -0.1490
-0.7548E-02 -0.1184
155.0 0.3354E-01
0.2620 -0.1612
-0.1516E-01 -0.1249
156.0 0.3256E-01
0.2554 -0.1749
-0.2255E-01 -0.1329
157.0 0.3142E-01
0.2502 -0.1903
-0.2976E-01 -0.1424
158.0 0.3017E-01
0.2462 -0.2074
-0.3681E-01 -0.1531
159.0 0.2885E-01
0.2430 -0.2260
-0.4366E-01 -0.1648
160.0 0.2754E-01
0.2402 -0.2460
-0.5025E-01 -0.1770
161.0 0.2629E-01
0.2371 -0.2668
-0.5642E-01 -0.1890
162.0 0.2516E-01
0.2329 -0.2878
-0.6195E-01 -0.1996
163.0 0.2422E-01
0.2269 -0.3078
-0.6657E-01 -0.2077
164.0 0.2350E-01
0.2183 -0.3257
-0.6995E-01 -0.2119
165.0 0.2306E-01
0.2068 -0.3400
-0.7178E-01 -0.2112
166.0 0.2292E-01
0.1922 -0.3498
-0.7187E-01 -0.2047
167.0 0.2310E-01
0.1750 -0.3543
-0.7017E-01 -0.1927
168.0 0.2359E-01
0.1559 -0.3536
-0.6684E-01 -0.1757
169.0 0.2437E-01
0.1360 -0.3482
-0.6218E-01 -0.1550
170.0 0.2542E-01
0.1163 -0.3392
-0.5658E-01 -0.1325
171.0 0.2668E-01
0.9757E-01 -0.3279
-0.5042E-01 -0.1094
172.0 0.2810E-01
0.8049E-01 -0.3156
-0.4406E-01 -0.8730E-01
173.0 0.2960E-01
0.6528E-01 -0.3033
-0.3773E-01 -0.6698E-01
174.0 0.3111E-01
0.5198E-01 -0.2917
-0.3160E-01 -0.4908E-01
175.0 0.3255E-01
0.4045E-01 -0.2814
-0.2574E-01 -0.3390E-01
176.0 0.3385E-01
0.3048E-01 -0.2727
-0.2017E-01 -0.2155E-01
177.0 0.3493E-01
0.2175E-01 -0.2658
-0.1487E-01 -0.1205E-01
178.0 0.3575E-01
0.1398E-01 -0.2608
-0.9789E-02 -0.5327E-02
179.0 0.3626E-01
0.6833E-02 -0.2579
-0.4856E-02 -0.1327E-02
180.0 0.3644E-01
0.000 -0.2569
0.000 0.000
