0.000 0.6966E-02
0.000 -0.2744
0.000 0.000
1.000 0.6944E-02
0.1143 -0.2672
-0.6545E-02 0.3330E-02
2.000 0.6881E-02
0.2067 -0.2456
-0.1770E-01 0.1259E-01
3.000 0.6786E-02
0.2601 -0.2095
-0.3691E-01 0.2567E-01
4.000 0.6674E-02
0.2654 -0.1595
-0.6551E-01 0.3928E-01
5.000 0.6574E-02
0.2236 -0.9775E-01
-0.1019 0.4935E-01
6.000 0.6519E-02
0.1448 -0.2892E-01
-0.1416 0.5170E-01
7.000 0.6543E-02
0.4652E-01 0.3963E-01
-0.1779 0.4326E-01
8.000 0.6669E-02
-0.5087E-01 0.9934E-01
-0.2040 0.2338E-01
9.000 0.6898E-02
-0.1301 0.1435
-0.2158 -0.5554E-02
10.00 0.7205E-02
-0.1814 0.1696
-0.2133 -0.3905E-01
11.00 0.7539E-02
-0.2026 0.1800
-0.1996 -0.7233E-01
12.00 0.7838E-02
-0.1965 0.1795
-0.1789 -0.1018
13.00 0.8041E-02
-0.1673 0.1732
-0.1547 -0.1254
14.00 0.8108E-02
-0.1186 0.1653
-0.1294 -0.1424
15.00 0.8025E-02
-0.5340E-01 0.1587
-0.1041 -0.1526
16.00 0.7807E-02
0.2507E-01 0.1548
-0.7955E-01 -0.1564
17.00 0.7489E-02
0.1124 0.1540
-0.5616E-01 -0.1541
18.00 0.7117E-02
0.2021 0.1552
-0.3451E-01 -0.1466
19.00 0.6734E-02
0.2849 0.1566
-0.1543E-01 -0.1349
20.00 0.6376E-02
0.3505 0.1558
0.2416E-03 -0.1207
21.00 0.6058E-02
0.3899 0.1509
0.1193E-01 -0.1059
22.00 0.5777E-02
0.3989 0.1410
0.1965E-01 -0.9200E-01
23.00 0.5513E-02
0.3795 0.1268
0.2409E-01 -0.8003E-01
24.00 0.5233E-02
0.3392 0.1105
0.2636E-01 -0.7006E-01
25.00 0.4902E-02
0.2880 0.9495E-01
0.2757E-01 -0.6143E-01
26.00 0.4499E-02
0.2356 0.8285E-01
0.2856E-01 -0.5302E-01
27.00 0.4018E-02
0.1895 0.7674E-01
0.2972E-01 -0.4369E-01
28.00 0.3477E-02
0.1545 0.7890E-01
0.3100E-01 -0.3245E-01
29.00 0.2911E-02
0.1340 0.9157E-01
0.3197E-01 -0.1862E-01
30.00 0.2363E-02
0.1295 0.1170
0.3189E-01 -0.1921E-02
31.00 0.1869E-02
0.1415 0.1571
0.2992E-01 0.1740E-01
32.00 0.1457E-02
0.1684 0.2116
0.2550E-01 0.3852E-01
33.00 0.1134E-02
0.2050 0.2763
0.1906E-01 0.6003E-01
34.00 0.8982E-03
0.2415 0.3403
0.1265E-01 0.8043E-01
35.00 0.7344E-03
0.2652 0.3882
0.9657E-02 0.9872E-01
36.00 0.6262E-03
0.2657 0.4063
0.1319E-01 0.1149
37.00 0.5570E-03
0.2414 0.3911
0.2397E-01 0.1294
38.00 0.5132E-03
0.2001 0.3514
0.3999E-01 0.1424
39.00 0.4841E-03
0.1544 0.3022
0.5804E-01 0.1536
40.00 0.4621E-03
0.1158 0.2581
0.7535E-01 0.1628
41.00 0.4420E-03
0.9164E-01 0.2293
0.9009E-01 0.1700
42.00 0.4207E-03
0.8455E-01 0.2203
0.1010 0.1757
43.00 0.3973E-03
0.9347E-01 0.2316
0.1070 0.1805
44.00 0.3719E-03
0.1149 0.2598
0.1068 0.1850
45.00 0.3459E-03
0.1439 0.2985
0.9962E-01 0.1894
46.00 0.3205E-03
0.1752 0.3398
0.8543E-01 0.1942
47.00 0.2967E-03
0.2045 0.3753
0.6571E-01 0.1996
48.00 0.2755E-03
0.2285 0.3985
0.4327E-01 0.2058
49.00 0.2571E-03
0.2450 0.4063
0.2156E-01 0.2127
50.00 0.2417E-03
0.2531 0.3990
0.3669E-02 0.2198
51.00 0.2292E-03
0.2520 0.3799
-0.8642E-02 0.2258
52.00 0.2192E-03
0.2418 0.3533
-0.1525E-01 0.2298
53.00 0.2111E-03
0.2237 0.3236
-0.1738E-01 0.2312
54.00 0.2043E-03
0.2001 0.2936
-0.1682E-01 0.2302
55.00 0.1979E-03
0.1739 0.2654
-0.1517E-01 0.2276
56.00 0.1914E-03
0.1480 0.2399
-0.1347E-01 0.2246
57.00 0.1843E-03
0.1246 0.2178
-0.1217E-01 0.2222
58.00 0.1764E-03
0.1045 0.1993
-0.1137E-01 0.2210
59.00 0.1676E-03
0.8796E-01 0.1847
-0.1105E-01 0.2213
60.00 0.1579E-03
0.7476E-01 0.1735
-0.1118E-01 0.2236
61.00 0.1473E-03
0.6497E-01 0.1652
-0.1181E-01 0.2281
62.00 0.1358E-03
0.5890E-01 0.1591
-0.1307E-01 0.2352
63.00 0.1239E-03
0.5668E-01 0.1544
-0.1517E-01 0.2450
64.00 0.1119E-03
0.5749E-01 0.1502
-0.1840E-01 0.2567
65.00 0.1006E-03
0.5895E-01 0.1457
-0.2314E-01 0.2685
66.00 0.9047E-04
0.5702E-01 0.1398
-0.2971E-01 0.2773
67.00 0.8198E-04
0.4718E-01 0.1316
-0.3817E-01 0.2797
68.00 0.7516E-04
0.2653E-01 0.1204
-0.4806E-01 0.2734
69.00 0.6977E-04
-0.4326E-02 0.1061
-0.5849E-01 0.2584
70.00 0.6538E-04
-0.4137E-01 0.8958E-01
-0.6842E-01 0.2376
71.00 0.6151E-04
-0.7914E-01 0.7231E-01
-0.7712E-01 0.2144
72.00 0.5781E-04
-0.1130 0.5595E-01
-0.8433E-01 0.1923
73.00 0.5413E-04
-0.1404 0.4199E-01
-0.9023E-01 0.1730
74.00 0.5045E-04
-0.1608 0.3150E-01
-0.9520E-01 0.1568
75.00 0.4684E-04
-0.1749 0.2507E-01
-0.9966E-01 0.1432
76.00 0.4336E-04
-0.1843 0.2281E-01
-0.1040 0.1314
77.00 0.3998E-04
-0.1899 0.2451E-01
-0.1084 0.1214
78.00 0.3664E-04
-0.1921 0.2987E-01
-0.1132 0.1135
79.00 0.3328E-04
-0.1908 0.3869E-01
-0.1186 0.1085
80.00 0.2991E-04
-0.1860 0.5089E-01
-0.1249 0.1062
81.00 0.2664E-04
-0.1790 0.6629E-01
-0.1321 0.1056
82.00 0.2360E-04
-0.1724 0.8430E-01
-0.1402 0.1045
83.00 0.2093E-04
-0.1698 0.1038
-0.1488 0.9997E-01
84.00 0.1868E-04
-0.1741 0.1232
-0.1572 0.8968E-01
85.00 0.1681E-04
-0.1859 0.1416
-0.1646 0.7332E-01
86.00 0.1524E-04
-0.2024 0.1589
-0.1704 0.5286E-01
87.00 0.1386E-04
-0.2194 0.1762
-0.1744 0.3167E-01
88.00 0.1259E-04
-0.2330 0.1949
-0.1768 0.1293E-01
89.00 0.1138E-04
-0.2413 0.2162
-0.1779 -0.1569E-02
90.00 0.1021E-04
-0.2445 0.2401
-0.1781 -0.1182E-01
91.00 0.9090E-05
-0.2445 0.2655
-0.1777 -0.1949E-01
92.00 0.8047E-05
-0.2432 0.2899
-0.1770 -0.2721E-01
93.00 0.7091E-05
-0.2424 0.3107
-0.1757 -0.3767E-01
94.00 0.6227E-05
-0.2425 0.3259
-0.1738 -0.5264E-01
95.00 0.5451E-05
-0.2419 0.3346
-0.1708 -0.7242E-01
96.00 0.4765E-05
-0.2374 0.3370
-0.1660 -0.9592E-01
97.00 0.4178E-05
-0.2237 0.3333
-0.1586 -0.1210
98.00 0.3706E-05
-0.1960 0.3236
-0.1478 -0.1447
99.00 0.3356E-05
-0.1523 0.3083
-0.1340 -0.1634
100.0 0.3122E-05
-0.9515E-01 0.2894
-0.1189 -0.1736
101.0 0.2983E-05
-0.3088E-01 0.2699
-0.1057 -0.1733
102.0 0.2909E-05
0.3450E-01 0.2525
-0.9697E-01 -0.1633
103.0 0.2873E-05
0.9728E-01 0.2374
-0.9358E-01 -0.1467
104.0 0.2855E-05
0.1557 0.2226
-0.9502E-01 -0.1285
105.0 0.2841E-05
0.2090 0.2045
-0.9987E-01 -0.1134
106.0 0.2820E-05
0.2575 0.1797
-0.1065 -0.1056
107.0 0.2785E-05
0.3025 0.1457
-0.1136 -0.1073
108.0 0.2735E-05
0.3460 0.1012
-0.1196 -0.1193
109.0 0.2676E-05
0.3893 0.4698E-01
-0.1233 -0.1405
110.0 0.2622E-05
0.4315 -0.1373E-01
-0.1233 -0.1685
111.0 0.2583E-05
0.4703 -0.7553E-01
-0.1191 -0.1991
112.0 0.2565E-05
0.5027 -0.1321
-0.1107 -0.2271
113.0 0.2565E-05
0.5269 -0.1782
-0.9921E-01 -0.2480
114.0 0.2579E-05
0.5415 -0.2107
-0.8587E-01 -0.2591
115.0 0.2601E-05
0.5447 -0.2284
-0.7196E-01 -0.2598
116.0 0.2623E-05
0.5349 -0.2313
-0.5870E-01 -0.2514
117.0 0.2633E-05
0.5122 -0.2205
-0.4731E-01 -0.2357
118.0 0.2617E-05
0.4788 -0.1976
-0.3900E-01 -0.2145
119.0 0.2567E-05
0.4388 -0.1650
-0.3475E-01 -0.1888
120.0 0.2485E-05
0.3964 -0.1263
-0.3497E-01 -0.1593
121.0 0.2386E-05
0.3545 -0.8628E-01
-0.3904E-01 -0.1269
122.0 0.2289E-05
0.3140 -0.5179E-01
-0.4482E-01 -0.9369E-01
123.0 0.2212E-05
0.2745 -0.2978E-01
-0.4863E-01 -0.6293E-01
124.0 0.2164E-05
0.2352 -0.2469E-01
-0.4625E-01 -0.3856E-01
125.0 0.2150E-05
0.1964 -0.3616E-01
-0.3459E-01 -0.2407E-01
126.0 0.2167E-05
0.1589 -0.5927E-01
-0.1300E-01 -0.2165E-01
127.0 0.2213E-05
0.1242 -0.8682E-01
0.1645E-01 -0.3170E-01
128.0 0.2280E-05
0.9307E-01 -0.1122
0.5000E-01 -0.5277E-01
129.0 0.2358E-05
0.6595E-01 -0.1314
0.8374E-01 -0.8206E-01
130.0 0.2431E-05
0.4321E-01 -0.1423
0.1147 -0.1164
131.0 0.2490E-05
0.2555E-01 -0.1444
0.1409 -0.1531
132.0 0.2523E-05
0.1391E-01 -0.1372
0.1609 -0.1896
133.0 0.2526E-05
0.9355E-02 -0.1198
0.1736 -0.2235
134.0 0.2489E-05
0.1311E-01 -0.9201E-01
0.1783 -0.2521
135.0 0.2406E-05
0.2699E-01 -0.5452E-01
0.1746 -0.2728
136.0 0.2275E-05
0.5377E-01 -0.9532E-02
0.1629 -0.2832
137.0 0.2104E-05
0.9649E-01 0.3857E-01
0.1443 -0.2815
138.0 0.1918E-05
0.1561 0.8229E-01
0.1209 -0.2672
139.0 0.1747E-05
0.2272 0.1108
0.9685E-01 -0.2420
140.0 0.1620E-05
0.2950 0.1127
0.7877E-01 -0.2120
141.0 0.1556E-05
0.3396 0.8356E-01
0.7318E-01 -0.1872
142.0 0.1560E-05
0.3477 0.3100E-01
0.8214E-01 -0.1769
143.0 0.1634E-05
0.3224 -0.2810E-01
0.1011 -0.1849
144.0 0.1771E-05
0.2794 -0.7763E-01
0.1216 -0.2074
145.0 0.1960E-05
0.2367 -0.1094
0.1369 -0.2373
146.0 0.2186E-05
0.2063 -0.1233
0.1436 -0.2676
147.0 0.2427E-05
0.1932 -0.1238
0.1418 -0.2941
148.0 0.2659E-05
0.1979 -0.1161
0.1327 -0.3151
149.0 0.2860E-05
0.2183 -0.1045
0.1178 -0.3302
150.0 0.3013E-05
0.2509 -0.9210E-01
0.9799E-01 -0.3396
151.0 0.3102E-05
0.2921 -0.8079E-01
0.7401E-01 -0.3434
152.0 0.3116E-05
0.3389 -0.7179E-01
0.4666E-01 -0.3417
153.0 0.3047E-05
0.3893 -0.6571E-01
0.1661E-01 -0.3342
154.0 0.2900E-05
0.4412 -0.6271E-01
-0.1559E-01 -0.3204
155.0 0.2697E-05
0.4904 -0.6228E-01
-0.4938E-01 -0.3000
156.0 0.2477E-05
0.5265 -0.6297E-01
-0.8398E-01 -0.2734
157.0 0.2287E-05
0.5315 -0.6215E-01
-0.1181 -0.2427
158.0 0.2170E-05
0.4858 -0.5733E-01
-0.1497 -0.2133
159.0 0.2167E-05
0.3836 -0.4902E-01
-0.1764 -0.1926
160.0 0.2306E-05
0.2473 -0.4264E-01
-0.1958 -0.1860
161.0 0.2610E-05
0.1181 -0.4515E-01
-0.2063 -0.1931
162.0 0.3084E-05
0.2829E-01 -0.5921E-01
-0.2079 -0.2079
163.0 0.3712E-05
-0.1337E-01 -0.8211E-01
-0.2024 -0.2241
164.0 0.4458E-05
-0.1438E-01 -0.1090
-0.1916 -0.2377
165.0 0.5272E-05
0.1366E-01 -0.1358
-0.1772 -0.2475
166.0 0.6097E-05
0.6092E-01 -0.1600
-0.1605 -0.2536
167.0 0.6880E-05
0.1201 -0.1801
-0.1420 -0.2565
168.0 0.7572E-05
0.1857 -0.1953
-0.1223 -0.2565
169.0 0.8126E-05
0.2540 -0.2049
-0.1019 -0.2536
170.0 0.8500E-05
0.3224 -0.2081
-0.8117E-01 -0.2476
171.0 0.8662E-05
0.3896 -0.2038
-0.6027E-01 -0.2379
172.0 0.8605E-05
0.4540 -0.1903
-0.3945E-01 -0.2238
173.0 0.8347E-05
0.5126 -0.1659
-0.1911E-01 -0.2045
174.0 0.7931E-05
0.5593 -0.1288
-0.5799E-04 -0.1794
175.0 0.7409E-05
0.5843 -0.7786E-01
0.1632E-01 -0.1486
176.0 0.6843E-05
0.5749 -0.1415E-01
0.2810E-01 -0.1128
177.0 0.6296E-05
0.5168 0.5787E-01
0.3314E-01 -0.7420E-01
178.0 0.5834E-05
0.3982 0.1283
0.2968E-01 -0.3759E-01
179.0 0.5523E-05
0.2190 0.1818
0.1766E-01 -0.1027E-01
180.0 0.5413E-05
0.000 0.2020
0.000 0.000
