0.000 1.930
0.000 -0.2047
0.000 0.000
1.000 1.921
0.2416E-01 -0.1993
-0.2165E-01 0.8652E-03
2.000 1.900
0.4600E-01 -0.1823
-0.4487E-01 0.3135E-02
3.000 1.876
0.6379E-01 -0.1527
-0.7053E-01 0.5781E-02
4.000 1.866
0.7676E-01 -0.1098
-0.9811E-01 0.7053E-02
5.000 1.888
0.8512E-01 -0.5527E-01
-0.1252 0.4839E-02
6.000 1.960
0.8983E-01 0.5236E-02
-0.1481 -0.2368E-02
7.000 2.092
0.9208E-01 0.6343E-01
-0.1637 -0.1441E-01
8.000 2.282
0.9284E-01 0.1121
-0.1712 -0.2938E-01
9.000 2.519
0.9285E-01 0.1483
-0.1722 -0.4467E-01
10.00 2.783
0.9272E-01 0.1730
-0.1694 -0.5815E-01
11.00 3.054
0.9307E-01 0.1895
-0.1649 -0.6861E-01
12.00 3.313
0.9457E-01 0.2015
-0.1601 -0.7566E-01
13.00 3.545
0.9778E-01 0.2118
-0.1554 -0.7946E-01
14.00 3.734
0.1031 0.2225
-0.1506 -0.8056E-01
15.00 3.868
0.1107 0.2346
-0.1453 -0.7968E-01
16.00 3.931
0.1207 0.2482
-0.1387 -0.7763E-01
17.00 3.909
0.1330 0.2631
-0.1305 -0.7519E-01
18.00 3.798
0.1478 0.2785
-0.1201 -0.7301E-01
19.00 3.602
0.1651 0.2933
-0.1069 -0.7157E-01
20.00 3.337
0.1853 0.3064
-0.9054E-01 -0.7114E-01
21.00 3.028
0.2085 0.3165
-0.7053E-01 -0.7170E-01
22.00 2.701
0.2349 0.3223
-0.4675E-01 -0.7281E-01
23.00 2.380
0.2638 0.3232
-0.1943E-01 -0.7348E-01
24.00 2.080
0.2945 0.3193
0.1067E-01 -0.7219E-01
25.00 1.810
0.3253 0.3118
0.4236E-01 -0.6707E-01
26.00 1.574
0.3538 0.3029
0.7420E-01 -0.5627E-01
27.00 1.370
0.3769 0.2951
0.1047 -0.3852E-01
28.00 1.197
0.3906 0.2905
0.1323 -0.1352E-01
29.00 1.052
0.3904 0.2900
0.1558 0.1765E-01
30.00 0.9326
0.3725 0.2932
0.1737 0.5257E-01
31.00 0.8374
0.3351 0.2984
0.1852 0.8785E-01
32.00 0.7630
0.2803 0.3037
0.1900 0.1200
33.00 0.7056
0.2136 0.3075
0.1889 0.1465
34.00 0.6613
0.1434 0.3089
0.1834 0.1666
35.00 0.6265
0.7809E-01 0.3083
0.1751 0.1811
36.00 0.5980
0.2406E-01 0.3064
0.1658 0.1919
37.00 0.5737
-0.1478E-01 0.3043
0.1565 0.2011
38.00 0.5521
-0.3706E-01 0.3030
0.1477 0.2105
39.00 0.5323
-0.4330E-01 0.3033
0.1395 0.2213
40.00 0.5136
-0.3523E-01 0.3058
0.1319 0.2341
41.00 0.4958
-0.1538E-01 0.3112
0.1246 0.2489
42.00 0.4787
0.1316E-01 0.3196
0.1174 0.2652
43.00 0.4625
0.4680E-01 0.3306
0.1100 0.2816
44.00 0.4473
0.8151E-01 0.3434
0.1025 0.2968
45.00 0.4334
0.1132 0.3563
0.9500E-01 0.3090
46.00 0.4205
0.1385 0.3678
0.8774E-01 0.3172
47.00 0.4081
0.1552 0.3765
0.8131E-01 0.3207
48.00 0.3954
0.1630 0.3817
0.7628E-01 0.3201
49.00 0.3815
0.1631 0.3835
0.7312E-01 0.3163
50.00 0.3656
0.1574 0.3825
0.7210E-01 0.3109
51.00 0.3476
0.1483 0.3794
0.7329E-01 0.3050
52.00 0.3275
0.1379 0.3750
0.7653E-01 0.3000
53.00 0.3058
0.1274 0.3697
0.8153E-01 0.2964
54.00 0.2832
0.1179 0.3635
0.8794E-01 0.2947
55.00 0.2605
0.1097 0.3562
0.9537E-01 0.2949
56.00 0.2383
0.1034 0.3473
0.1034 0.2971
57.00 0.2171
0.9901E-01 0.3364
0.1118 0.3012
58.00 0.1971
0.9690E-01 0.3231
0.1200 0.3071
59.00 0.1788
0.9698E-01 0.3069
0.1276 0.3147
60.00 0.1623
0.9875E-01 0.2874
0.1341 0.3234
61.00 0.1478
0.1012 0.2644
0.1391 0.3325
62.00 0.1353
0.1030 0.2380
0.1424 0.3407
63.00 0.1247
0.1029 0.2089
0.1440 0.3472
64.00 0.1158
0.1003 0.1782
0.1444 0.3513
65.00 0.1081
0.9533E-01 0.1475
0.1441 0.3529
66.00 0.1014
0.8879E-01 0.1180
0.1438 0.3528
67.00 0.9530E-01
0.8178E-01 0.9073E-01
0.1439 0.3517
68.00 0.8966E-01
0.7521E-01 0.6642E-01
0.1446 0.3503
69.00 0.8433E-01
0.6961E-01 0.4526E-01
0.1459 0.3492
70.00 0.7923E-01
0.6513E-01 0.2724E-01
0.1477 0.3484
71.00 0.7431E-01
0.6181E-01 0.1217E-01
0.1502 0.3479
72.00 0.6955E-01
0.5973E-01 -0.1900E-03
0.1534 0.3474
73.00 0.6490E-01
0.5918E-01 -0.1012E-01
0.1573 0.3465
74.00 0.6038E-01
0.6054E-01 -0.1793E-01
0.1619 0.3450
75.00 0.5598E-01
0.6409E-01 -0.2405E-01
0.1668 0.3428
76.00 0.5176E-01
0.6977E-01 -0.2897E-01
0.1714 0.3399
77.00 0.4776E-01
0.7706E-01 -0.3330E-01
0.1754 0.3360
78.00 0.4402E-01
0.8506E-01 -0.3763E-01
0.1783 0.3310
79.00 0.4054E-01
0.9274E-01 -0.4240E-01
0.1800 0.3250
80.00 0.3730E-01
0.9931E-01 -0.4785E-01
0.1807 0.3180
81.00 0.3425E-01
0.1045 -0.5395E-01
0.1810 0.3103
82.00 0.3136E-01
0.1083 -0.6049E-01
0.1811 0.3022
83.00 0.2858E-01
0.1115 -0.6715E-01
0.1814 0.2944
84.00 0.2590E-01
0.1144 -0.7368E-01
0.1819 0.2871
85.00 0.2333E-01
0.1173 -0.8003E-01
0.1821 0.2808
86.00 0.2089E-01
0.1201 -0.8640E-01
0.1817 0.2755
87.00 0.1858E-01
0.1224 -0.9325E-01
0.1803 0.2710
88.00 0.1643E-01
0.1236 -0.1012
0.1777 0.2670
89.00 0.1444E-01
0.1230 -0.1110
0.1740 0.2628
90.00 0.1261E-01
0.1202 -0.1231
0.1694 0.2574
91.00 0.1097E-01
0.1146 -0.1378
0.1643 0.2500
92.00 0.9506E-02
0.1061 -0.1549
0.1594 0.2395
93.00 0.8238E-02
0.9427E-01 -0.1735
0.1550 0.2255
94.00 0.7162E-02
0.7887E-01 -0.1924
0.1517 0.2078
95.00 0.6274E-02
0.5978E-01 -0.2094
0.1499 0.1872
96.00 0.5559E-02
0.3722E-01 -0.2219
0.1501 0.1649
97.00 0.4995E-02
0.1196E-01 -0.2276
0.1524 0.1431
98.00 0.4553E-02
-0.1476E-01 -0.2250
0.1569 0.1238
99.00 0.4202E-02
-0.4148E-01 -0.2140
0.1629 0.1089
100.0 0.3915E-02
-0.6695E-01 -0.1960
0.1697 0.9877E-01
101.0 0.3672E-02
-0.9035E-01 -0.1732
0.1760 0.9303E-01
102.0 0.3459E-02
-0.1113 -0.1482
0.1801 0.9032E-01
103.0 0.3268E-02
-0.1299 -0.1235
0.1807 0.8891E-01
104.0 0.3096E-02
-0.1462 -0.1018
0.1768 0.8713E-01
105.0 0.2938E-02
-0.1602 -0.8485E-01
0.1685 0.8365E-01
106.0 0.2790E-02
-0.1714 -0.7295E-01
0.1565 0.7777E-01
107.0 0.2650E-02
-0.1792 -0.6489E-01
0.1423 0.6943E-01
108.0 0.2512E-02
-0.1824 -0.5785E-01
0.1275 0.5923E-01
109.0 0.2374E-02
-0.1803 -0.4813E-01
0.1134 0.4833E-01
110.0 0.2234E-02
-0.1725 -0.3198E-01
0.1008 0.3818E-01
111.0 0.2090E-02
-0.1596 -0.6528E-02
0.8957E-01 0.3022E-01
112.0 0.1946E-02
-0.1431 0.2962E-01
0.7917E-01 0.2566E-01
113.0 0.1807E-02
-0.1253 0.7572E-01
0.6902E-01 0.2534E-01
114.0 0.1679E-02
-0.1086 0.1286
0.5904E-01 0.2968E-01
115.0 0.1566E-02
-0.9456E-01 0.1829
0.5016E-01 0.3848E-01
116.0 0.1471E-02
-0.8312E-01 0.2322
0.4426E-01 0.5081E-01
117.0 0.1396E-02
-0.7180E-01 0.2705
0.4369E-01 0.6477E-01
118.0 0.1346E-02
-0.5653E-01 0.2937
0.5020E-01 0.7763E-01
119.0 0.1325E-02
-0.3347E-01 0.3006
0.6372E-01 0.8635E-01
120.0 0.1338E-02
-0.1362E-02 0.2937
0.8174E-01 0.8892E-01
121.0 0.1387E-02
0.3733E-01 0.2786
0.1000 0.8554E-01
122.0 0.1469E-02
0.7740E-01 0.2618
0.1144 0.7868E-01
123.0 0.1579E-02
0.1132 0.2479
0.1225 0.7182E-01
124.0 0.1708E-02
0.1406 0.2395
0.1239 0.6796E-01
125.0 0.1845E-02
0.1571 0.2367
0.1197 0.6881E-01
126.0 0.1981E-02
0.1623 0.2382
0.1116 0.7462E-01
127.0 0.2102E-02
0.1564 0.2425
0.1013 0.8445E-01
128.0 0.2198E-02
0.1410 0.2477
0.9027E-01 0.9655E-01
129.0 0.2259E-02
0.1178 0.2521
0.7972E-01 0.1087
130.0 0.2281E-02
0.8922E-01 0.2548
0.7076E-01 0.1185
131.0 0.2259E-02
0.5842E-01 0.2557
0.6448E-01 0.1238
132.0 0.2195E-02
0.2899E-01 0.2554
0.6200E-01 0.1230
133.0 0.2093E-02
0.5032E-02 0.2553
0.6446E-01 0.1149
134.0 0.1962E-02
-0.9078E-02 0.2572
0.7294E-01 0.9892E-01
135.0 0.1818E-02
-0.8967E-02 0.2631
0.8804E-01 0.7496E-01
136.0 0.1682E-02
0.8836E-02 0.2744
0.1092 0.4398E-01
137.0 0.1572E-02
0.4502E-01 0.2915
0.1335 0.8911E-02
138.0 0.1504E-02
0.9530E-01 0.3125
0.1558 -0.2491E-01
139.0 0.1487E-02
0.1502 0.3334
0.1701 -0.5116E-01
140.0 0.1518E-02
0.1987 0.3498
0.1723 -0.6556E-01
141.0 0.1589E-02
0.2334 0.3591
0.1627 -0.6777E-01
142.0 0.1684E-02
0.2521 0.3611
0.1444 -0.6071E-01
143.0 0.1782E-02
0.2571 0.3578
0.1213 -0.4835E-01
144.0 0.1865E-02
0.2518 0.3515
0.9632E-01 -0.3419E-01
145.0 0.1914E-02
0.2393 0.3441
0.7092E-01 -0.2087E-01
146.0 0.1918E-02
0.2220 0.3368
0.4549E-01 -0.1055E-01
147.0 0.1873E-02
0.2015 0.3306
0.1976E-01 -0.5365E-02
148.0 0.1784E-02
0.1792 0.3261
-0.6654E-02 -0.7700E-02
149.0 0.1664E-02
0.1567 0.3246
-0.3373E-01 -0.2032E-01
150.0 0.1528E-02
0.1361 0.3277
-0.6048E-01 -0.4612E-01
151.0 0.1397E-02
0.1209 0.3376
-0.8425E-01 -0.8714E-01
152.0 0.1291E-02
0.1152 0.3556
-0.1004 -0.1425
153.0 0.1231E-02
0.1230 0.3804
-0.1034 -0.2057
154.0 0.1230E-02
0.1455 0.4074
-0.9055E-01 -0.2641
155.0 0.1296E-02
0.1795 0.4294
-0.6526E-01 -0.3049
156.0 0.1426E-02
0.2186 0.4414
-0.3561E-01 -0.3230
157.0 0.1609E-02
0.2573 0.4423
-0.9093E-02 -0.3219
158.0 0.1830E-02
0.2924 0.4337
0.1056E-01 -0.3089
159.0 0.2069E-02
0.3222 0.4178
0.2298E-01 -0.2902
160.0 0.2305E-02
0.3460 0.3967
0.2940E-01 -0.2695
161.0 0.2520E-02
0.3632 0.3721
0.3152E-01 -0.2486
162.0 0.2696E-02
0.3730 0.3450
0.3083E-01 -0.2280
163.0 0.2823E-02
0.3745 0.3158
0.2851E-01 -0.2076
164.0 0.2898E-02
0.3666 0.2849
0.2544E-01 -0.1869
165.0 0.2922E-02
0.3477 0.2525
0.2230E-01 -0.1657
166.0 0.2905E-02
0.3165 0.2191
0.1966E-01 -0.1436
167.0 0.2857E-02
0.2719 0.1857
0.1804E-01 -0.1207
168.0 0.2790E-02
0.2140 0.1537
0.1788E-01 -0.9732E-01
169.0 0.2715E-02
0.1443 0.1253
0.1949E-01 -0.7429E-01
170.0 0.2643E-02
0.6625E-01 0.1026
0.2293E-01 -0.5273E-01
171.0 0.2581E-02
-0.1464E-01 0.8795E-01
0.2785E-01 -0.3392E-01
172.0 0.2533E-02
-0.9125E-01 0.8322E-01
0.3347E-01 -0.1891E-01
173.0 0.2497E-02
-0.1560 0.8910E-01
0.3867E-01 -0.8137E-02
174.0 0.2470E-02
-0.2023 0.1048
0.4223E-01 -0.1379E-02
175.0 0.2449E-02
-0.2254 0.1280
0.4307E-01 0.2072E-02
176.0 0.2431E-02
-0.2226 0.1550
0.4051E-01 0.3106E-02
177.0 0.2418E-02
-0.1943 0.1817
0.3433E-01 0.2623E-02
178.0 0.2409E-02
-0.1435 0.2039
0.2492E-01 0.1476E-02
179.0 0.2404E-02
-0.7613E-01 0.2186
0.1309E-01 0.4194E-03
180.0 0.2403E-02
0.000 0.2237
0.000 0.000
