0.000 0.6189E-02
0.000 -0.5233
0.000 0.000
1.000 0.6291E-02
-0.5438E-01 -0.5257
-0.3114E-01 -0.8421E-03
2.000 0.6573E-02
-0.8857E-01 -0.5315
-0.5426E-01 -0.3258E-02
3.000 0.6967E-02
-0.9365E-01 -0.5369
-0.6563E-01 -0.6972E-02
4.000 0.7377E-02
-0.7321E-01 -0.5389
-0.6635E-01 -0.1164E-01
5.000 0.7707E-02
-0.3726E-01 -0.5356
-0.6005E-01 -0.1690E-01
6.000 0.7877E-02
0.3644E-02 -0.5267
-0.5080E-01 -0.2235E-01
7.000 0.7840E-02
0.4119E-01 -0.5129
-0.4206E-01 -0.2749E-01
8.000 0.7583E-02
0.6985E-01 -0.4953
-0.3646E-01 -0.3170E-01
9.000 0.7128E-02
0.8652E-01 -0.4756
-0.3590E-01 -0.3426E-01
10.00 0.6517E-02
0.8999E-01 -0.4554
-0.4163E-01 -0.3439E-01
11.00 0.5805E-02
0.8038E-01 -0.4366
-0.5421E-01 -0.3150E-01
12.00 0.5049E-02
0.5872E-01 -0.4211
-0.7342E-01 -0.2546E-01
13.00 0.4303E-02
0.2673E-01 -0.4108
-0.9801E-01 -0.1721E-01
14.00 0.3613E-02
-0.1309E-01 -0.4074
-0.1253 -0.9351E-02
15.00 0.3012E-02
-0.5715E-01 -0.4123
-0.1510 -0.6674E-02
16.00 0.2523E-02
-0.1004 -0.4261
-0.1692 -0.1570E-01
17.00 0.2153E-02
-0.1366 -0.4477
-0.1740 -0.4236E-01
18.00 0.1896E-02
-0.1607 -0.4739
-0.1625 -0.8773E-01
19.00 0.1733E-02
-0.1716 -0.5000
-0.1373 -0.1451
20.00 0.1642E-02
-0.1731 -0.5221
-0.1063 -0.2023
21.00 0.1597E-02
-0.1713 -0.5385
-0.7762E-01 -0.2485
22.00 0.1575E-02
-0.1716 -0.5493
-0.5649E-01 -0.2786
23.00 0.1555E-02
-0.1773 -0.5556
-0.4410E-01 -0.2930
24.00 0.1524E-02
-0.1898 -0.5586
-0.3912E-01 -0.2950
25.00 0.1476E-02
-0.2098 -0.5594
-0.3928E-01 -0.2884
26.00 0.1407E-02
-0.2376 -0.5593
-0.4235E-01 -0.2766
27.00 0.1317E-02
-0.2730 -0.5590
-0.4657E-01 -0.2621
28.00 0.1212E-02
-0.3154 -0.5597
-0.5089E-01 -0.2466
29.00 0.1095E-02
-0.3629 -0.5620
-0.5494E-01 -0.2317
30.00 0.9732E-03
-0.4124 -0.5662
-0.5889E-01 -0.2186
31.00 0.8529E-03
-0.4600 -0.5721
-0.6329E-01 -0.2083
32.00 0.7392E-03
-0.5009 -0.5790
-0.6874E-01 -0.2014
33.00 0.6364E-03
-0.5305 -0.5859
-0.7565E-01 -0.1983
34.00 0.5473E-03
-0.5461 -0.5914
-0.8416E-01 -0.1986
35.00 0.4725E-03
-0.5476 -0.5950
-0.9428E-01 -0.2013
36.00 0.4113E-03
-0.5389 -0.5974
-0.1063 -0.2050
37.00 0.3615E-03
-0.5265 -0.6006
-0.1209 -0.2082
38.00 0.3209E-03
-0.5169 -0.6076
-0.1390 -0.2105
39.00 0.2878E-03
-0.5125 -0.6206
-0.1608 -0.2124
40.00 0.2611E-03
-0.5100 -0.6391
-0.1848 -0.2155
41.00 0.2407E-03
-0.5012 -0.6594
-0.2075 -0.2216
42.00 0.2264E-03
-0.4771 -0.6749
-0.2240 -0.2316
43.00 0.2178E-03
-0.4332 -0.6794
-0.2301 -0.2442
44.00 0.2137E-03
-0.3725 -0.6701
-0.2242 -0.2564
45.00 0.2124E-03
-0.3035 -0.6490
-0.2081 -0.2649
46.00 0.2118E-03
-0.2349 -0.6206
-0.1852 -0.2678
47.00 0.2106E-03
-0.1724 -0.5898
-0.1589 -0.2650
48.00 0.2079E-03
-0.1182 -0.5597
-0.1318 -0.2576
49.00 0.2039E-03
-0.7227E-01 -0.5325
-0.1057 -0.2473
50.00 0.1991E-03
-0.3395E-01 -0.5095
-0.8219E-01 -0.2359
51.00 0.1940E-03
-0.2926E-02 -0.4918
-0.6240E-01 -0.2247
52.00 0.1889E-03
0.2071E-01 -0.4808
-0.4700E-01 -0.2145
53.00 0.1839E-03
0.3683E-01 -0.4774
-0.3586E-01 -0.2052
54.00 0.1786E-03
0.4569E-01 -0.4819
-0.2811E-01 -0.1963
55.00 0.1724E-03
0.4795E-01 -0.4935
-0.2232E-01 -0.1871
56.00 0.1650E-03
0.4443E-01 -0.5111
-0.1692E-01 -0.1773
57.00 0.1561E-03
0.3574E-01 -0.5326
-0.1051E-01 -0.1667
58.00 0.1459E-03
0.2198E-01 -0.5563
-0.1972E-02 -0.1557
59.00 0.1347E-03
0.2818E-02 -0.5806
0.9539E-02 -0.1445
60.00 0.1229E-03
-0.2226E-01 -0.6043
0.2468E-01 -0.1336
61.00 0.1112E-03
-0.5339E-01 -0.6268
0.4400E-01 -0.1234
62.00 0.9983E-04
-0.8971E-01 -0.6477
0.6793E-01 -0.1146
63.00 0.8932E-04
-0.1289 -0.6667
0.9659E-01 -0.1081
64.00 0.7992E-04
-0.1673 -0.6831
0.1295 -0.1051
65.00 0.7177E-04
-0.2004 -0.6959
0.1651 -0.1069
66.00 0.6487E-04
-0.2244 -0.7040
0.2011 -0.1142
67.00 0.5908E-04
-0.2377 -0.7069
0.2346 -0.1269
68.00 0.5418E-04
-0.2413 -0.7054
0.2631 -0.1435
69.00 0.4992E-04
-0.2389 -0.7008
0.2853 -0.1620
70.00 0.4607E-04
-0.2348 -0.6949
0.3013 -0.1801
71.00 0.4246E-04
-0.2330 -0.6889
0.3119 -0.1961
72.00 0.3899E-04
-0.2365 -0.6837
0.3186 -0.2092
73.00 0.3563E-04
-0.2468 -0.6790
0.3231 -0.2193
74.00 0.3241E-04
-0.2645 -0.6743
0.3264 -0.2270
75.00 0.2939E-04
-0.2896 -0.6685
0.3298 -0.2333
76.00 0.2661E-04
-0.3218 -0.6606
0.3341 -0.2392
77.00 0.2412E-04
-0.3600 -0.6495
0.3399 -0.2459
78.00 0.2193E-04
-0.4027 -0.6344
0.3477 -0.2541
79.00 0.2001E-04
-0.4474 -0.6145
0.3577 -0.2645
80.00 0.1833E-04
-0.4909 -0.5895
0.3697 -0.2771
81.00 0.1684E-04
-0.5301 -0.5597
0.3829 -0.2920
82.00 0.1548E-04
-0.5621 -0.5256
0.3962 -0.3087
83.00 0.1420E-04
-0.5854 -0.4884
0.4083 -0.3265
84.00 0.1296E-04
-0.5994 -0.4497
0.4180 -0.3443
85.00 0.1174E-04
-0.6043 -0.4108
0.4247 -0.3611
86.00 0.1056E-04
-0.6009 -0.3732
0.4280 -0.3760
87.00 0.9413E-05
-0.5897 -0.3376
0.4279 -0.3886
88.00 0.8337E-05
-0.5714 -0.3046
0.4247 -0.3989
89.00 0.7344E-05
-0.5470 -0.2740
0.4190 -0.4073
90.00 0.6438E-05
-0.5179 -0.2453
0.4114 -0.4140
91.00 0.5613E-05
-0.4859 -0.2179
0.4027 -0.4194
92.00 0.4861E-05
-0.4527 -0.1916
0.3934 -0.4237
93.00 0.4175E-05
-0.4191 -0.1674
0.3836 -0.4264
94.00 0.3554E-05
-0.3851 -0.1475
0.3724 -0.4266
95.00 0.3002E-05
-0.3495 -0.1360
0.3578 -0.4222
96.00 0.2527E-05
-0.3105 -0.1388
0.3373 -0.4102
97.00 0.2139E-05
-0.2660 -0.1623
0.3077 -0.3876
98.00 0.1843E-05
-0.2147 -0.2106
0.2658 -0.3531
99.00 0.1639E-05
-0.1576 -0.2810
0.2100 -0.3089
100.0 0.1521E-05
-0.9961E-01 -0.3609
0.1410 -0.2613
101.0 0.1478E-05
-0.4964E-01 -0.4316
0.6319E-01 -0.2176
102.0 0.1496E-05
-0.1635E-01 -0.4773
-0.1760E-01 -0.1827
103.0 0.1558E-05
-0.4218E-02 -0.4915
-0.9592E-01 -0.1581
104.0 0.1648E-05
-0.1212E-01 -0.4761
-0.1685 -0.1429
105.0 0.1750E-05
-0.3481E-01 -0.4366
-0.2340 -0.1352
106.0 0.1853E-05
-0.6538E-01 -0.3789
-0.2922 -0.1332
107.0 0.1949E-05
-0.9718E-01 -0.3077
-0.3428 -0.1363
108.0 0.2039E-05
-0.1251 -0.2271
-0.3845 -0.1445
109.0 0.2127E-05
-0.1461 -0.1421
-0.4154 -0.1588
110.0 0.2222E-05
-0.1600 -0.5822E-01
-0.4334 -0.1797
111.0 0.2334E-05
-0.1691 0.1810E-01
-0.4381 -0.2063
112.0 0.2464E-05
-0.1772 0.8172E-01
-0.4311 -0.2356
113.0 0.2610E-05
-0.1887 0.1299
-0.4160 -0.2643
114.0 0.2761E-05
-0.2065 0.1625
-0.3970 -0.2891
115.0 0.2907E-05
-0.2318 0.1808
-0.3776 -0.3088
116.0 0.3042E-05
-0.2642 0.1862
-0.3596 -0.3229
117.0 0.3167E-05
-0.3013 0.1801
-0.3436 -0.3319
118.0 0.3287E-05
-0.3392 0.1636
-0.3288 -0.3366
119.0 0.3411E-05
-0.3725 0.1380
-0.3137 -0.3381
120.0 0.3546E-05
-0.3950 0.1061
-0.2968 -0.3379
121.0 0.3690E-05
-0.4018 0.7152E-01
-0.2774 -0.3379
122.0 0.3832E-05
-0.3905 0.3843E-01
-0.2556 -0.3396
123.0 0.3951E-05
-0.3620 0.1065E-01
-0.2324 -0.3442
124.0 0.4020E-05
-0.3199 -0.9023E-02
-0.2090 -0.3520
125.0 0.4016E-05
-0.2697 -0.1905E-01
-0.1864 -0.3631
126.0 0.3924E-05
-0.2181 -0.1895E-01
-0.1655 -0.3775
127.0 0.3742E-05
-0.1728 -0.9149E-02
-0.1467 -0.3951
128.0 0.3481E-05
-0.1422 0.9119E-02
-0.1303 -0.4157
129.0 0.3167E-05
-0.1357 0.3360E-01
-0.1166 -0.4386
130.0 0.2831E-05
-0.1623 0.6063E-01
-0.1056 -0.4625
131.0 0.2509E-05
-0.2287 0.8473E-01
-0.9742E-01 -0.4854
132.0 0.2233E-05
-0.3329 0.9874E-01
-0.9242E-01 -0.5048
133.0 0.2031E-05
-0.4582 0.9584E-01
-0.9137E-01 -0.5186
134.0 0.1918E-05
-0.5723 0.7386E-01
-0.9542E-01 -0.5255
135.0 0.1893E-05
-0.6406 0.3861E-01
-0.1053 -0.5262
136.0 0.1941E-05
-0.6481 0.1444E-02
-0.1206 -0.5232
137.0 0.2035E-05
-0.6048 -0.2770E-01
-0.1397 -0.5194
138.0 0.2139E-05
-0.5329 -0.4443E-01
-0.1611 -0.5166
139.0 0.2216E-05
-0.4518 -0.4880E-01
-0.1838 -0.5159
140.0 0.2239E-05
-0.3735 -0.4253E-01
-0.2071 -0.5169
141.0 0.2194E-05
-0.3029 -0.2699E-01
-0.2301 -0.5192
142.0 0.2087E-05
-0.2414 -0.2713E-02
-0.2514 -0.5225
143.0 0.1942E-05
-0.1896 0.3021E-01
-0.2679 -0.5274
144.0 0.1799E-05
-0.1504 0.7042E-01
-0.2758 -0.5351
145.0 0.1697E-05
-0.1301 0.1128
-0.2727 -0.5468
146.0 0.1671E-05
-0.1370 0.1473
-0.2609 -0.5614
147.0 0.1741E-05
-0.1743 0.1634
-0.2492 -0.5744
148.0 0.1906E-05
-0.2355 0.1571
-0.2477 -0.5806
149.0 0.2151E-05
-0.3086 0.1321
-0.2606 -0.5772
150.0 0.2448E-05
-0.3829 0.9504E-01
-0.2859 -0.5642
151.0 0.2766E-05
-0.4515 0.5123E-01
-0.3185 -0.5425
152.0 0.3078E-05
-0.5098 0.3597E-02
-0.3529 -0.5128
153.0 0.3362E-05
-0.5535 -0.4644E-01
-0.3837 -0.4754
154.0 0.3610E-05
-0.5780 -0.9804E-01
-0.4052 -0.4311
155.0 0.3822E-05
-0.5773 -0.1503
-0.4124 -0.3816
156.0 0.4010E-05
-0.5460 -0.2017
-0.4007 -0.3297
157.0 0.4190E-05
-0.4802 -0.2500
-0.3675 -0.2794
158.0 0.4377E-05
-0.3803 -0.2925
-0.3135 -0.2353
159.0 0.4585E-05
-0.2526 -0.3267
-0.2428 -0.2017
160.0 0.4815E-05
-0.1088 -0.3509
-0.1626 -0.1814
161.0 0.5060E-05
0.3613E-01 -0.3654
-0.8123E-01 -0.1758
162.0 0.5305E-05
0.1667 -0.3720
-0.6446E-02 -0.1838
163.0 0.5528E-05
0.2696 -0.3740
0.5615E-01 -0.2028
164.0 0.5707E-05
0.3337 -0.3754
0.1033 -0.2289
165.0 0.5832E-05
0.3503 -0.3802
0.1337 -0.2575
166.0 0.5913E-05
0.3126 -0.3920
0.1472 -0.2838
167.0 0.5978E-05
0.2175 -0.4133
0.1443 -0.3028
168.0 0.6079E-05
0.6946E-01 -0.4443
0.1266 -0.3092
169.0 0.6274E-05
-0.1141 -0.4819
0.9743E-01 -0.2992
170.0 0.6624E-05
-0.3029 -0.5202
0.6251E-01 -0.2720
171.0 0.7171E-05
-0.4624 -0.5523
0.2856E-01 -0.2311
172.0 0.7936E-05
-0.5671 -0.5735
0.1127E-02 -0.1837
173.0 0.8903E-05
-0.6088 -0.5831
-0.1718E-01 -0.1370
174.0 0.1003E-04
-0.5944 -0.5832
-0.2669E-01 -0.9622E-01
175.0 0.1123E-04
-0.5377 -0.5774
-0.2930E-01 -0.6350E-01
176.0 0.1241E-04
-0.4527 -0.5690
-0.2721E-01 -0.3877E-01
177.0 0.1346E-04
-0.3503 -0.5605
-0.2222E-01 -0.2101E-01
178.0 0.1430E-04
-0.2378 -0.5535
-0.1555E-01 -0.9104E-02
179.0 0.1483E-04
-0.1200 -0.5489
-0.7971E-02 -0.2244E-02
180.0 0.1502E-04
0.000 -0.5474
0.000 0.000
