0.000 18.91
0.000 -0.1815
0.000 0.000
1.000 18.84
0.3893E-01 -0.1753
-0.2608E-01 -0.1759E-02
2.000 18.59
0.7597E-01 -0.1579
-0.4964E-01 -0.6740E-02
3.000 18.07
0.1098 -0.1317
-0.6883E-01 -0.1418E-01
4.000 17.19
0.1399 -0.9964E-01
-0.8281E-01 -0.2313E-01
5.000 15.85
0.1666 -0.6445E-01
-0.9160E-01 -0.3269E-01
6.000 14.02
0.1905 -0.2776E-01
-0.9572E-01 -0.4217E-01
7.000 11.77
0.2124 0.9950E-02
-0.9576E-01 -0.5107E-01
8.000 9.259
0.2322 0.4945E-01
-0.9193E-01 -0.5887E-01
9.000 6.727
0.2483 0.9291E-01
-0.8360E-01 -0.6472E-01
10.00 4.441
0.2534 0.1441
-0.6823E-01 -0.6637E-01
11.00 2.640
0.2228 0.2068
-0.3913E-01 -0.5738E-01
12.00 1.482
0.8619E-01 0.2678
0.1465E-01 -0.2199E-01
13.00 1.008
-0.2011 0.2430
0.7207E-01 0.4209E-01
14.00 1.128
-0.3317 0.1151
0.5537E-01 0.5816E-01
15.00 1.658
-0.2336 0.4444E-01
0.7258E-02 0.2502E-01
16.00 2.357
-0.1139 0.3332E-01
-0.2377E-01 -0.6620E-02
17.00 2.995
-0.2127E-01 0.4360E-01
-0.4065E-01 -0.2863E-01
18.00 3.402
0.5092E-01 0.6073E-01
-0.5032E-01 -0.4387E-01
19.00 3.496
0.1122 0.8049E-01
-0.5647E-01 -0.5468E-01
20.00 3.286
0.1694 0.1017
-0.6078E-01 -0.6210E-01
21.00 2.852
0.2267 0.1237
-0.6376E-01 -0.6611E-01
22.00 2.309
0.2861 0.1449
-0.6483E-01 -0.6563E-01
23.00 1.770
0.3459 0.1612
-0.6188E-01 -0.5842E-01
24.00 1.316
0.3967 0.1637
-0.5048E-01 -0.4143E-01
25.00 0.9868
0.4185 0.1388
-0.2458E-01 -0.1326E-01
26.00 0.7821
0.3896 0.7763E-01
0.1847E-01 0.2091E-01
27.00 0.6744
0.3128 -0.7802E-02
0.7107E-01 0.4899E-01
28.00 0.6256
0.2218 -0.9047E-01
0.1199 0.6254E-01
29.00 0.6003
0.1493 -0.1532
0.1579 0.6400E-01
30.00 0.5749
0.1065 -0.1955
0.1860 0.6086E-01
31.00 0.5392
0.9162E-01 -0.2224
0.2068 0.5960E-01
32.00 0.4940
0.1002 -0.2371
0.2211 0.6430E-01
33.00 0.4463
0.1285 -0.2389
0.2272 0.7680E-01
34.00 0.4046
0.1717 -0.2241
0.2218 0.9597E-01
35.00 0.3751
0.2214 -0.1898
0.2027 0.1168
36.00 0.3602
0.2660 -0.1386
0.1722 0.1314
37.00 0.3587
0.2954 -0.7928E-01
0.1369 0.1334
38.00 0.3665
0.3057 -0.2192E-01
0.1042 0.1213
39.00 0.3781
0.2992 0.2699E-01
0.7867E-01 0.9782E-01
40.00 0.3883
0.2806 0.6561E-01
0.6128E-01 0.6714E-01
41.00 0.3929
0.2540 0.9491E-01
0.5108E-01 0.3298E-01
42.00 0.3897
0.2223 0.1168
0.4644E-01 -0.1957E-02
43.00 0.3785
0.1872 0.1329
0.4578E-01 -0.3554E-01
44.00 0.3607
0.1497 0.1446
0.4775E-01 -0.6568E-01
45.00 0.3389
0.1115 0.1525
0.5116E-01 -0.8994E-01
46.00 0.3163
0.7457E-01 0.1570
0.5490E-01 -0.1055
47.00 0.2954
0.4212E-01 0.1586
0.5791E-01 -0.1098
48.00 0.2783
0.1784E-01 0.1580
0.5936E-01 -0.1014
49.00 0.2658
0.4799E-02 0.1562
0.5877E-01 -0.8128E-01
50.00 0.2578
0.4218E-02 0.1545
0.5623E-01 -0.5279E-01
51.00 0.2533
0.1497E-01 0.1538
0.5227E-01 -0.2087E-01
52.00 0.2510
0.3417E-01 0.1548
0.4762E-01 0.9711E-02
53.00 0.2494
0.5833E-01 0.1574
0.4299E-01 0.3550E-01
54.00 0.2472
0.8432E-01 0.1612
0.3888E-01 0.5467E-01
55.00 0.2434
0.1098 0.1657
0.3566E-01 0.6674E-01
56.00 0.2375
0.1333 0.1705
0.3356E-01 0.7204E-01
57.00 0.2293
0.1541 0.1753
0.3278E-01 0.7142E-01
58.00 0.2187
0.1719 0.1798
0.3345E-01 0.6589E-01
59.00 0.2062
0.1868 0.1840
0.3571E-01 0.5659E-01
60.00 0.1923
0.1990 0.1881
0.3967E-01 0.4467E-01
61.00 0.1774
0.2088 0.1923
0.4540E-01 0.3133E-01
62.00 0.1624
0.2167 0.1968
0.5290E-01 0.1777E-01
63.00 0.1476
0.2230 0.2020
0.6214E-01 0.5228E-02
64.00 0.1337
0.2280 0.2083
0.7295E-01 -0.5082E-02
65.00 0.1209
0.2322 0.2161
0.8509E-01 -0.1206E-01
66.00 0.1095
0.2361 0.2257
0.9819E-01 -0.1483E-01
67.00 0.9938E-01
0.2403 0.2373
0.1118 -0.1290E-01
68.00 0.9064E-01
0.2452 0.2509
0.1253 -0.6242E-02
69.00 0.8312E-01
0.2512 0.2661
0.1382 0.4678E-02
70.00 0.7669E-01
0.2582 0.2820
0.1497 0.1898E-01
71.00 0.7122E-01
0.2658 0.2977
0.1594 0.3552E-01
72.00 0.6656E-01
0.2734 0.3116
0.1668 0.5303E-01
73.00 0.6260E-01
0.2804 0.3227
0.1718 0.7037E-01
74.00 0.5920E-01
0.2860 0.3300
0.1743 0.8661E-01
75.00 0.5627E-01
0.2898 0.3328
0.1746 0.1011
76.00 0.5369E-01
0.2917 0.3313
0.1730 0.1136
77.00 0.5138E-01
0.2919 0.3260
0.1698 0.1241
78.00 0.4926E-01
0.2907 0.3176
0.1654 0.1324
79.00 0.4726E-01
0.2888 0.3073
0.1602 0.1389
80.00 0.4532E-01
0.2868 0.2961
0.1545 0.1434
81.00 0.4341E-01
0.2854 0.2849
0.1484 0.1461
82.00 0.4150E-01
0.2855 0.2743
0.1420 0.1467
83.00 0.3958E-01
0.2875 0.2648
0.1354 0.1450
84.00 0.3765E-01
0.2918 0.2563
0.1284 0.1408
85.00 0.3573E-01
0.2984 0.2485
0.1209 0.1339
86.00 0.3386E-01
0.3069 0.2407
0.1126 0.1240
87.00 0.3204E-01
0.3166 0.2319
0.1034 0.1110
88.00 0.3031E-01
0.3267 0.2210
0.9308E-01 0.9522E-01
89.00 0.2869E-01
0.3360 0.2070
0.8162E-01 0.7711E-01
90.00 0.2718E-01
0.3438 0.1887
0.6922E-01 0.5763E-01
91.00 0.2581E-01
0.3493 0.1656
0.5628E-01 0.3812E-01
92.00 0.2459E-01
0.3517 0.1374
0.4338E-01 0.2019E-01
93.00 0.2353E-01
0.3508 0.1044
0.3124E-01 0.5553E-02
94.00 0.2263E-01
0.3464 0.6756E-01
0.2062E-01 -0.4301E-02
95.00 0.2191E-01
0.3388 0.2813E-01
0.1219E-01 -0.8398E-02
96.00 0.2133E-01
0.3290 -0.1243E-01
0.6404E-02 -0.6531E-02
97.00 0.2089E-01
0.3184 -0.5275E-01
0.3426E-02 0.6834E-03
98.00 0.2054E-01
0.3084 -0.9182E-01
0.3106E-02 0.1195E-01
99.00 0.2026E-01
0.3005 -0.1290
0.5049E-02 0.2555E-01
100.0 0.1999E-01
0.2957 -0.1641
0.8717E-02 0.3968E-01
101.0 0.1971E-01
0.2941 -0.1971
0.1353E-01 0.5265E-01
102.0 0.1938E-01
0.2952 -0.2280
0.1897E-01 0.6305E-01
103.0 0.1898E-01
0.2979 -0.2569
0.2459E-01 0.6985E-01
104.0 0.1849E-01
0.3007 -0.2835
0.3007E-01 0.7244E-01
105.0 0.1790E-01
0.3021 -0.3076
0.3522E-01 0.7065E-01
106.0 0.1721E-01
0.3006 -0.3287
0.3993E-01 0.6479E-01
107.0 0.1643E-01
0.2950 -0.3461
0.4419E-01 0.5562E-01
108.0 0.1556E-01
0.2845 -0.3592
0.4803E-01 0.4431E-01
109.0 0.1463E-01
0.2685 -0.3672
0.5149E-01 0.3234E-01
110.0 0.1367E-01
0.2465 -0.3693
0.5462E-01 0.2137E-01
111.0 0.1270E-01
0.2185 -0.3653
0.5741E-01 0.1306E-01
112.0 0.1175E-01
0.1848 -0.3551
0.5979E-01 0.8819E-02
113.0 0.1084E-01
0.1459 -0.3396
0.6163E-01 0.9575E-02
114.0 0.9993E-02
0.1035 -0.3205
0.6272E-01 0.1552E-01
115.0 0.9219E-02
0.5919E-01 -0.3002
0.6284E-01 0.2599E-01
116.0 0.8522E-02
0.1540E-01 -0.2818
0.6181E-01 0.3953E-01
117.0 0.7903E-02
-0.2570E-01 -0.2682
0.5963E-01 0.5411E-01
118.0 0.7364E-02
-0.6232E-01 -0.2615
0.5657E-01 0.6751E-01
119.0 0.6907E-02
-0.9338E-01 -0.2626
0.5326E-01 0.7777E-01
120.0 0.6535E-02
-0.1186 -0.2708
0.5076E-01 0.8371E-01
121.0 0.6252E-02
-0.1384 -0.2836
0.5042E-01 0.8532E-01
122.0 0.6061E-02
-0.1535 -0.2971
0.5361E-01 0.8390E-01
123.0 0.5966E-02
-0.1644 -0.3073
0.6130E-01 0.8184E-01
124.0 0.5967E-02
-0.1713 -0.3106
0.7364E-01 0.8192E-01
125.0 0.6061E-02
-0.1741 -0.3056
0.8978E-01 0.8646E-01
126.0 0.6239E-02
-0.1728 -0.2928
0.1080 0.9651E-01
127.0 0.6490E-02
-0.1673 -0.2747
0.1261 0.1117
128.0 0.6790E-02
-0.1584 -0.2545
0.1421 0.1303
129.0 0.7111E-02
-0.1471 -0.2355
0.1545 0.1503
130.0 0.7415E-02
-0.1346 -0.2202
0.1627 0.1696
131.0 0.7659E-02
-0.1219 -0.2101
0.1665 0.1868
132.0 0.7803E-02
-0.1100 -0.2055
0.1663 0.2009
133.0 0.7812E-02
-0.9970E-01 -0.2060
0.1626 0.2116
134.0 0.7667E-02
-0.9185E-01 -0.2108
0.1560 0.2188
135.0 0.7367E-02
-0.8738E-01 -0.2184
0.1469 0.2224
136.0 0.6933E-02
-0.8761E-01 -0.2270
0.1357 0.2222
137.0 0.6403E-02
-0.9426E-01 -0.2341
0.1227 0.2177
138.0 0.5828E-02
-0.1094 -0.2368
0.1085 0.2077
139.0 0.5264E-02
-0.1350 -0.2318
0.9424E-01 0.1913
140.0 0.4759E-02
-0.1717 -0.2161
0.8138E-01 0.1674
141.0 0.4347E-02
-0.2177 -0.1888
0.7206E-01 0.1363
142.0 0.4045E-02
-0.2682 -0.1521
0.6828E-01 0.1004
143.0 0.3847E-02
-0.3159 -0.1120
0.7094E-01 0.6334E-01
144.0 0.3732E-02
-0.3547 -0.7548E-01
0.7920E-01 0.2968E-01
145.0 0.3667E-02
-0.3813 -0.4837E-01
0.9076E-01 0.2446E-02
146.0 0.3613E-02
-0.3964 -0.3312E-01
0.1027 -0.1728E-01
147.0 0.3540E-02
-0.4028 -0.2923E-01
0.1123 -0.3005E-01
148.0 0.3424E-02
-0.4037 -0.3441E-01
0.1171 -0.3711E-01
149.0 0.3260E-02
-0.4017 -0.4552E-01
0.1147 -0.3973E-01
150.0 0.3059E-02
-0.3981 -0.5886E-01
0.1029 -0.3878E-01
151.0 0.2843E-02
-0.3923 -0.7021E-01
0.7984E-01 -0.3469E-01
152.0 0.2647E-02
-0.3824 -0.7498E-01
0.4513E-01 -0.2766E-01
153.0 0.2504E-02
-0.3659 -0.6930E-01
0.1970E-02 -0.1820E-01
154.0 0.2438E-02
-0.3409 -0.5223E-01
-0.4182E-01 -0.7744E-02
155.0 0.2463E-02
-0.3089 -0.2738E-01
-0.7590E-01 0.1317E-02
156.0 0.2570E-02
-0.2740 -0.1448E-02
-0.9275E-01 0.6553E-02
157.0 0.2732E-02
-0.2407 0.1963E-01
-0.9118E-01 0.6603E-02
158.0 0.2909E-02
-0.2121 0.3327E-01
-0.7501E-01 0.1354E-02
159.0 0.3053E-02
-0.1886 0.3988E-01
-0.4939E-01 -0.8668E-02
160.0 0.3119E-02
-0.1695 0.4133E-01
-0.1850E-01 -0.2296E-01
161.0 0.3076E-02
-0.1534 0.3973E-01
0.1498E-01 -0.4140E-01
162.0 0.2914E-02
-0.1390 0.3688E-01
0.4929E-01 -0.6436E-01
163.0 0.2646E-02
-0.1248 0.3417E-01
0.8268E-01 -0.9269E-01
164.0 0.2310E-02
-0.1092 0.3252E-01
0.1121 -0.1274
165.0 0.1954E-02
-0.9072E-01 0.3215E-01
0.1314 -0.1689
166.0 0.1632E-02
-0.6860E-01 0.3216E-01
0.1296 -0.2143
167.0 0.1389E-02
-0.4420E-01 0.2997E-01
0.9317E-01 -0.2545
168.0 0.1253E-02
-0.2287E-01 0.2219E-01
0.1755E-01 -0.2733
169.0 0.1228E-02
-0.1149E-01 0.8008E-02
-0.7827E-01 -0.2601
170.0 0.1292E-02
-0.1211E-01 -0.9087E-02
-0.1621 -0.2217
171.0 0.1408E-02
-0.2073E-01 -0.2464E-01
-0.2162 -0.1753
172.0 0.1531E-02
-0.3234E-01 -0.3662E-01
-0.2426 -0.1329
173.0 0.1617E-02
-0.4391E-01 -0.4519E-01
-0.2508 -0.9855E-01
174.0 0.1637E-02
-0.5408E-01 -0.5134E-01
-0.2482 -0.7177E-01
175.0 0.1582E-02
-0.6205E-01 -0.5611E-01
-0.2387 -0.5086E-01
176.0 0.1464E-02
-0.6656E-01 -0.6036E-01
-0.2223 -0.3421E-01
177.0 0.1311E-02
-0.6528E-01 -0.6464E-01
-0.1954 -0.2074E-01
178.0 0.1161E-02
-0.5472E-01 -0.6900E-01
-0.1513 -0.1004E-01
179.0 0.1054E-02
-0.3213E-01 -0.7262E-01
-0.8467E-01 -0.2694E-02
180.0 0.1014E-02
0.000 -0.7409E-01
0.000 0.000
