0.0000 2.7074
0.50000 2.6998
1.0000 2.6775
1.5000 2.6415
2.0000 2.5938
2.5000 2.5367
3.0000 2.4730
3.5000 2.4056
4.0000 2.3373
4.5000 2.2707
5.0000 2.2081
5.5000 2.1509
6.0000 2.1000
6.5000 2.0557
7.0000 2.0176
7.5000 1.9845
8.0000 1.9550
8.5000 1.9273
9.0000 1.8993
9.5000 1.8693
10.000 1.8353
10.500 1.7962
11.000 1.7508
11.500 1.6990
12.000 1.6407
12.500 1.5766
13.000 1.5077
13.500 1.4355
14.000 1.3616
14.500 1.2875
15.000 1.2150
15.500 1.1453
16.000 1.0797
16.500 1.0189
17.000 0.96327
17.500 0.91289
18.000 0.86741
18.500 0.82622
19.000 0.78853
19.500 0.75343
20.000 0.72002
20.500 0.68747
21.000 0.65512
21.500 0.62252
22.000 0.58948
22.500 0.55605
23.000 0.52251
23.500 0.48934
24.000 0.45714
24.500 0.42658
25.000 0.39831
25.500 0.37294
26.000 0.35089
26.500 0.33246
27.000 0.31772
27.500 0.30654
28.000 0.29860
28.500 0.29342
29.000 0.29040
29.500 0.28886
30.000 0.28813
30.500 0.28758
31.000 0.28666
31.500 0.28496
32.000 0.28221
32.500 0.27831
33.000 0.27330
33.500 0.26737
34.000 0.26080
34.500 0.25394
35.000 0.24717
35.500 0.24085
36.000 0.23527
36.500 0.23065
37.000 0.22712
37.500 0.22467
38.000 0.22318
38.500 0.22246
39.000 0.22220
39.500 0.22209
40.000 0.22176
40.500 0.22088
41.000 0.21916
41.500 0.21638
42.000 0.21241
42.500 0.20721
43.000 0.20085
43.500 0.19349
44.000 0.18534
44.500 0.17670
45.000 0.16788
45.500 0.15919
46.000 0.15091
46.500 0.14330
47.000 0.13654
47.500 0.13074
48.000 0.12594
48.500 0.12210
49.000 0.11910
49.500 0.11679
50.000 0.11498
50.500 0.11345
51.000 0.11200
51.500 0.11044
52.000 0.10863
52.500 0.10645
53.000 0.10386
53.500 0.10086
54.000 0.97506E-01
54.500 0.93886E-01
55.000 0.90130E-01
55.500 0.86383E-01
56.000 0.82794E-01
56.500 0.79502E-01
57.000 0.76625E-01
57.500 0.74251E-01
58.000 0.72429E-01
58.500 0.71167E-01
59.000 0.70435E-01
59.500 0.70165E-01
60.000 0.70260E-01
60.500 0.70602E-01
61.000 0.71063E-01
61.500 0.71513E-01
62.000 0.71832E-01
62.500 0.71921E-01
63.000 0.71701E-01
63.500 0.71125E-01
64.000 0.70177E-01
64.500 0.68871E-01
65.000 0.67247E-01
65.500 0.65368E-01
66.000 0.63312E-01
66.500 0.61166E-01
67.000 0.59017E-01
67.500 0.56946E-01
68.000 0.55020E-01
68.500 0.53292E-01
69.000 0.51791E-01
69.500 0.50527E-01
70.000 0.49490E-01
70.500 0.48651E-01
71.000 0.47965E-01
71.500 0.47380E-01
72.000 0.46837E-01
72.500 0.46279E-01
73.000 0.45654E-01
73.500 0.44919E-01
74.000 0.44044E-01
74.500 0.43013E-01
75.000 0.41826E-01
75.500 0.40496E-01
76.000 0.39050E-01
76.500 0.37523E-01
77.000 0.35958E-01
77.500 0.34399E-01
78.000 0.32890E-01
78.500 0.31471E-01
79.000 0.30172E-01
79.500 0.29018E-01
80.000 0.28021E-01
80.500 0.27181E-01
81.000 0.26489E-01
81.500 0.25928E-01
82.000 0.25473E-01
82.500 0.25094E-01
83.000 0.24758E-01
83.500 0.24435E-01
84.000 0.24096E-01
84.500 0.23717E-01
85.000 0.23280E-01
85.500 0.22776E-01
86.000 0.22201E-01
86.500 0.21561E-01
87.000 0.20866E-01
87.500 0.20132E-01
88.000 0.19379E-01
88.500 0.18628E-01
89.000 0.17901E-01
89.500 0.17217E-01
90.000 0.16594E-01
90.500 0.16044E-01
91.000 0.15574E-01
91.500 0.15188E-01
92.000 0.14884E-01
92.500 0.14653E-01
93.000 0.14486E-01
93.500 0.14368E-01
94.000 0.14283E-01
94.500 0.14216E-01
95.000 0.14150E-01
95.500 0.14071E-01
96.000 0.13966E-01
96.500 0.13827E-01
97.000 0.13647E-01
97.500 0.13424E-01
98.000 0.13159E-01
98.500 0.12857E-01
99.000 0.12525E-01
99.500 0.12172E-01
100.00 0.11809E-01
100.50 0.11447E-01
101.00 0.11101E-01
101.50 0.10780E-01
102.00 0.10496E-01
102.50 0.10258E-01
103.00 0.10073E-01
103.50 0.99465E-02
104.00 0.98789E-02
104.50 0.98695E-02
105.00 0.99140E-02
105.50 0.10005E-01
106.00 0.10133E-01
106.50 0.10287E-01
107.00 0.10451E-01
107.50 0.10612E-01
108.00 0.10754E-01
108.50 0.10864E-01
109.00 0.10931E-01
109.50 0.10943E-01
110.00 0.10897E-01
110.50 0.10790E-01
111.00 0.10626E-01
111.50 0.10412E-01
112.00 0.10160E-01
112.50 0.98879E-02
113.00 0.96129E-02
113.50 0.93558E-02
114.00 0.91366E-02
114.50 0.89740E-02
115.00 0.88829E-02
115.50 0.88736E-02
116.00 0.89504E-02
116.50 0.91107E-02
117.00 0.93449E-02
117.50 0.96369E-02
118.00 0.99649E-02
118.50 0.10303E-01
119.00 0.10622E-01
119.50 0.10894E-01
120.00 0.11094E-01
120.50 0.11201E-01
121.00 0.11199E-01
121.50 0.11084E-01
122.00 0.10859E-01
122.50 0.10537E-01
123.00 0.10140E-01
123.50 0.96984E-02
124.00 0.92458E-02
124.50 0.88198E-02
125.00 0.84573E-02
125.50 0.81912E-02
126.00 0.80478E-02
126.50 0.80440E-02
127.00 0.81859E-02
127.50 0.84670E-02
128.00 0.88695E-02
128.50 0.93641E-02
129.00 0.99133E-02
129.50 0.10474E-01
130.00 0.10999E-01
130.50 0.11447E-01
131.00 0.11779E-01
131.50 0.11966E-01
132.00 0.11992E-01
132.50 0.11854E-01
133.00 0.11565E-01
133.50 0.11152E-01
134.00 0.10652E-01
134.50 0.10115E-01
135.00 0.95937E-02
135.50 0.91421E-02
136.00 0.88104E-02
136.50 0.86401E-02
137.00 0.86603E-02
137.50 0.88845E-02
138.00 0.93094E-02
138.50 0.99141E-02
139.00 0.10662E-01
139.50 0.11504E-01
140.00 0.12381E-01
140.50 0.13231E-01
141.00 0.13994E-01
141.50 0.14615E-01
142.00 0.15052E-01
142.50 0.15281E-01
143.00 0.15294E-01
143.50 0.15104E-01
144.00 0.14741E-01
144.50 0.14254E-01
145.00 0.13702E-01
145.50 0.13152E-01
146.00 0.12674E-01
146.50 0.12330E-01
147.00 0.12171E-01
147.50 0.12235E-01
148.00 0.12537E-01
148.50 0.13073E-01
149.00 0.13816E-01
149.50 0.14721E-01
150.00 0.15725E-01
150.50 0.16760E-01
151.00 0.17750E-01
151.50 0.18625E-01
152.00 0.19326E-01
152.50 0.19810E-01
153.00 0.20056E-01
153.50 0.20067E-01
154.00 0.19871E-01
154.50 0.19517E-01
155.00 0.19078E-01
155.50 0.18634E-01
156.00 0.18274E-01
156.50 0.18085E-01
157.00 0.18141E-01
157.50 0.18498E-01
158.00 0.19186E-01
158.50 0.20210E-01
159.00 0.21540E-01
159.50 0.23118E-01
160.00 0.24864E-01
160.50 0.26676E-01
161.00 0.28444E-01
161.50 0.30057E-01
162.00 0.31418E-01
162.50 0.32448E-01
163.00 0.33101E-01
163.50 0.33365E-01
164.00 0.33272E-01
164.50 0.32891E-01
165.00 0.32333E-01
165.50 0.31736E-01
166.00 0.31263E-01
166.50 0.31082E-01
167.00 0.31360E-01
167.50 0.32243E-01
168.00 0.33846E-01
168.50 0.36242E-01
169.00 0.39450E-01
169.50 0.43434E-01
170.00 0.48102E-01
170.50 0.53308E-01
171.00 0.58863E-01
171.50 0.64543E-01
172.00 0.70111E-01
172.50 0.75325E-01
173.00 0.79964E-01
173.50 0.83838E-01
174.00 0.86804E-01
174.50 0.88779E-01
175.00 0.89743E-01
175.50 0.89744E-01
176.00 0.88893E-01
176.50 0.87355E-01
177.00 0.85336E-01
177.50 0.83072E-01
178.00 0.80802E-01
178.50 0.78757E-01
179.00 0.77137E-01
179.50 0.76100E-01
180.00 0.75742E-01
